-0.609618486933685,-0.460900231101259,0.525312292495771,-1.17304950760141,0.340808721717098,0.205957045712962,1.31917233840215,-0.843617239306044,1.56491494218934,-1.21419278093864
-0.779136976806608,0.48066050422745,-0.123255980347812,-0.580432778354618,0.0230669315889868,-0.620665424665422,-0.305747595530509,0.675582657346427,0.0815139490624591,0.171309822021372
-1.35398264993015,1.03741615172532,-1.25881234408522,0.258109845055306,-0.668767990285166,-0.149583909565505,0.186110626188775,1.72921830442462,-0.0805651890575372,-2.4560101721574
0.694847966039141,-0.265162473098074,-1.9257691966464,-0.676023328624905,-0.747798279529469,0.691047636719635,0.232867303039983,-0.507081282811981,0.863518257987676,-1.12131146494501
0.554697086771993,-1.65917507908657,-0.62601952914648,-0.639135437763456,0.14926017657998,0.144969797879838,-0.143953370599819,1.8991186722972,-0.280562595468194,2.05599761606135
0.320881979411613,0.670641795724922,0.817854018088867,-2.02212047479458,-0.114550407854303,-0.954830333861471,-0.621344164837454,-0.287672862230042,1.10669776803596,1.71751816518387
-0.435774875524163,0.384550796872908,-1.08382124256908,0.830804362640694,0.624596245787599,-0.997526752222845,0.0901746752598429,1.40648048247955,0.544243382868862,-3.14088378392241
0.281485236096076,0.657357371978016,0.0840786788865212,0.951184694211447,-0.694775342788208,1.44629543042215,-1.8380842025838,1.59158405001628,-1.74787277119888,1.22854121222159
1.16495554871672,1.27550708704329,-0.264898785891042,-1.59221046374026,-2.25830501059809,2.08214491497976,-2.73410344563632,1.22239820435008,-0.462210013091959,-1.66052772689978
-0.720310119991636,0.00383227814046257,-0.0173513321487854,0.776273260009934,0.251808293163112,0.0756905045254003,-0.114464835900995,0.833964478259428,1.14223691429336,0.205898924522229
0.0437752287334536,-0.963463769068618,1.52670352062889,0.212711350089732,1.16282241606817,-1.22187395971248,0.947296526528867,-1.54900584495635,-2.178905875981,-0.733070663834698
-1.09646228705444,-0.726267447926221,0.207884319533647,1.14768479962089,0.412379000767969,0.0566189812060828,0.966360396849865,-1.24877136990082,-1.47927868467734,0.099291003275398
-0.0465559865355395,-1.071687058587,-1.45654033597953,0.725233553888999,-0.477546686586799,-0.769574095601645,1.42783938295935,0.0355795687283647,0.0417615410264734,-1.5163948509898
-1.49213121997119,-2.86402966729331,-0.795565428303256,-2.14492325028125,-0.086417811099357,0.350620912781914,1.64628278932959,-0.960423310728555,-0.982387305092648,0.68876495461522
0.319411563183638,-0.522748050147642,0.7665076201619,0.539597718153797,0.588989729156333,-0.768586985005591,-0.488792336095804,-1.1726679400299,-2.48738106054004,-0.225329012249334
0.0688040294946173,-0.0502278251294183,-0.664022957635692,-0.408508220146144,0.234569462798836,-0.60217047650445,0.613894583106181,1.10398528735007,0.693723616598118,1.34274358977741
0.460163075935236,1.49181437793776,-0.751602323394596,0.0587092889290076,0.719965193246715,-1.05169851078732,-0.88292533490508,2.06959121045163,-0.96177183397561,-1.32292763787874
1.53028234569961,0.305040902326393,-0.740559335272047,0.613154797745953,0.0824817584050026,0.162824527674529,-1.13945175179578,-0.534549947696422,-0.933488142678961,-0.527935830465539
0.410967064365413,-0.636830252661799,0.750676864477101,0.533072278281298,0.868672913344173,-0.545682882815847,-1.62755661309319,-0.443348327614988,-3.28627525388481,1.21211494208332
0.591545621204583,-0.89025962190593,-0.730433790019214,1.026180554724,-0.639466301442424,-0.779436214586485,0.658743622453237,-0.743261350896163,0.0408916186400592,0.774795345557084
-0.183195326807465,-0.909299352487883,-0.870704440665133,1.67669178096253,-0.297038535022858,0.780106763302919,0.296265708100702,1.62286921326528,0.454230097734421,-0.553905234957392
0.83450898764924,1.81561466210805,-2.36304674575452,-0.375584120695207,-1.12519567803016,1.02681949298904,-1.85515180216572,2.08810068673929,0.409346589504303,-2.53309107914258
0.711464767162593,-0.565342257994481,-0.959415149415722,2.08245705478141,-1.01935402385193,0.341728356972223,-0.566746599523655,1.50304095696132,0.10136450272967,-0.337449283679947
1.18728028911352,2.45521911446904,-0.287389567288843,0.465915538587908,-1.08779925480236,0.797600069490112,-2.62162240091302,0.990060153130745,0.12547145233793,-3.81528877307922
-0.786719910725737,0.310171601855939,-1.19372721692709,-0.716250693117576,-0.691374285002439,-0.349824672754653,0.115400181721487,1.76255598850455,0.713057127647206,-2.19095116863278
0.535057018444512,1.02827615812412,0.468179266634238,0.415196969987445,0.160336665731968,0.305005573995079,-1.16181582706119,-0.0302263435952252,0.169851270495851,-0.464299818365945
-0.379481155004699,0.952744210893507,-0.3236557667235,-0.647752880844389,-1.18787224029325,0.75052002794368,0.469472985178896,0.798520121941821,0.985861673080271,-0.253473254064221
-0.568026089002923,0.310478852105561,-0.249847401719239,0.257805079839268,-1.51518927656328,0.869344217975406,0.750926500592258,0.47143828758643,1.5217465581407,-1.42184328536755
-0.0751774065779534,0.907887003167355,0.185265521453625,-1.73734577424885,-1.02436616421625,-0.0969354183840832,-0.291068165099864,-0.771722641378032,1.29826330503075,0.471429156969934
-0.0170370140786079,0.4347136243007,-0.512440486192975,0.407743944457081,0.395573603838043,-1.10198349568328,-0.687127370140682,-0.470456289304148,0.303692385357574,-1.00143108003693
0.667474482479369,1.4841580830022,-0.97279754983847,0.0264086744911699,-1.25637826563602,1.29785099137857,-1.3259870069418,1.2911238296218,1.49455161745563,-2.48457776353876
-0.479002858316211,0.773295514639747,1.3241249046856,-0.432219130092739,0.977047542087623,0.0493118647038297,-0.564410158172286,-0.204123450786099,-0.444487425470301,-1.02668432788448
-0.332366586888104,-0.890842997437805,0.677598706707583,-0.439184071253606,-0.290537255458541,0.178361782485005,2.21630793100732,-2.68036655551653,1.55283535668183,0.405189937526947
-0.198885871206278,-0.320414927039667,0.723951521334134,0.0552900151173587,0.533810964391014,-1.19312194819283,-0.702826651490616,0.420444394220258,-1.62670326598445,-0.532249412299614
-0.0705520705275356,0.825143618307257,-0.491515654818143,-2.57737102707274,0.107601741500705,0.4733967328172,-1.55072476888935,1.6444769362805,1.22058994107797,-1.85861994163557
-0.277912533905121,1.41103968388679,-0.68795855294784,-0.962034387759353,-1.30234572631677,2.1435452075252,-1.08905092080551,1.78423178988619,1.15956617917387,-0.514354288393605
0.200554210145032,-0.487018352554501,-0.0549621795663899,1.28094558045276,0.283169191882971,0.382440097772616,0.452258579768904,-0.0425122815337386,0.303482062463388,1.06327784888673
0.0658897735580256,0.786790492417277,-1.20272967948373,-0.484962289016735,-1.12757153077825,1.29711223403622,-1.77937679500372,0.65641820996324,-0.510177325272264,-3.69244383999022
-1.2945338984684,1.66939646954975,0.625816522034151,-0.04665754468815,0.871226397118738,-0.700087800078028,1.06003489408752,-0.101010401865279,1.73199281301054,-1.00114632160636
0.340489103834396,0.657445428690357,-1.21637594888375,0.0104771504646078,0.549428614501311,-0.0165043432419772,-0.512442401985029,1.53919574657315,-1.73342236039714,-0.913509230122819
-0.315792918559279,-0.32251801241132,0.66981958939965,-0.185435096747045,1.24624741578108,-0.786506112341938,-0.300047685756783,0.619129984670127,-1.09208562051812,3.12384739353338
-0.554868139546505,-0.530651187893001,-0.838119472990037,0.663129978142248,-2.12059532946379,1.08382606320567,0.466892710395027,1.2095060032401,2.47044414211681,0.312788213488303
0.416580650476862,0.738847541520663,0.00323562339670056,0.344768972105271,-0.88183421585699,1.4653466729451,0.765110414011836,-1.02602523119164,3.06771284381121,-1.82089917747781
0.0727077930243251,-1.58581560830393,-0.139691667957059,-1.28466374596308,0.0621169465819602,0.182238549863826,0.866749821408611,-0.507928253420818,-1.01205528669905,1.13872876209213
-1.15716061692936,2.32547298200571,0.404487130480557,-2.21293868510496,0.477570263546719,-0.43322093426049,-1.62889982641746,1.38307822819945,1.87594360961786,-0.167739685003492
0.290532393825787,-0.314534231586238,-0.0594489815663894,0.47595891115294,-1.34630164490459,1.49192046245489,-1.18332831474092,0.522188973590349,-1.63684161320267,1.1182474745891
1.07568129397555,-0.728177959776564,0.16651619668687,0.674699185297145,-0.455196745729105,1.02674967076915,-0.645046120739825,-0.968669419886511,0.394054548371572,0.546150821069162
-0.493797669963479,0.52974770715371,-0.150981002176723,-0.99388838885783,-0.144697347538211,1.98148627777025,0.740313147413534,-0.0919677356375811,1.0991248818475,0.0800211441431342
-0.101517883685218,-0.0628293756433609,0.927912660115713,-0.69872956865315,0.412146745839167,0.224143374554574,-1.62239381439695,1.70305456528598,-0.556783708220215,-1.2992667224656
0.497139427672583,0.137034285448215,0.600035805371416,-0.246855304934086,1.48525244670172,-1.15100089985066,0.373393969637162,-1.82513794178758,0.610612655396524,-0.206182479311802
0.132280978975245,0.209157350150524,-1.24676910600797,-0.698624760555423,-0.0805195052908965,0.0184461460854138,0.640540004192752,-0.0618931375078686,-0.244406243362643,-1.19656991561614
-0.676046836055407,2.66124851170931,2.4436701806042,0.129381302224154,1.60609917543835,-1.58843236001248,-1.2957864553252,0.459131528995457,0.0160769454062272,-1.20769249932654
0.132701294749586,-2.588788325074,-0.620976889621991,0.758771446581079,0.205331257913153,-0.582135657371366,2.06893353703323,-1.38803249121584,-0.544613461489443,1.41241925079156
-0.537472372066707,-3.11250655228921,-0.108715887694736,-1.33170230736834,-0.443632044497303,0.0812009550628859,2.94462116284937,-1.62922309014557,-0.668085802963264,3.70559238324457
-0.0626017410535646,-0.78918638164191,-1.7550222415914,-0.065057882948643,0.929529869232047,-0.332719258061445,2.51793010267975,-0.0992107372051026,-0.0676460075302344,0.667251069173947
-0.437213275228512,-1.10290928906794,0.296825804482754,1.37365421081516,-0.45858700751729,-0.0848988646933995,0.317767000258643,0.146097389172644,-1.1826692394878,1.88850207374751
-0.27205725431311,1.00271356945573,-0.349282140269324,0.114734691215366,0.688688679815181,-0.388352065604261,-0.726313962318285,1.6946681549843,-0.453411120920711,-1.55077559038491
1.64640601705425,-0.54323035322492,0.43967916364324,1.44933244630104,-0.376718964092833,0.0792372282261949,-1.88425770394652,-0.919946916140287,-1.89747752675656,0.926451799045225
1.65424579205433,1.98611044561757,-0.828130148761223,-0.341203873274654,-0.466862389260143,-0.279449966534027,-1.25462074647188,-0.994828794574775,1.08487685867537,-0.626031696901038
-1.20737219560785,-1.55879975027685,-0.960693404137078,-1.66917586771244,-0.739480216283045,0.717433102988053,1.4509776064445,0.390415060986148,-0.614706798411725,0.685902797073057
0.318119515835518,0.329618729899611,-0.936662791930548,0.372392190560374,-1.36986919106479,1.9265843537101,-0.780652054473438,0.89705791781054,0.323354543578462,-1.61244820372173
0.12808449305525,-0.409941151225167,-0.433241733354115,-0.0881070631855504,-0.458683124438404,0.811845584603842,-0.674527801276235,1.3935399805292,-0.651819927352295,-0.0856163079450718
1.08078612300933,0.104079433516598,-1.33422128210549,0.20839000969974,-1.28631626759822,1.29022827901652,-0.52476405064067,0.932723795889248,-0.011787271717954,-0.442590885507271
0.690528925417095,0.235810559501016,1.04745011217593,-0.797111427177472,0.48583568881631,-0.544538336805972,-2.5179996192367,0.631646484050899,-2.96391217378662,0.936463417520045
0.583977244051484,-1.29657227176241,0.0288462151439456,0.0207562141856976,-0.858812876384465,0.146907413299094,0.798209077859179,-0.811675729380758,-1.63212865203899,2.00653822348488
-0.519554679035518,-1.09605342897431,0.306058119654198,-0.846680666706555,0.125174778385523,0.556902380162289,1.02075783709978,-0.0878406564513824,-0.235237189349084,3.46168349618721
-0.704023034047265,-0.712767490189459,0.382503455391234,-0.413848155724553,1.24360346161831,-1.86370652703163,0.366958246961841,0.106350875950859,0.118592604558171,1.02675714132288
0.0495408782185867,-0.157093913765025,-0.768136594969856,0.713706442483284,-1.14245102784687,0.169371777398998,0.307701267175483,-1.0128790049319,0.542580458952787,-1.84322499933104
0.18177291427381,-0.608961073823412,-0.269486148723925,0.903742909950312,0.477159051077665,-0.948282061187715,0.595006503085676,0.556160145234928,-1.50460592844379,0.999530445551818
0.131587773491043,1.79533171536054,0.0634184507709845,-0.985630064251896,-0.557368802777716,1.63120315085813,-1.70529423135326,0.454250434617539,1.17079803719105,-1.31422628828575
-0.215952159974416,0.497014657344676,0.384064043906117,-0.568883061714121,-0.193407967526506,-0.910360239210322,0.628941230699871,-1.01199918703066,1.69067786602014,0.90836611768246
-0.330290976701252,0.295959883687206,-1.42440024527893,1.54413187510663,-0.328258167080912,1.200731926454,-0.303746294070305,2.07903482391672,1.55063487055147,-1.48029404208461
-1.08835100584872,1.5882726893825,-0.823100437222285,1.90530602880336,-0.528400615560764,0.426182520531132,0.337778628655284,-0.348120204626197,1.02216649882062,-2.33547030192845
0.109321306943408,0.375030248628365,0.129100190558942,-1.19219675928728,0.244633786718256,-0.344083165095961,-1.11125633304051,1.42121512630742,-0.905919791041,0.433904967378262
0.0674646519460058,0.0415820699980842,-1.7394202320031,-0.367615471388573,-2.06567027504029,1.65233883179961,-0.100016389222722,2.39540923378984,1.67860879996468,-0.578498805833183
0.531032076927649,-2.19165818447062,-0.01585294914244,-1.49298852814305,-0.131869832100366,-0.588214712605117,0.289123502824422,-0.94313939200371,-0.644561894596853,1.85675254275173
-0.210066903555557,1.01170882300139,-1.29382912726695,-0.883157203999093,-0.444825959743282,1.39461835579434,-1.12167498683441,1.26468548871587,-0.447826079882022,-2.3859866240106
-0.598994211462303,0.129559432549372,-0.46777340789993,-0.600767476082889,0.120578516533236,-0.798397051192048,0.00981342609263877,1.3408534251462,-0.767689406661952,-0.866378442468032
-0.912295053641036,0.224281485518007,-1.16916081585216,0.635821697157019,-0.0744020502496094,0.322293664426931,-0.511715553752382,1.8623768652571,0.149667425575942,-1.29600721616782
-0.243231414435409,-1.45772267048769,0.392147153220541,-1.17833094648712,-0.0984785737470176,0.114169575495431,2.0715920352083,-2.01347973261376,1.27574079301139,2.81152127096175
0.534746377279617,-0.569985516380501,0.2881921086744,-0.105725552015993,-0.103106793995754,-0.455552735362729,-0.126868993523636,-0.843575396192798,-0.419818014089542,0.832855612649234
-0.628456861079015,1.11114144811335,1.13033515788678,1.21001167561079,0.936686667616092,-0.301134809990814,0.842304371859249,-0.620650713093348,2.24410874649375,-1.23610160129972
-0.786385081183443,-1.76007548880777,-0.436203852114248,-0.716035107278248,-0.507055474412077,-0.690206881101222,0.736147510305536,1.6988133905275,-1.95194879985954,2.21864568471175
-0.576005055860339,0.577409152266818,0.746511482575059,-1.24643052826502,0.855188162992333,-0.674300590277823,1.28902533764507,-1.36335142603956,0.648385322460624,0.686511932534008
0.501230380439302,-1.45603062042796,0.142181551837857,0.696980577482314,-0.787791198003784,-0.109397894796182,0.0389804343347005,-0.916170219132079,-0.450350746915233,0.0179369592663284
0.11219593031208,-0.60183575271857,0.00824331165706931,-0.303368157427719,0.400934849791047,-0.992793077594672,0.118677878264987,0.428773793039861,-0.585267447350627,-0.21846401531215
0.205088276399803,-1.18877407864328,0.916340378527927,0.396350988518902,-0.0165798034038012,0.313100834699799,0.517785624807457,0.259349564887703,0.239845353415536,1.59080028932439
-0.888076828786655,-1.62672448714313,1.74861867009982,-1.83869963406461,1.39356122426501,-1.36971700815087,1.89679280274024,-1.51021000128814,-1.13244657127901,3.05348751623785
0.116438468491206,0.827157496216859,-0.880642037573549,-1.07257604978046,-0.0657440870537761,0.89561441462434,-0.601089211922565,1.24643196376513,1.25529244166574,-1.41534639922219
-0.571097920915022,-0.741102329430837,-1.00869123534037,1.38249175882239,-0.842607500810386,1.56001956300442,1.15468064552469,-0.659634194739042,-0.377832102040977,-0.551339515424263
-1.02641573742357,0.618095295579203,-0.16307413053232,-0.131180094767768,-0.747187616940141,0.62500097007383,0.874762995081346,0.112730557439146,2.00187454316776,-0.0516847112621187
-0.121754549835405,1.06653010448307,-0.103165131549042,-1.00724427891917,0.106614314538099,-0.475493953185575,-0.534182005106353,0.480659803274121,0.725789963076782,0.722155766977405
0.479536886861067,-0.124532181169378,0.710090290848913,-0.26268504601213,0.677122861552657,-0.825108368139395,-1.05539774920821,-0.254366568940312,-1.6071178211409,-1.20981087117915
-0.357191839737572,-1.43017631149569,1.16447113465093,-1.77334251923118,0.861208984788893,-0.0419246502597934,1.53737824705237,-1.02880987336865,-1.43849786632455,0.45296433680198
-0.431637985957725,0.123744446160995,-0.128657371719165,0.430183538246564,0.155541533482766,0.579078363415217,1.57568231886342,0.0956224457187018,0.0685114812380099,2.0432551452181
0.203979206667482,1.31827667164171,0.0258461363928082,0.718016372877209,-0.090918980734386,0.343692947871478,-1.20317232323264,1.61230313901498,1.57724735650199,-1.97958471625483
-0.0406264208754983,2.30670648797853,0.283332523272599,0.0124643260058061,1.39412443806946,-0.289623997751163,-1.86834815457899,1.67836081575165,0.0386208017332823,-3.3916128697847
0.848632668926515,-1.13948769560402,-0.257000183155079,-1.76828441438526,0.0192670898060752,-1.48081211057547,0.0977290519263956,-1.79740356002044,-0.0601924490075834,0.731907929661825
-0.433400155069593,-0.693520417096121,-0.0539376287224251,0.894721193484616,-1.28813455290854,0.55219954347449,0.332169355404972,-0.119915034657317,0.108694132272863,0.713855589089864
0.608813454259079,-1.65061403270903,0.450632866016079,0.565582147288614,-1.12693651619598,2.00125081316207,2.02481020755697,-3.53780133489353,1.38846202362779,1.34826250313738
-1.27022390449133,1.07918343232634,-0.940326641026277,-1.70305637612108,0.237391783796131,-0.189487923542412,1.42260819405821,0.545540065810886,1.83309794298993,-1.36218380698564
-0.698928099694913,-0.295935121535845,-0.0850694835782664,0.612628592778431,-0.27746710654035,-0.528128004813709,0.482450624527283,-1.37554455544481,0.516053169857661,0.233279676377711
-0.189729521349445,-0.166847945370843,-1.4338812300778,0.992365137286299,-1.20449686340113,1.2613678862627,1.5496757336039,-0.47045939435014,2.57293016941424,-2.47414395243645
-0.434267084848322,0.378121468303971,1.88157110477411,0.283167229759147,1.05910265123627,-1.13830436795743,0.416719621724228,-1.37803349611063,-0.237727019198792,-0.317181998527064
-0.411760766966491,0.0312089272313707,-1.53623527860576,-1.59164312651338,-1.09113760335001,1.84219105012029,1.14433780843757,0.0276451276497427,1.62146685743255,-0.315727362815041
0.364514120411598,-1.95081817391042,-0.275808482569426,1.45653684680848,0.375018946069677,-0.505719374976488,0.124418863684198,0.228287515936806,-1.4350452723689,0.32714726163625
-0.574308098129013,0.223019855017473,1.40025939793351,-0.424045119308689,-0.27922754171659,-0.465753437779787,-0.116084722022088,-0.322022088484008,-0.972400589143556,1.29853420686318
-0.122243757938082,1.26389729545477,-1.37605555391969,1.23454524624853,-0.82259823421668,0.65461433819632,-1.1941944176425,2.21228091442093,-0.0893077913653661,-1.98498082833726
0.0640168992945602,-2.4489087538122,-0.243473987883802,-0.654784881535102,0.120437424071713,-0.0464380481444533,2.02695404367398,-1.15593275300803,0.443542140158741,0.844684301641314
-0.739476304347912,-0.942189697208923,0.649537080745957,-0.166000042035521,1.32695291219357,-0.706817044321662,1.38254422375928,-0.478383362956056,-0.78259734525459,1.32061402115313
-0.330498873542637,0.855481267024527,-0.156858955832623,-2.47305459900701,-1.75741603493254,1.87657365655463,-0.536610520095665,1.63987307771976,1.42447896654319,-0.701068294480039
-0.507502513558506,-1.33717944992765,0.555177385102019,0.499409864169235,-0.648720956228403,1.17995331698229,2.03989671490711,-2.36314108734768,1.24428536724519,1.56857857492007
-1.56917745521609,-0.540044442461649,-0.54890887726742,1.42772888643372,0.46189779762879,-0.690119292935598,2.68015867260053,0.225336574068753,1.99616647297326,-2.46176770221272
-0.482446785828822,1.32293616816531,0.672836448775948,-1.06044254460236,0.672122493966087,-0.721253384345314,0.0998488935382972,0.665647891111871,1.37875371789762,-0.183733806699626
0.330726588491785,0.429534454869406,0.557013580983971,1.92292339305987,0.769003209385233,-0.87562064082552,0.185254550580434,-0.933386864485621,0.0371863178739782,2.07987571266978
-1.15807580551851,2.07172264169549,1.20338882867945,-0.326632994040415,1.25016051404779,-1.02183498731561,0.00238586089101131,-0.506799108289948,1.64535111872363,0.331779327744903
-0.75727997256827,-0.525649491641571,0.295775097153132,-1.29936404992831,0.750019095783377,-1.513815878353,1.42798542942744,-0.326906782598126,-0.657337893946216,1.52881742156074
0.671884921474113,-0.138524944936611,1.18653089628782,-1.03342619313172,0.0622675626506499,0.168341128204855,-0.16463573735072,0.199390742874735,-0.853649252138244,2.12053079524938
0.264849503892887,0.0293116528055809,1.99866505900577,-0.398694595753065,1.85330682772503,-0.824451518708577,-0.909198545525643,-0.972671695906172,-1.29248156621606,1.82606239446118
0.855891669269708,-1.66226749725519,0.477374313644474,-0.112097900031047,-0.239062349339648,0.278676140015015,1.2493653366516,-1.17595207500311,0.162823836479892,1.12652193950354
0.710735242711303,-1.43450471543875,-1.19290484310432,0.447052279307443,-0.980962205886296,1.22009417410467,0.307162797252401,-0.14360149863134,0.514056265159573,-1.34695157468565
-0.597423091332521,-0.590492906069208,0.950056413338379,-0.362756704154387,0.519425709220353,-0.838832534502455,-0.597314720655305,1.44633020866701,-0.768308414401643,0.613318306001028
0.241710926684518,-0.358576798756567,-0.477140137509648,0.826359972467801,-0.511429404528694,0.0278823379017198,-0.0561726499710038,0.249973244598397,-0.0991618664778234,0.327386442242615
0.622244547514381,-0.651910608163111,-0.475231095621223,0.707354467229348,-0.302961815921232,0.639026868079295,-1.08852110183281,2.12024418691389,-0.0827246810423904,-2.18750494698824
0.115679878965309,0.227994311072459,0.176510958267393,2.50981860067556,1.21949990607596,-0.9367556802255,-0.239461400567092,0.359424701210628,-1.50232280157428,1.42609365377382
-0.146504044702056,-0.267358865535846,-1.69108105661043,-1.67913532941879,-2.78110495303618,1.57785135788588,1.35742468993469,-0.0321359190113354,2.03589697686457,-0.89560100792733
-0.0303527315555839,-0.388116816222626,0.140429710276327,0.110222172959363,0.200325506789203,-0.161968659778452,0.243917479431539,0.084360198624522,-0.300159616477699,0.35478430809397
-0.988906215063229,1.14204772958963,-0.853852883470744,-0.173148607947617,0.0295453148560686,0.336347913171507,0.583645316411516,0.599224630356205,1.18920912768709,-2.12618194528377
0.451857897116163,0.324258779837786,-0.593724510474896,0.263492137194489,-0.268654155592433,-0.723882305084069,-0.283492554311256,-0.469709193369668,-0.378459919016967,-1.52366137616955
-1.87922184519264,0.234383617826355,-1.66874509483957,-0.593418716443939,-0.530833479515953,-0.22124580489058,1.86374960630219,0.906496481494434,2.91577523629398,-2.36034696635449
-0.303009580379065,0.938763404834985,1.3471837678784,0.352439102012354,0.786165796825521,-0.491054967433598,0.798146882231763,-3.78596712807045,0.980695306046248,1.73239850015919
0.296333338214811,-1.71696709185784,0.0594765314750096,0.0445827603616898,-0.113968899841859,-0.206921499825257,-0.437905940756405,-1.07295768023865,-1.16619164124844,0.11351067457101
0.435714507742754,2.61098566719689,-1.02954809054524,-0.233110316778216,-0.713499467662253,0.26101734726403,-1.22592169908388,1.88626510421648,1.16095631140802,-2.58954512543514
0.219510697746345,1.37145897761864,0.0506459822409751,0.568926183723427,0.0813524170659386,0.701218671621865,-0.860674896104481,0.651050010701241,0.114289007222055,-0.622961550990365
0.330031858209994,-0.0730111269620003,-0.663220925668738,-1.60702350764468,-0.528978572581692,0.89955055349509,-0.26890472858946,0.637218212903604,-1.0040353026862,-0.707570125264847
0.14311534344575,1.70625477949784,0.302007706349788,1.43828018845665,-0.36473158038177,0.28039140753445,-2.04415015919758,0.852104033855367,-0.133066806327732,-1.09953353956311
-0.0458710512185332,-0.292444767943574,-0.453645081335352,-0.674348055744471,-0.185665248923389,-0.558363155269425,1.92133712651975,-1.16910265231282,1.09068737052489,0.456244634773095
0.764806560596917,0.628391735139777,0.916371502759045,-1.6052684834391,0.20648805857395,-0.604630277492782,0.396547762662135,-1.7904756038948,0.885031029483372,1.08132297288213
0.668916899359268,-0.440275429491779,-0.334619114533338,-1.1559125755769,0.76635068332159,-1.83515309719416,-0.32657557124161,-0.518886390895951,-1.46885777697454,0.586532449585519
-1.01585560393853,1.10512228734946,1.60023621164774,-2.40264472156612,0.808463617256636,0.183883058232353,1.52855362840363,-2.41463230076546,0.939596863719225,0.935981273631313
-1.3807358195777,0.990195969108305,-0.621617103487738,0.333015597464745,-1.08949594286957,0.079449742971431,-0.838966002644155,3.63301151769989,-0.390863709728151,-1.75972057474224
-0.876921493046471,1.92660709471674,-0.182466182214513,1.64102455423599,-0.578586396656357,1.26407409257066,-0.671889103440586,1.36719342906906,-0.252591617621358,-1.33922512687342
-0.708254409979811,1.42790055827368,-0.755836461335456,-1.53761564257514,-1.10207649776891,1.38094862396827,-1.33430396401797,2.69509401612499,0.999493596955781,-2.06743506544032
1.16528501332236,-2.28156968437859,0.474804505145944,-1.00013707256208,0.0531485530187323,-1.79385431506698,-0.926823793507298,-0.587412491299704,-3.30685228343179,1.90036363429295
-0.0910230557367401,-0.833325951445031,-0.245018129283527,1.29630123521799,1.08730387366974,-1.022860304894,0.349179604960412,0.594204664957968,-0.848295864625285,0.245127382655414
-0.408747041938149,-1.70653278265094,-0.702546204973854,-1.05166951630676,0.505040434405701,-1.80877981557854,1.44607155101368,-1.55239972293975,0.377089220967611,0.775204548757311
0.456672940564998,-2.32887134227566,-0.930075488189641,0.0192229592009454,0.535629102630261,0.731030588055857,-0.594679879090937,0.238790391045214,-3.52611350202997,0.131706396492569
-0.315007390675305,-0.0958096976841417,0.689285101959012,0.234612946240236,0.226199434149387,0.88496944341479,-0.138403339749743,-0.695838046661702,0.562441239981551,-0.0935379037467346
0.123100150140572,-1.89091805787206,0.90852333749124,2.03634638242401,0.910860414233828,-1.20553996511909,0.442843523878128,-0.66520865790834,-1.96037394358922,1.15307308817058
-0.142336775100146,0.579766514917364,0.805928469877726,-0.18744308903236,1.37685875581868,-0.611407892173774,-0.230589841702464,1.14366403613766,-0.572604861825398,0.342093916884667
-0.771411899598984,-0.698600753520928,-0.225751388726518,0.93376765740196,-0.615466244921515,1.28141061220796,-0.788040546454942,0.669406903360285,-0.821123216083253,-0.53226086941107
0.760032557855357,0.843899244415671,0.753782545310037,-1.0137576534714,1.45661752354544,0.0516570570783165,-1.54622740726836,0.308028594512008,-2.17163908054135,-1.41635097648648
-1.32698528375445,-0.951679768031534,1.19259330815022,1.70267139505363,0.601712050345636,0.668922143265951,1.46096134311808,-0.464772244946169,1.2797489036055,2.81444790237101
-0.796824605207283,-1.34519448279847,-1.60258814692844,0.628518442489355,-0.519404342192917,-0.0575657515840827,0.590730820932341,2.43269502402807,-0.559942239943925,-1.56817232424758
0.522310703399838,-0.125944848253512,-1.60574074093502,-0.515520637707023,-0.17710652530896,-1.88664054277626,-1.15094811652811,1.95493606114168,0.235406812602219,-0.932244987069006
0.517513869999197,2.37368804287258,-1.18773828811507,0.0102352333762617,-1.43860110782694,-0.114381767434598,-1.51916620583309,2.64996823261225,2.05600261766205,-2.57963378569277
-0.622108947786515,-0.573039044621971,-0.224753789409063,-0.308348911887133,0.0945611821360297,-0.647094238816752,0.777158040810758,-0.0125116331607159,-0.469381881380941,1.32021852925466
-0.406405849381646,-1.28915598813107,0.714385849748105,-0.249900022386436,0.490751715414761,-0.603763986474825,0.183878937046688,-1.28997661542258,-1.35098398712489,1.1233455673896
0.115961637966641,0.240563352271775,-1.3084781021934,-0.83903184594934,-0.823954272569564,0.319313832480548,-1.22401649538862,1.62986302708623,0.34745355468372,-1.28828606348293
-0.596951316601494,0.772927681129074,-1.30594560026178,-1.96024316203462,-1.06577967429487,0.597265772895333,-1.09461937844657,2.50037462058025,1.59241518501331,-1.00483952664887
0.879321153265867,-0.36544036870297,0.182067719959294,1.68297664324047,0.0201468315575607,-0.33069095577076,-0.444688920877166,-1.25392176480753,-0.567052123817594,0.966528973256293
0.129486031125601,0.587128968377568,-0.1195426077068,0.784204505031818,0.0172161681734154,0.117293751544967,-0.938975288060409,1.04611345750445,0.188569623002633,-0.275219660914577
0.0264954705351596,-0.100401547857404,0.729173338237768,1.83368890838341,1.98709553078221,-3.2360532563144,-0.670204714817089,-0.583298017818419,-1.49607322283553,-1.27557473690718
-0.380452635283454,1.21905416114873,-1.13383293459225,0.181464853891244,-0.515593862401365,1.09643780344451,2.14656916029407,-1.68645531630755,3.43061679959503,-1.74096208980706
-0.226453583111342,0.483477854256792,0.220519869634211,2.46180915693085,0.270115146250694,0.0881513409294596,-0.228557863124195,1.21780033963667,0.172890719499627,-0.374819406512573
0.448497751863752,1.86746881660675,1.25297755794634,-0.429323952255057,-1.33279519846346,0.167648451235609,-1.51235265489502,-0.34235764371837,1.90750619107948,-0.348158484881888
-0.295810393998699,-2.18985661714304,-0.0102462467387186,-0.934229426945902,-0.957259912573352,1.00380318529868,2.06269959976061,-1.56607325997707,0.153701144600036,0.94874570941088
0.853368677449096,0.427331087639746,-1.79310790332139,0.345607019152247,-1.77096050564237,1.08929585570849,0.0670614544290069,1.1994399555787,1.90469523147116,-1.58763680356961
0.0184149508569602,0.455219014822883,-0.203403531378172,-2.04754623955511,1.06914567813888,-0.502143244327607,-0.33898021789231,0.364255403003328,-0.157629320094934,0.889479720900144
-0.149665382151719,-1.22484477229476,-2.80126040626127,-0.806485531359063,-1.53144155180218,-0.210683767801393,0.631460075892898,2.38848832387806,1.29341855574162,-2.00293463414635
-0.316297908597441,0.781142608666151,0.719348512001766,-0.318247767765388,-1.08439880224287,0.223929229634189,-0.885798280643049,1.56427888473121,1.13512498088831,-1.57412007168754
-0.0962382160345649,0.395511418323582,0.0374026759185221,-0.823658537736964,-0.669584095395744,0.690344704993806,0.638839380539958,-1.01156512973427,1.07647337458197,-1.58362351387799
0.872537432399035,0.443939131635748,0.240123790347112,0.273759937057224,0.571510742368605,-1.22240630867235,-0.432696685860217,-1.23176543210967,0.174085897814599,-0.790218089206875
0.197643177979486,1.22446853069303,1.99496891713998,1.55392215743497,-0.166712653555151,0.180834074184804,0.329312453621297,-1.79183852215067,2.61846095184827,3.43220186916953
1.49928662022088,-0.045183697879941,-0.509292770590456,-1.43419916328438,-0.0580546027100057,0.0741067279808476,-2.4940179111649,1.9838993964567,-2.29530662010037,-0.0870826220207625
0.337093206381026,-0.409406768532574,1.17089876589774,1.62585981845917,-0.291932279423533,0.992493439350622,0.126337456555204,-1.84786266100567,-0.884899596429595,2.57975986291885
-0.567252109378289,0.400746714259568,0.902243645975625,1.50578477456802,-0.0094987813890848,-0.809847314147929,0.377955533967433,-1.4950957443014,1.60437543689178,-0.412198128534029
1.14380310864599,0.981986142253327,0.45513255541071,-0.487378637454844,0.598606005734076,-0.933359930447783,-2.81564696517278,0.325948857087686,-2.10693270838122,-0.798329048845488
-0.0188166917221105,-0.335062224132738,1.03302444285892,0.763610793206628,0.944133761724605,-1.18275354816356,-0.924606261107359,-0.395144158204424,-1.51069868073272,1.61249408987064
0.739868705759894,-1.24652513900991,-0.730970394327842,-2.31091674995768,0.587246366104457,0.0839865879226185,-0.380274874725401,0.452070053888946,-2.02079565575737,1.24992409632469
0.431784844312364,-0.258655600039126,-0.123545391169203,-1.00278598874795,-0.107461129466446,-0.625807229515007,0.139967866519842,0.171447339234821,-1.58499918589021,0.793972983650359
0.0499037346989364,0.13290739150289,-0.109904104093693,-1.77869130655946,0.897581456135501,-0.42677669545769,-0.656038975878851,-0.287592360485032,-0.80440228275869,1.84009527198308
-0.6029827582469,1.95979202664033,-0.00896239796389284,-0.583790596979792,-0.270178015889664,-0.834702520322275,-1.23909232358817,2.23068300589305,0.501891782876144,-1.58843576423829
0.283621009416536,0.899809213633438,0.57994940569867,-0.670044452008266,-0.501130823741679,0.419765159324192,0.822654627746189,-1.5703768200238,1.78350158293687,-1.1463580115803
-0.0727750130564754,-0.862891052483229,0.821942693057121,-1.12134739286065,-0.827185869792525,1.4578510617355,1.19733562142235,-1.74446542930989,0.831445965602565,0.636181844664478
-0.170092841103789,-1.05760281343931,2.30288636220274,0.949927022293429,2.26233030119397,-0.671271604671434,0.344078209665577,-2.0453810681706,-2.01255641346937,2.258996821006
0.74739554923887,0.196143677233381,0.42126057049745,-1.48102420140005,-0.303463299754472,0.332174179379655,-1.05165231409453,0.938333760112085,-0.55137959815085,0.00213638988483657
0.986357695110574,-0.0228572345162249,0.13845415278813,-1.35477499145179,1.89245141682821,-2.07117074135962,-1.5447018798584,1.28243382596563,-3.33495283459606,-0.154804297634831
-1.12025372766817,-0.851311995495736,0.393328741186598,-0.0809339145042852,0.858252173134498,-0.833240181972105,0.664092052334499,-0.615754344278775,-0.689751918361358,0.187408597235104
0.590089154942308,0.968325304891301,0.680795963504532,-1.04269740688458,0.29909151759085,-0.504199963509464,-1.20337119918859,-0.336619479158363,-1.43312491353552,-0.259247644805577
0.503603674062555,0.0507134907633318,-0.150102598865774,0.406183023744568,-0.73379849315889,-0.381695986077535,-0.21839408874674,-0.0172253050059356,0.0732786758607523,0.831797081111937
0.0873016309016448,-0.863941502482419,0.726892937028427,0.456947027546553,0.434829880901939,-0.565672018215994,-0.062239023204926,-1.43936745611387,-0.882253519022512,0.98904608215446
0.229246828480807,-0.275355817835783,-0.631657600333423,-0.975919163833008,-0.864458314398915,0.928572938297022,0.387347737250091,0.236282497425223,0.203750957241709,-1.69746966559015
-0.786485753929803,0.758905801112896,-1.76867056121621,0.409340054856828,-0.697675462943182,-0.162530880689624,0.632569782561619,1.6584510100956,2.04388630115798,-1.33240029464523
-2.10801800251833,2.01006744928945,-1.08660180037413,-0.0030552313446223,0.0311115955279403,-0.265893868066152,2.14793884767402,-0.0340113073172778,3.68111516378547,-3.46422292877194
-0.484676938308067,1.20243688795103,-0.160085420294041,2.05148489653741,-0.0111063293920715,-0.857678074226146,-1.55245944719037,1.29008398988233,-1.47274176208423,0.488401278199524
-0.383760897832232,1.81050872133904,0.0263988707351115,-1.59025117809031,-0.770208665533491,1.317392004571,-0.134138553076462,-0.0254883144111498,1.82951317063455,-3.95632069736649
-0.891380147478617,0.572710912617817,-1.39587485039744,-0.599249461597076,-1.68759040516456,1.3631390203101,1.00218868151083,0.898616966299838,1.4520918895957,-2.0473292117019
0.772983345837228,2.1324799581707,-0.141120903621695,-1.76505804947127,0.347294525726589,-0.497192231268905,-2.05372632149797,0.460542379910258,-1.05543956405296,-2.39288220935223
-0.655669758898759,0.0907654575576318,-1.75065892583798,0.675951529071467,-0.802287261844107,0.214628077394817,0.771956402451836,0.970954243836918,1.6054345258496,-1.73296651875649
-0.0514839435140681,-2.37941944347241,0.393090159180541,-0.5951230983066,0.0907828324486568,1.00976826961004,2.2660605865477,-2.5566973775375,0.566729908961454,0.408115738504047
0.369556290971194,0.356191017641729,0.809793607138789,-0.63274412914525,0.68663786243455,0.121864068249145,-0.218573792968795,0.140975783843633,0.583416257128743,1.32778537531014
0.200823228002164,-0.749646011715169,0.973626926261331,-1.47134679644499,1.00974690003354,-1.94688409784671,0.187143178988908,-0.773676509983069,-0.829809936342964,2.22875008201578
1.17937408814283,-0.163198738123696,0.0203329544235973,0.267412548577696,1.12254613618739,-0.925537279530395,-1.12077750703958,-0.547285072695169,-0.941749465566514,2.12364741923548
-0.274958050033792,-0.246519143020961,-1.23494500254922,-0.0261999078837959,-1.03864754363054,0.774312729617993,1.16348971489292,0.867836980645463,1.3346960205669,-2.22337024729162
0.435225659993486,-0.250641424414917,0.630922899465054,-2.14059316777283,0.387528650166724,0.518013634002141,0.351482765218281,-1.70759689388412,-0.0454974544011029,-0.187429065630112
-0.138721377273201,-0.135989554844102,0.951601163276503,-0.0443120509424211,0.812563528054949,-1.38200874919267,-0.303474560541136,-0.341933835286798,-1.92007158842419,1.71692362950851
0.515345971104464,0.956679182166479,-0.857664397136612,0.524284988323834,-0.0921301121870719,0.600626448711818,-1.13938011736115,0.84820166615066,0.194940156003507,-2.36873236173386
0.15234530147931,0.950444471320758,0.269234033294118,-1.33318112455153,-0.12101860742252,0.0162788066109552,-0.439203994370335,-0.988763779788624,-0.026868231420787,-0.938655300765121
-0.626605979404398,0.216942054185909,-1.41262457501571,-0.827065135909454,-0.77416611509516,1.40055489798465,0.285339426245494,0.990201898313583,0.490009383709867,-2.42077512733655
0.494812305105126,0.419423989633016,0.241529682029169,-1.18703374434696,-0.306193313700735,0.654338538144075,-0.199793902850904,0.439646225200327,1.26771516729774,2.08161846332828
-0.0916359295275376,-3.28661912570096,-1.15812131764338,-1.38219029019857,-0.396896894164523,0.494133834729535,1.81185692206024,-1.65060246023837,-1.01884849547395,1.17408661967241
-0.775613229692425,1.38155724288808,0.514560445340159,-0.432830335650482,0.255713649422385,0.116951531528472,-0.248604376277647,0.503780460747671,1.44128645648096,0.00797108137078662
-0.111589790478601,2.07807173363769,-0.145157686158903,-0.169897022660601,-0.397771186016964,-0.633221900972484,-1.26267991865393,2.13919401434402,1.52958620606909,-2.76547023920059
0.17565674236522,-1.39055029544825,-0.310599629293938,0.376577885038496,-0.211111118750606,0.397673739879568,0.68280758136766,0.907702554063591,-0.47047469209878,1.20540469890045
0.976548687786932,1.67866666155591,-0.94044350102702,-1.76536155388164,-0.648415348252153,-0.159604631547591,-1.29849949488377,1.6001890701593,0.405869921916985,-1.39519173276287
0.0591466231299084,0.317245184725066,1.10440882641752,1.54680276133112,1.58441134555551,-2.31590571480888,-0.304569447352385,-0.635778295362943,-2.65582349826978,-0.682112601317567
-0.228943661575751,-0.54735078714253,-0.512884610420915,0.514447539922024,-0.510718723462828,0.265289177762026,0.165855944285756,0.413778358654888,1.82847799209285,-0.299022687626104
-0.673606549406641,-0.999037333925161,-1.67043530146516,0.0474083376721328,-0.720044186911762,1.21932220374255,0.996029443465217,1.67226606741167,-0.236034467455669,0.176647781093982
-0.904718055962024,1.84687108733743,-0.17780594128804,0.0534461263939507,0.196788436870565,1.00246831472977,-0.258607033298138,1.22103827721124,1.19365167329793,-0.855603290755809
-0.592873528452518,0.805420522096869,-0.0803935937883611,0.198119509954757,0.450707995341068,-0.588699515111879,1.0163117744581,-0.379326417243865,0.836119247399293,-1.58400356316115
-0.0321734303429986,0.870499196559852,1.64402967619037,-1.82541627589531,1.21872436602392,-1.43440093907038,-2.07278081407757,0.551036961426022,-0.294676260345502,-1.18646846256888
-0.11875040329009,0.17361168063214,1.09043933873531,-1.6561833059096,-0.405638358464836,-0.419111814420692,-0.17342580729753,-0.889140888570999,1.17872135116975,1.05410988194853
1.39790634168982,0.0923183434529536,-0.238809300480021,0.582826078035464,0.695691935464465,-0.99878314232009,-1.15866764650021,0.424270712648559,0.122632194291438,-0.746953733468306
-1.00119396770845,-1.8309678073919,-1.19945158255896,0.157639319329792,-1.20029452560261,1.19665779170059,2.30304538341076,-0.122668231236956,1.32124218775333,-0.358739624544484
-0.955820743627418,-1.5786478826308,-0.432791218614578,1.47957323437618,0.279793656102188,-0.555735912847659,1.63353509759326,-0.18974437858393,0.269770318067669,1.02988829900308
0.574273237951156,-0.707006283467452,-0.986057305792938,-0.144104532475307,0.62022353824959,-0.217694553269062,-0.111704627749383,-0.361501249462037,-0.76117852802126,-0.473221034991557
-0.627898787698554,-0.898166441126396,0.9651710949157,0.874848282473703,0.823532761177207,-1.1651311719328,0.714079212937213,-1.40156300245002,-2.08916460560894,2.12797197706152
0.610000490953825,1.67192448521612,1.30021129234712,1.7487236668435,2.08444908275987,-3.9024365124343,-1.63424414396508,-0.659755086225612,-1.02550365261532,-0.0368172116573624
-0.156594777712157,-0.767406932881568,1.40784234610144,-0.976765836539355,1.28793971142283,-1.02028427675604,-0.249579459832169,-0.832233580960377,-2.79879538780421,1.27480548258423
0.296556061364584,0.34923450916298,-0.492537846135212,-0.86019541672986,-0.307351656095313,-0.00910662700754658,-0.12588964117085,0.349223852588993,-0.252834905479021,-0.242549117407662
-0.983953492110788,1.104192125615,-1.05145781491251,-1.06396096948604,-0.624079161178036,-0.487067486023874,0.689905493746573,0.586611377913074,1.66908973496769,-2.73402905274868
-0.169557029656171,-1.28994877681458,-0.693395581045665,1.59417606285965,-1.1645229296128,1.30115072394219,0.969243252806585,0.0354394690974325,0.858930903874659,-0.487566964479151
0.373850349699872,-0.849733386898043,-0.0206495998983644,-0.16898457333082,-1.27715643824853,2.91330879494255,-0.71809637711865,0.212456375634925,-1.67275380824012,0.947689148466404
1.19623108261147,-1.20107947771503,-0.123023687471687,-0.713653246494343,0.819503794644821,-0.873506227403156,-1.77561462206857,-0.622708301667142,-2.41107548863335,-0.656221601945095
0.491729325651126,-1.33204570259716,-0.449932032412086,-0.440531864792867,-0.19322781184375,-0.872601011499863,0.598532252358055,-0.5736644411372,0.839087325842477,1.88437096553341
0.34291010798521,-0.293417236693395,-1.26669382966749,1.39762409224224,0.34386230956849,0.0833250644703169,-0.65975654908557,1.49469722762902,-0.409720450566165,-1.50403106485349
0.198984302964915,1.78219723814743,-1.29115888870591,0.163265773313479,-0.862833900369003,0.844924768724795,-0.290161263339142,1.23889193831127,0.990605620130051,-4.57392575762533
-0.0844417004252477,2.75388882221586,1.40238776986233,-0.208667627320275,-0.573455945353577,0.967449657025556,-1.00477465618026,0.36771486718335,1.66992449621726,-1.37357860634906
1.04926577839639,-0.59437404722624,-1.89544240622122,1.51870146209986,-2.61391226786223,-0.0050248036545033,-1.12248451397732,2.43939910902535,-0.533826924116324,-1.15309623693353
0.0575208673672913,-1.06454739288701,1.72037875167368,1.6064807380822,-0.734597807654716,-0.76530302550761,-0.28417268395845,-1.19596492697854,-1.06177473495978,3.38831037727793
-0.915235704302294,-0.999641114061151,0.518635204444434,-1.53604547210661,0.109187169500454,-0.509944095723995,0.109495459975241,0.546609600103186,-1.62724473821147,1.534009405052
0.301716551903761,-1.02502252516599,1.54263620147566,0.0554859561748475,-0.662240819026057,1.16280266231266,-0.68595329001543,-0.656399250035412,-1.63113233491815,1.67249260410454
0.0827688670064504,-0.0311272373962589,0.938241826122914,1.99909019521898,0.537517294149967,0.581873120468777,-0.136042794521675,-1.04972595392321,0.14261825507174,0.232583170184889
-0.00301065632767748,-0.903649015957347,0.537482041518254,-0.606524386174842,-0.84471708624137,0.922781485924724,0.549095306352768,-0.662473117239003,0.344857678791381,1.16886700431383
0.985598860149879,0.0456172360752035,-0.273696960740737,1.02277703908224,-0.0191911263563385,-1.23046353460593,-1.0845789206392,-0.379551419866863,-0.482507852626521,-0.815006544018251
0.260126451081894,-1.74116136712318,-1.11179662561344,-1.320066604503,-0.729313622428131,-0.265125531200696,0.813294976587063,-0.444755875117264,-0.148674930279569,-0.750941447221487
-0.530195873429149,-0.77130790090029,-0.261186903070624,-0.982543113587528,0.261545628599125,0.258418094209348,0.506947581394323,0.803086333391142,0.35323188245921,-1.13302473221645
0.176729707362445,0.724624011539627,0.66441676977576,-1.99921514834511,-0.499556570051646,-0.457907506023385,-0.75042913804963,0.0632846867689165,-0.378497039370347,-1.04798816254569
0.0853007616632498,-0.217008472928822,2.19134927311346,-1.22587399501098,1.6200898642191,-1.32281056072495,-1.02658522584532,-0.393566129926113,-1.49512093718257,1.06441435959668
0.151014426418131,-1.67732516990054,-0.430562148142162,0.059709461724133,-1.03556819259773,-0.0401371369318605,1.63203586181796,-2.10645658005299,0.360776200149049,1.41091033445817
0.361965534813607,-1.0320509258903,0.920735089109154,0.489054602893678,-0.0394088318597789,-0.936991712990642,-0.354209473926203,-0.776838105932809,-1.0742907500118,1.22002985000722
0.534059833365176,0.0538312666503765,-1.83536899957379,0.883093505762134,-1.31268417497596,2.45327874888206,-1.11742296143047,2.41266731168155,-0.498675150181707,-0.88975950468131
-0.576460717691274,0.843283751155407,-1.06916155466054,-0.0851235733844211,-0.802449836368223,1.19474319233341,0.745323594777713,1.0234047648075,2.44573114358358,-0.0797621493280071
0.160359870572252,1.69443736561513,-0.59064175280227,-1.08913233776598,0.965597363013199,-0.9775293737129,-1.3029729593626,0.621508687857679,-0.50087756841276,-1.15655097012934
0.383541711047585,0.810638737694781,2.3250168881393,0.122890010210157,2.37432578972273,-2.64311079171316,-0.777034743112665,-1.22603304594995,-1.92335924077812,-0.0614126991868218
0.429458497674824,0.095371853721147,-0.709380048294581,0.905566715004183,-0.50658837254533,0.163327264022574,0.269713560541045,-0.0233727408373311,0.336530402410734,-2.0203932677863
-0.430670659281245,-1.40155193426139,-2.2993101636529,-0.408649893465948,-1.68590077642244,0.790458917038226,0.657306550858507,2.55749414465981,-0.137037185710379,-1.2350716325915
1.23336599354605,1.73274087383955,-0.282921682274778,-0.0546013709226609,0.229673112407277,-0.43535215175463,-0.486242552581767,0.51532663607417,0.694282695973148,-2.37315741378798
-0.275808728109032,-0.315118401312957,-1.02531856012892,0.0823010401355181,-1.20037418242704,0.556521070588049,0.116332572837011,1.57755301625503,-0.531796643316445,-1.8323956018531
-0.776336581765677,0.234569290905063,0.630077581121632,0.396970059559973,1.23314249024803,-0.800332464334727,1.45282118932889,-0.780010267779015,-0.762301966732164,-1.04442346453785
0.370630130551173,-0.973685598292062,0.0166560095871897,-1.23288526316011,-0.505178864193741,0.131440903549028,-0.27993271195404,0.381593001781813,-0.420673094642679,1.80145423105497
-0.576120476368817,1.88008769013533,-0.147215753733155,-0.552004889593513,-1.64707249285983,2.87882003103095,-1.95734384594604,1.94703081649102,1.08068432231674,-3.11197198747891
0.392938380737902,-0.684158619559546,-1.17821745022595,1.38031771830307,-1.54534168851353,0.737841871476702,0.429087681165404,0.477823869612222,0.329987043878849,1.54223491924059
-0.26330704752292,-2.55405323398175,0.0598483080756453,-0.147907759842025,-0.606745769110835,0.61173629417602,1.58259239909012,-1.14803747192927,-1.39831049899173,0.391376913132911
-1.13691087390226,-1.91194329554907,-0.427106354760348,0.134699699455915,-0.870284685822359,0.378440146207112,3.05099473010365,-1.03504959104233,1.6632738229612,1.15016734418088
0.373409332078426,1.53257680086812,1.4895532532125,1.36993688510331,-0.606326010159861,0.38279209178486,-0.812420294378973,-1.15017064566037,0.783976516870598,0.724470918814269
0.445721123852283,-0.0766742111329688,-3.35916689709979,-0.304228018624602,-2.65034346980216,1.63830154630985,-1.06745899281656,3.04528378392708,0.161557714102097,-2.93461298008077
0.371108847467633,1.22336766316063,0.584347881241888,-0.94541925955475,1.78070968310387,-1.64469417767347,-1.30889378036899,-0.461111173278377,-0.393278295707929,-0.759550547989228
-0.470830437486052,0.600829485893281,0.541300398609267,-0.965268180931639,0.568974302124412,-1.24296598519473,-1.39094779492818,1.19958745322525,-0.584987449013822,-0.499009178932445
-0.288118765300465,0.302341319970407,0.528799895038039,-0.633067202998253,-0.368062685728967,-0.092994200661179,-0.5508862365712,0.0401016483764413,-0.271575943018079,-0.842992962536377
-1.05983915000135,-2.06898637143977,-1.1433630380353,0.572949600458707,-1.06079364374867,0.72690107408078,2.15373931759604,0.813021887629783,1.77032758043545,-0.863997248978394
0.688715553247114,0.105999040772952,-0.0800275522993106,1.75371832305473,-0.988228631629307,1.76163371176913,0.29822227374813,0.294188300330916,0.323689181588468,-0.464376387927534
-0.365697391438862,-0.159871420204868,0.521286681661503,-1.41815102905366,-1.19873953465065,1.50776186340606,0.792892744836133,-1.09929626911118,1.65432506462078,0.950667006547803
0.361556847793584,-2.03910752473828,1.4565785829942,0.994377539635218,1.13590223340318,-1.26605494545826,1.52006366970406,-3.20536492157538,-1.0624900326891,2.62465463915514
1.1178663732438,-0.0563167346052203,0.953676118866241,-2.41156009059775,1.50173054988445,-0.557291074490058,-0.542436911835712,-1.17488231361635,-1.12883682943361,3.24098317806714
-1.4156864103757,0.796912915792085,-1.06323677863475,-1.29950979610717,-0.583845114364933,0.239136042076686,1.74633853085719,0.420294123966348,2.01471829245649,-0.974272531764928
-0.134475595442285,-1.35482804878763,-1.27759306215446,-0.681743988690428,-0.868596534435078,1.0448415270548,1.05686679071414,0.549492206594025,-0.127149711613882,-1.30840935849719
-0.473328516819529,-1.21374098239043,0.126035962853175,-0.649725746376842,0.247426437869133,0.40156849488727,1.70423673456837,-1.05066890750264,0.450009562925163,0.338343026377193
0.260107053516766,-0.191788598244042,2.20296059198478,-0.0117469012201651,3.07014231075544,-2.88665282310043,0.356742778188362,-2.38359704624695,-2.0585604978964,2.28438108288505
0.287701462662202,0.240601990128678,0.837079126378864,-2.20949920346952,0.598872737630904,-0.845919766218846,-0.438803359445529,-0.901594524353028,-1.69184837062003,-0.890388035608638
0.361198862223749,-1.44028408741931,-1.23416791273786,0.508475444254698,0.882623391052614,-0.787840558956199,0.767577049555965,0.102408805478977,-0.980014453146744,-1.33330084212697
0.235624340828564,-0.414324931707232,-1.51539048295703,0.666986852159565,-1.86186962363972,1.32704754061351,-0.514047844235622,1.88201967324359,0.7487335767753,-0.472871094178512
-0.895811728943919,-1.31737188858707,0.63144914613908,-2.16991062528,0.33844276921599,-0.050195087147396,1.14943538106653,-0.810632551318067,-1.16538346309285,1.60605315425892
-1.00492354770628,1.28193984808767,0.439353179154455,-0.209299283511409,0.0444346136754241,0.355261372228352,-0.430260748576679,1.08043016422229,-0.113656546331493,1.94300948092703
0.630510402255897,0.163756578952438,-1.35637446779223,-1.28057534194366,-1.65525700554483,1.96004249228074,-0.205141232370995,0.506462035267628,1.95021835550581,-1.17120646036099
-0.52403655382105,-0.0360977903381976,-0.11515287243767,-0.744148265054065,0.129410911294283,0.534691903028017,-0.447510339649964,0.869196484417391,-1.27150474435668,0.890768638525509
0.179271035382971,0.509735485505649,0.0743545233350535,-1.15735410112586,-0.224719094257189,-0.340947259379375,0.701773165148175,-0.87234679249642,1.58660371975841,-1.16693671712507
0.026370557770746,-1.00300019519971,-1.28940180774417,0.405342966507769,0.399565472356142,-1.10971013281037,1.6247415426839,-2.01882687384871,0.0564550201953398,-1.95063623623659
0.747536332023033,0.150117236689583,1.98848479774146,-1.5124172966991,1.60903914805346,-0.848976791290773,-1.08984244102084,-2.614593533589,-2.47954476769425,0.644617754658614
-0.644141634405056,-0.352669304815127,0.0780580186485796,1.62358057797994,0.414993127293171,-0.137697853848341,0.728328771650569,0.32289086764802,-2.19529699927178,-0.712019296308611
0.984313603425145,-1.45326363141418,-0.231081618352992,1.47492894871027,-0.403697936273296,1.75878406541199,0.32615379530465,-0.573108311354957,-0.161541018707453,1.64091306923712
-0.0615275796047713,1.15287956225857,-1.23260526538468,-1.45534626374741,-0.696033494545465,1.03497191558765,0.796695177662856,-0.285365231119445,2.53248345919856,-0.742062743374295
-0.665926482006428,-0.410836301278987,0.00545974926979307,-0.710755983526892,-0.890212659244686,0.825118672139676,0.795962879075216,0.581982189668571,1.30931453762494,2.68301666635335
0.626417633490095,2.00611182539112,0.646712088198113,0.632642313885809,0.84836988627767,0.219141141457309,-1.24171758181706,-1.67274973507041,-1.20986704258521,0.71843056834526
0.0188190396754931,-0.55199005849497,0.153156540291735,-1.0298252001469,0.112427954725911,0.497558446034497,1.12797982696051,-2.46627527395155,-0.108331149930339,1.12975067110776
0.93675663816137,-0.577883928883716,0.469229521299111,-1.3302612883308,1.01965187461103,-2.14597138495679,-0.478954914748229,-0.975455756949429,-2.38533881006276,1.04954543024981
0.271320874114056,-0.704884513775132,-0.976282019212473,2.9755571247831,-1.75285086281824,1.35529631074882,-0.519058013546088,2.13564738033453,-0.297353136166538,-0.786642030004111
-0.438601084389925,0.30593033160484,-0.236687738680869,-1.35311671978514,-0.546400918853363,1.09097058927212,0.55699492439268,-0.21550165007939,0.841590738521652,-0.129881447869081
-0.534334964844744,-2.1844463761687,-0.156031839248341,-0.824822258786351,0.434829971426497,-0.550729786284732,2.10586998256351,-1.15119330159385,-0.397972857593432,1.2222536264378
-0.830444936442656,-1.41400789075843,0.345850086401982,0.116867559224041,0.298234978356276,-1.91445804321572,1.10536219750159,-1.1785317864661,-1.81783675989063,1.70732098388007
-0.356304906510582,0.388256020557742,-0.2954178949347,2.18397148325102,0.0205519919912051,-0.431584589499747,0.177821430872089,-0.442766749772234,-0.436972999528112,1.89995352313441
0.172905351513478,0.725788579322969,0.022360328996748,0.795739227574989,0.186417794366452,0.434372314637342,-0.240329084647714,0.535971798194504,1.07877098342706,-0.916346597304529
-0.659271543066974,-1.49677206588708,-0.256679368006225,0.444609871328676,-0.56986332455895,1.55004967174249,1.17638385028501,-0.234515572338087,0.00435579742375926,2.4025261375376
-0.283809466180869,1.0192989212435,0.384297152799275,0.707517479206666,0.311142798610949,-0.538226195846643,-0.00655409176781413,-0.271200797529152,0.332735506875948,0.50761437217443
-1.71406637022985,0.105213273627517,0.147574693738389,-2.06257035567996,-0.235485763060684,-0.220153315590569,1.55180755069732,0.193852666392238,1.60801898606512,1.44935985508927
-0.76364800945815,0.867849190461359,0.476182488955955,-1.33176372720785,-1.35210330902529,0.333153282913604,-0.205657122066479,-0.18516785629401,0.808406128137213,-0.496381686977848
-0.031071337179181,-1.79529641034068,-0.0949099141001871,1.68479900925246,-0.840145028730286,-1.14651759896313,0.62866705180609,-0.0599979651187339,0.178050713227692,1.61600368501582
0.532207519503409,0.310234954248443,-1.58801783315046,-1.02737413522827,-0.880192750127209,1.43101747063574,-0.67180414374493,1.31915463898033,0.138499722240014,-2.07965565405857
0.141492338747618,1.32233986469465,0.375651249012432,-0.288831346558401,-1.11106884157841,1.16953543776588,-1.30098721161452,1.18543708120526,0.817713370947084,-1.13100348359372
-0.759515914121029,-1.39758383820444,-0.772845604244144,-1.12943295546798,0.43142087450755,-0.418124399839197,1.11406056829878,-0.174924438555726,-1.15282325714142,0.0694120478752154
0.183171950740334,-0.939510106091275,1.32854233898382,-0.18361784563572,1.117485167393,-0.378546996097044,0.588780176838291,-2.80744440558651,-1.19260943072992,0.045376485781792
0.183352848892853,-2.15902451837639,0.902016654174117,-1.28189370773998,0.820001720996615,-0.559288869473518,1.52627681907733,-2.29714457868787,-1.2827882119575,3.79133586262399
0.75047742422085,0.513627075679207,0.585954747782833,-0.796481216340255,-0.44863338517631,-0.85789322207365,-1.18199479645547,0.0519557914556827,-0.399922296234476,0.0140029264461117
0.105780879134008,0.176051536904551,0.566089730105725,1.31395417333704,0.00429550733903274,0.526054346776905,0.466927412104074,0.94712672582126,1.17960258829535,0.329695747394425
0.492667877835409,0.220180335003868,2.29259935122896,-1.30211696671208,1.32286730948744,-2.25187134460241,-0.169610409009396,-1.52665448466995,-0.592303249559354,3.87981736379091
0.0268784159565742,-0.0383072606701041,1.96114854863452,0.86662461497598,1.22843232845849,-0.368219105031235,0.643280509950175,-2.79253092951395,-0.878648399278163,1.2469510765557
0.0794115380659345,2.46341093647879,0.446068901412892,-0.382991087258602,0.0228337684650521,-0.0906255885738309,-2.21556619101456,1.59498965660596,0.35049965267422,-1.02927442818893
-0.724981724325559,-2.92863536175382,1.54857829002999,-0.606876684858715,1.12630946171347,-1.09864339556171,2.46883616140797,-3.33410529864583,-2.42130848969633,1.81201500937587
-1.44193189919408,-1.93876439719641,-0.288352801238606,-0.68382941891906,-0.889241409486116,0.778768875098961,2.13357499374214,-0.107383499646828,0.44433675316604,1.72639341916178
0.317793337799336,-1.55730250270138,1.2942408253626,0.0858249451418538,0.990752782603755,-0.0563854516786437,0.496371963500431,-0.824407479577514,-0.835422542598761,0.75682713066495
-0.243568418744848,0.00872261931775232,1.43300202259953,0.337122835619685,1.50329768213068,-1.0759578428335,0.378508494429959,-1.59323309904238,-1.19229799650396,-0.086173849018153
0.454702233638218,0.441453147201478,1.36312472645544,-0.753651091117338,0.649849437391981,-0.265213659539052,-2.03037120973483,-0.732825701992716,-1.82461935854363,1.95190893237923
-0.321296345180075,1.27692917801248,1.05207847805503,1.12816698899942,0.822595002970353,-0.495239588544038,-2.05487151222369,0.772331461171262,-1.9512243584921,-0.18665122997607
-0.223178067436038,0.0408258436755159,-0.151833815210047,-0.257449769781163,-0.546818814069264,0.55953635383136,-0.266075670751034,0.549295974465717,-0.0221806338591677,-0.458199499382551
-0.416377137379119,-0.52734051283584,0.157482883930958,1.86979525724366,0.964756424418284,0.183014159725206,1.21336540583496,-0.0918919958591504,-0.658901950269087,-0.491041212099432
-0.377287478302021,-1.07969698738123,-1.09343922586778,0.334602880990919,-0.291972679077254,0.647281416959832,0.184360702102391,0.965558866764375,-0.210968712989455,0.0291921906163813
-1.40044619904375,1.14763486869866,-0.773416979478008,-1.49125950687638,-0.497632338167007,-0.470026906409081,0.635469493223556,1.23211595585567,2.12318491882302,1.11313085708879
0.527964264454654,0.497555791365966,0.386468049933858,0.263823157043347,-0.287772944010685,-0.0194350424915773,0.367614897914737,-0.978288094307218,0.648496669190562,-0.442377575847911
0.199704596048538,0.0875723376926662,-0.35098413117361,0.45301431275055,-1.63703618840899,0.666243514876314,1.92585204236144,-1.2927377122669,2.44509457805167,0.392012393912842
0.282583270691136,-1.56405072150764,0.189130731203261,-1.49634364161659,0.220460260267358,-1.07736957117834,-0.0353671818844299,0.294742441200273,-1.6083644728774,-0.093462701442734
1.57857810148797,-0.526731473993118,1.08748162637876,-0.539508270929023,-0.605460221894404,1.46611476091189,-0.467080133067669,-2.1254681138414,-0.964101210235674,0.311966713543793
-0.911198123575331,0.571436034992852,-2.35882650336885,-1.20330390514686,-2.47085934002817,1.44993307788056,0.199717670835432,3.49515904758764,2.25730082428473,-0.752016847311843
-0.710112222524768,-1.54406104003161,-2.08201729665193,1.44306836942066,-2.14409417389817,1.48410262564061,2.60895549494888,0.362390292938218,2.01081852034964,-1.12716324825975
-0.190683522099418,-0.560533258586545,-1.3942389427399,1.05028788664871,0.182706654353457,0.271787792435762,1.52554624141248,0.188660082095511,0.269945849701358,-0.506401083026635
-0.190285591921543,0.409523245730879,0.141665193209272,-0.880675490920193,-0.241881456974949,0.41499423499135,0.183722108598495,-1.01894583859563,0.794797091505166,-1.55466782870873
0.749208001635029,-0.567336533611806,-1.23596049025114,0.455299400091019,-0.662297797457506,0.331173726722718,-0.967494222847787,0.638818967077434,-1.4693539899809,0.850742579804114
0.130285773440066,-0.128151697079681,-0.330634690266009,-1.48854945503507,0.33949669917858,-1.44836789530365,-1.16798079296614,0.881425780877248,-0.845133225903988,0.731913433086929
0.893127549308868,0.848928414917016,0.902907590594094,-0.0423413501033638,-0.186021049858248,0.468599287688368,-0.220103239681204,-1.85065637157794,0.263257546223868,-0.0663663576538463
-0.182306163698899,-0.78249593496313,0.498614670844645,1.05417405899191,-0.0147496699123847,0.445593317502703,2.41873792764282,-2.34558073334381,2.20174950665158,-0.596099561280912
-0.0545299422197645,-1.45606412121613,0.236098584393185,0.320848982925741,0.549177664102406,-0.674848792445677,0.933204701325808,-1.51571443484157,-1.37266191663817,1.010475172325
0.842730667579896,-0.560517517650515,-0.289940139457053,-1.03620625513034,-0.383416909879657,0.213842419218974,-0.0950404654153957,-0.924722297499397,0.747578843929877,0.713184588555155
-0.697286018819617,0.0963009009964542,-0.418134584641307,0.21837174551504,-1.78449964342337,1.5237842586434,0.740615799653127,-0.611721426511703,1.48580885708914,-0.445579909864452
0.0402741059511843,0.598965781124375,0.617660816818998,-1.62074675735634,0.869189631528368,-1.45394654136227,0.374673626403695,-0.729036065598705,0.205007205130565,0.881415763085172
-0.473636954446898,0.364027873364629,-0.709112550008201,0.058895068853387,-0.624715234655525,0.193520627470315,0.426237406524167,0.37423130029993,0.763227707524602,-1.44887566257594
-0.149858419480357,-0.653681712051956,1.63751373716976,-0.0729115240314353,1.32951206331653,-1.69482699847631,1.94000243201838,-1.64688439000735,1.03892787623595,2.05063728087634
-0.166959253383888,0.225365117520006,-0.159653052915528,-0.808853173990672,-0.678540303673289,1.65341877376585,0.0609556134510261,0.482652974555795,-0.341189945887056,-1.05908741756365
-0.519234571620236,-1.37367151661883,-1.29073274932328,-0.703254824579628,-0.667737991746568,0.554686704300831,1.44411695818281,1.05706091249085,-0.253002176202587,1.99447136258229
-1.00807976474623,-1.23851155294041,2.04736572921997,1.3788371910441,2.48307751426037,-1.34829075777385,2.27743046942272,-1.73594863597659,-1.34385868769253,1.81475744899859
1.11747179890035,2.3233809242034,0.109349122374294,0.324368211108581,-0.354515809077905,-0.129013131114686,-3.72270151156964,0.884673049904605,-2.20137460808225,-1.0599451399755
-0.14165794267836,-0.374858610317447,-0.828061427613076,1.26162806577998,-0.492596399014357,0.446458146059751,0.502364972410885,2.00974529098085,0.319657968469491,-1.24071232112226
-0.660442637483394,-1.79031630843652,0.0752543975616316,-0.514657224536154,-0.270537122693555,0.634896959826824,1.35469255994947,-1.69293602650159,0.632112087647772,2.37577875054824
0.0724025946060723,1.59067488108821,-2.21886067590288,-0.254851329746146,0.0244648684565819,0.428873098127726,0.306519497611036,2.49951788935665,0.475136877369388,-1.74478680350063
-0.429302925414823,-1.25345866253856,0.830857094759811,-0.271856268076273,0.418685433673206,-0.715285463151058,2.95214402277241,-1.36253820872167,1.84806680763836,1.03081265418475
-0.29551200177943,-2.47942259579918,2.32928813891419,0.576488604682826,0.884541715040082,-0.651413672248883,1.2978845192781,-1.78265445737035,-1.08793052119103,2.49376945999578
0.313728308056302,-2.37504005580048,-0.762561082729793,-0.50490974142399,-0.838255388399912,0.487871051848342,2.43998902739509,0.190715834066763,2.2073964730073,1.15458868929064
0.315668478085175,-1.33494053700307,0.0602320033747286,0.14662811496531,0.704333671670754,0.38034486854915,1.17488605705391,-1.9051112267203,-1.46697052197847,0.876220039601372
-0.314787821416373,-0.576466818182679,-0.100624154580688,0.552043857070582,-0.761228425045457,0.237297603333258,1.2595442302196,-1.57830565699506,0.637134681884281,2.48339268854977
-0.844121879294552,-1.10856601694089,-0.0565858886935089,0.839988753940175,-0.48277202312447,0.119246203815911,2.21902622759673,-0.527185840778567,1.4082349700957,1.30704976814454
0.724132321948761,-1.48843755412605,1.0443328415281,1.08068554521266,0.181625211501907,0.0966009045773692,0.829033355889293,-4.06902142071902,0.340608362889868,2.59802328124263
-0.661859900437436,1.20762926418792,1.50071273554422,2.2685837627882,1.08062984554734,-0.696489873532657,-0.14127327890523,-1.0093985293099,0.330640165387369,2.88651784075026
-0.284865513806878,-1.34423002645844,-0.17539618942234,0.504808154549634,0.357404892564491,0.926531349565907,0.521326175473509,-1.33407811984159,-1.19214441812992,0.390384746811883
0.539402712031751,1.27345025531636,-0.993253069850906,-0.517386312173916,-1.06094510203368,0.152923778289129,-1.47577997481262,1.39450087364473,0.632435938700623,-1.53464549647631
0.35693986040688,0.331862802473365,-1.20327591611913,1.509496565997,-1.22010094186716,1.7375702383834,-1.51122601919318,0.959988673978929,1.43775650924918,-0.934786924205094
-0.0510941469247717,0.029885297444456,-1.34200447764033,0.193195371803238,-0.886710832228347,0.424188921125631,0.967978640889179,0.174651404150053,1.92295476122623,-2.01267630544729
0.783012083232871,2.16421362275487,-1.27714903481435,1.30005531217033,-1.03570080186032,-0.462880629772927,-2.02592707994512,1.666100548254,1.67798705541049,-1.45846670230127
1.01227390138595,-0.144378116336871,1.31146728773718,-1.15850004666423,0.223987958639385,0.572610801658442,-0.705868020524574,-2.51103372365935,-0.224934167336049,0.61993962370263
0.628720707994448,1.35146027336714,0.685089845191179,0.226597793203285,-0.55157003934713,0.311011444206596,-1.66406405372783,0.996030102983842,0.101373610279251,-0.498994184206805
0.929850892195283,-1.81368229533727,1.35742492703847,0.105022456164709,1.50908781747004,-1.19060847740355,0.597144233430463,-1.76566806842814,-2.22092649315348,2.78555667418038
-0.060274271794794,1.01925791635505,0.232664628957465,0.0768264516944611,0.44766953400821,-0.250383302769551,-0.904968159202261,0.710540317974497,-0.534622068395992,-0.631035301808559
0.688869256633397,-0.5966964130148,-1.32904879908213,-1.04999631854066,-0.653803099437036,1.21925451084082,0.067054951244472,-0.744012871861223,-0.332745337923452,0.200625204985481
0.272355005297775,-0.665912129556668,-0.36748815563228,-1.22875245281258,1.08717790199192,-0.533934824680512,-0.495951092058742,0.600827079616254,-2.80107294277795,0.247802455995279
-0.0585550685734959,0.00781226569982857,0.206997119336412,1.64918960898023,-0.672110868959255,0.697841638563917,-1.85151961606753,1.15456746706279,-2.17383582866258,-0.0951075726058682
0.798637508493567,-1.80657151203552,-0.910926532231305,-0.969953078673301,-1.18715504655749,1.06660736301896,-0.100888263077781,0.406404716506382,-0.0334290425349096,-1.06330195186272
1.62784926276361,-0.277209646683104,-0.0571361088940344,2.28190689805853,-1.83565961017334,2.99332992686559,-0.445160625891993,-1.10682798780778,0.036574798824195,1.92631358313649
-0.694015216710667,-1.67359642201018,1.64420852295445,1.25842120039655,0.48593007276044,-1.41410771524748,1.81853034084901,-1.62858934466061,-0.650459166517943,3.57548490933159
0.433421651537554,0.751667873410313,0.494840931675395,-0.21507545843673,-0.105914878728316,-1.07482243405914,-1.09293745219287,-0.357506946815683,0.29660142407788,1.39494133265549
-0.682360092999355,0.209862038843397,-1.09634616510998,0.760179847999645,-0.0486235549616997,-1.30074356491894,0.196146252262155,1.52411628177036,1.44749752517932,-0.0918857522999359
1.06846011881231,1.3857013572185,-0.660717389815393,-0.445078827064039,-0.61668044355444,0.887056120884573,-2.37482325477106,1.50424616558708,-1.22478793853342,-2.19477266976737
0.221967562284069,0.307500684923457,1.46282596609613,-0.291526109675098,0.407503611517429,-0.949205390629733,-0.670619942234094,-1.03938819353137,0.443009597900699,0.111784596151825
0.379218642235873,1.35550117227691,-0.704921603063516,0.43184004166583,-0.430734085502243,-0.53671506943528,0.302138460395375,-0.169389851428268,1.12587668879658,-0.682424445996537
-0.88325853148641,-0.0603767557990124,-0.175921490898901,-0.702056162208469,-0.401863015363119,0.995136520371902,0.749654090129261,-0.848812632991622,0.771899950475189,-1.53433707993422
-0.634638521935497,1.12207066617543,1.38375361300262,0.0464526004206554,0.882196792117427,-1.44416751954194,0.335071445493367,-1.07993324360938,1.34092260728678,1.42617161283977
0.455246122557399,0.458235660217588,-1.25056421969378,-0.146800684293281,-1.392696558156,1.00236412983695,-0.345941699122012,0.152873979552656,0.704690858773223,0.296944376827341
0.138607989477788,0.449424720263446,-1.30564758308638,-0.772258018134943,-1.22062717105812,1.40047073520015,-1.15608931570746,2.84918029406936,-0.206010323390535,-0.778393912647436
-0.196827547763282,0.921178987562771,-0.246363704159837,0.495192785069131,0.552846861519714,0.555204699421384,-1.82456170331402,2.1697597846219,0.879339933757317,-0.35352612087682
0.30923412056165,-0.20457635719444,-1.24921088438813,-0.262996654645314,-0.414183749386406,0.865021034682125,0.0866567731127687,-0.0702196612478071,0.74823274202723,-1.44311375407063
1.25653769656809,1.55567351863024,0.291028594884727,0.60712926054729,0.0304796575619871,-0.481989626201704,-0.195454167809441,0.525787537379909,0.460999838595885,-1.04772969360037
-1.19624402819614,-2.25788729209292,-0.0128190893984692,0.211996957056239,-0.0367839612137987,0.756003726673662,3.74745481715518,-2.90005968400383,-0.328627458034811,1.96835166539301
-0.175312353415846,-0.386507108964155,-0.584123054818497,-0.550455163325031,-0.141674547588797,1.18238760249666,1.1748313331994,0.513766893231867,1.56040025393997,0.587141330462597
-1.29326640767013,1.64482389027811,0.136169354599552,0.287827593730328,-0.58495232029384,0.270814406545617,-0.0175520632641212,0.752161159485264,0.868648389826455,-0.169706546256293
-0.658634983191216,0.576587830741018,-0.338901974502672,0.860209603315099,0.630609197034942,-0.631562266697111,0.0310974136364387,0.509400691828799,-0.501193949147528,-1.35482061488038
-1.48469078090062,-0.78361264397584,-0.12378916986808,-0.298430093227611,0.242608847356841,0.0315963787234712,1.11963380355618,0.120964526386411,0.67640303271917,0.739685614202884
0.12362229329487,0.081817310049694,-1.51499262134696,-0.364544137411353,-0.755175068540607,2.40609100830712,1.23136863541933,-0.0208224957840419,0.780946715284568,-2.64305118784132
-1.24740963774229,0.910948951588912,1.09410254454463,0.0692885626641131,2.44981333463576,-2.33698786617222,-0.0901325224837602,1.94138350770689,-0.945026429771788,-0.288432466122067
0.0132670363263829,-0.79586884866788,-0.302629820880552,-1.62821701055691,0.0532469664337389,0.921861134584583,-0.387485819493505,0.961426720688864,-1.67590826562946,0.428647746996821
1.32352079765157,0.0581267431316945,0.608671558363048,0.0274114503635319,1.19054389134768,0.176941546046362,-1.2023653140044,-0.717178493205879,-2.11292503364223,1.9047645190261
-0.307969405056076,-1.07714214283341,2.39220007638467,0.0664523065778167,1.75585662620827,-2.60678177909808,-0.41570823358957,-1.86631945803201,-3.21683592489906,1.93819466388255
0.497059927109034,0.152004116554658,-0.172905506591439,1.141842638483,-0.150636480370411,0.684275002810671,-1.42970720988497,1.2396167077021,-0.869421830610345,-0.504567456560018
1.04881147878119,0.994548509601688,1.54683381259925,1.32662383401389,1.42162322186216,-1.46020519520504,-1.0288722634204,-1.26658748789351,-0.97740757804748,2.4945008911023
-1.02076451538772,-1.51159701948161,-1.49233045245294,-0.322081972342827,-0.769250193146742,0.300991123671209,1.00804848226024,1.24974531293192,-1.07378395847461,0.151401208949207
-0.458512224682213,-0.108881472518982,1.6986601126002,0.382974649493173,0.790598933735643,-1.35478318968638,0.920172855158827,-2.41928767028762,0.741699369214473,0.640008203483609
1.05849094323545,-1.5440125791106,1.89205460885518,-1.19570501862102,2.40983453716737,-2.53719081190752,-0.88031484818494,-1.76259886755956,-3.69458799101972,1.95313054631397
0.130362731385056,-0.299269030719404,0.339423685893339,0.288390408212412,0.53704601349957,0.608709809297957,0.688711118028741,0.341475448304929,-0.246415099533196,1.11729410894654
-0.0742968483073782,-0.349536858683799,-0.985739861161871,-0.881005986906462,-1.17904335538077,0.854482216430802,0.91289861439375,0.837053716404176,0.84680584564711,-1.10857590350932
0.801058352322669,2.57973223074457,-0.587845995113594,-1.31090023043545,-0.0410986362271526,1.0257950082576,-3.44332316020397,1.80769613390135,-0.840162634150464,-2.61460274022898
0.294340248092339,1.35132933417576,-1.50363850606739,0.0167295439975868,-1.95871318306565,1.56819978830465,0.267932167522205,0.158439883238124,2.62823122189842,-3.49595659898343
-0.591509756346111,0.237714875357126,-0.941931578140764,1.51797176973174,0.0671361023274748,-0.597465104851417,1.40914081947305,1.28597283830568,1.52671246495062,-2.15209543704129
-0.606339228215926,0.364736488065814,1.95918352924888,0.686141814256675,0.804500532786468,-0.380406553081366,0.785366246907557,-1.02147725615407,-0.541839362208334,1.95108693213877
-0.238339174931984,-1.59587430223079,-2.0052980866374,-0.348658716661439,0.00767047452323157,0.108941790154237,0.725093842977518,-0.0166595896585118,-0.0130735912371524,-2.70090974866424
-1.73231851472008,0.33829950877282,-0.230982410724536,-1.26970350810504,-0.669366006339134,-0.221361672645758,1.64678598752626,-0.0127379554486968,1.96410605628572,0.110264369899077
0.0602912038441428,-0.00903337465935813,0.579805247209313,-2.34834490722285,-0.24452465219237,-0.767354637232767,-0.657167036267239,0.493756790079679,-1.02294085774364,-0.274118325871875
1.49362275835711,-0.257654548429707,-0.784656183046349,-1.05089413776545,-1.57958674036922,0.781989332308387,-0.142459821009661,-0.551523595855201,-0.860618997975222,-1.40976820977301
-0.146620696495922,-1.29355852348623,1.95622063646019,0.692850906603622,0.47641698024145,0.700677890255264,0.111402948101695,-0.236017069441817,-1.92786679652653,2.93150548460208
0.0355308801391905,-2.2202231273096,1.67173026061392,-0.282742117126576,1.70439963362578,-0.792791614229889,0.90114559492824,-1.64599643090403,-1.07152342730762,2.95699756370994
-0.502581009731447,1.36913509568125,-2.57732261360443,-0.152331259166897,-2.20775615943438,2.46039400637743,-0.84627318700452,2.98874283511799,3.70831095040684,-3.16462732188243
-1.04527833724768,1.41211337153478,-1.02250373277713,-1.55012524793205,0.705004736262769,-1.64759172448561,-1.47637319035358,2.35950338486379,0.672261241388531,-3.42464782215026
0.0977104297727483,0.0713504102192233,-0.0408441585184105,0.591711109147351,0.422354779991916,0.591683078606833,0.17450250566756,-0.321256990469397,0.581563266218432,-1.43781225766709
0.297602788098977,-0.236729990918766,0.793941829869449,0.746123303580696,0.44836994988992,-1.11755485656873,-0.940279087311671,0.474367101533922,-1.8158994611996,0.362777968867708
0.257536205682745,0.664237880067145,-1.37024687238942,-0.798155516383134,-0.76811994739842,-0.189707244379762,-1.17558526884978,1.74703822296435,0.525868050182812,-1.18163771586825
-1.94169751369766,0.551445779613119,0.766484098106289,1.09118083066924,0.632072037254846,-1.43946641167164,1.0606235483772,1.45933162466629,0.4633790237843,2.02786239992017
-0.82419210045413,-0.941246765871019,1.10016983415577,0.137404486147549,0.554858330014203,0.641457928923474,0.345084476961912,-0.211435519024344,-1.7331620421366,2.60951435158865
0.115654723045865,1.60697735207057,0.00458881801882038,-0.47700893530987,0.247532852358245,-0.124284529314241,-0.396526608602704,0.522070790462819,0.56888724025657,-0.602902764330402
0.918513503860416,-0.504656895370623,0.778122943407675,-0.230102069242773,0.617694830147996,-0.744611682731963,-0.386445321978498,-2.08308932326036,-2.37367027426452,-0.980736956557688
0.496104633492253,-1.77816331533877,-1.12527026897302,-0.670228166656158,-0.438710308025704,1.810899676653,1.33264487419133,-0.701856088235841,0.39801099565894,1.70036095754715
-1.03054034216249,-0.572176850044548,-1.1876270867427,-1.65356470516423,-0.724280870199694,0.555739799081504,2.19150141805061,0.0436853051973903,2.61550815031802,0.0622602927017749
-0.300945389913252,-0.479485543045713,-1.07445253853574,0.272335326089357,-0.628225074269202,0.816899996913604,-0.202150654727435,1.80783927930332,-0.534971634219883,-0.492686051520608
-0.704481334330339,-0.0841501265093543,0.659767923867708,-0.980241698998822,1.3309299374668,-1.42082251969489,0.16351803413542,-0.344901881020735,-0.822264030288039,2.63406961022247
0.587711828752319,-0.152257360454612,2.00740997466962,0.613888368642957,1.18092021001255,-0.99351840333352,-0.583197453380226,-0.885961219038127,-1.00911115031589,3.00997967839234
-0.292360810289555,-0.121561778634688,0.885156020246491,0.846504621032974,0.766179050293096,-0.815470805052152,1.34230468077391,-3.2193120667886,1.14638126169126,1.19614075703355
-0.633305476051642,0.513371377824847,0.60827937084919,-0.356559303337321,0.754726833195878,-0.90356917010753,-0.187432993811181,0.876702601587338,0.357158781304065,-0.124639187283404
0.195970932984673,-1.06454062724567,-0.00638973979333644,-0.189560968464394,0.983711445463305,-1.44495096517295,1.21066320827503,-0.359757857642323,-0.440534044722621,1.02015590807939
-1.07053563560293,0.565986423528153,0.649762175469369,-0.87831714365266,-0.437608561769897,1.75880043849477,0.845627584861418,-0.329576590055318,1.20522512481804,0.774351558642705
0.453414235674813,-0.0626110256051623,1.23439261702963,-0.0873438419119787,0.702396617010186,0.383231441440691,0.238057853800244,-0.975538054509369,-1.07084278198569,1.00068145963559
0.265181139943991,-0.0498546460867264,-0.194587934764526,-0.228603257700336,0.0755525838421336,0.142126742810913,0.372770611513146,-0.132911021808239,0.438596685658516,-1.20333964503641
0.291206531613215,-1.35891179725224,-1.74215645304515,0.275340041037509,-2.16876880487225,2.60731621320081,1.28385332046988,0.747177330512116,0.61475972424497,2.0478500896395
0.0347760364104557,-0.456148137697542,0.59181651003498,0.335065984335417,0.820786670302569,-1.2057568552721,-0.225165502659725,-0.613921187145836,-0.0897128020260009,2.10539141942528
1.36177981998652,-0.517152371426536,-1.42956586555374,0.877136680548492,-1.29927043570517,0.895240634163793,-1.48175801884675,1.89780635320427,-1.11513020865002,-2.2747012702089
0.268363488203479,-0.243498550930211,-1.15994545412544,-0.311597810508183,0.222034717091913,-0.426831951877617,-0.761009731344732,1.62094146181701,-0.658763897099493,-2.26186576212678
0.913685456613977,-0.270846714236033,-0.110334156798759,-0.414456310475466,-0.439497142435184,0.521617313517839,-0.897224393054847,-0.346802494950852,-1.5295758515744,-0.391594492070236
-0.262498283902609,-0.941187636982229,1.3046085293945,-0.176599453218039,0.687682279208333,-0.408493456125783,1.99279242495813,-2.31400669184634,0.94661948859769,1.8555214144277
0.934570144190042,0.242247363486139,-1.05500786452399,-0.3274269093566,-1.08916704373527,-0.147539973454506,-0.738361032871883,0.432569893915321,0.00479216058321108,-1.17355592712306
0.716026904653535,-0.77303906422411,0.183020679749668,0.0928036817817465,0.274251544408655,-0.287732356541459,-0.0656167414012706,-1.60529776588326,-0.0604509711744592,1.75455796975383
1.45358651488951,0.306348985712674,0.19884430447754,0.931633603171785,1.01911296133163,-0.947348926187815,-1.2892603771106,-1.21462349897041,-0.546599406287354,-0.338497695146294
1.99115042326194,1.10115274651751,1.09327114092121,-2.35308909769792,0.904498247311978,-0.701017680015751,-2.95758098018447,0.561724187841206,-2.06393746614333,0.0808844593809203
0.399893051333892,-1.67348833334441,-2.28309671894586,-1.23323278134982,-1.18742707253168,0.0374078980216296,-0.35385460174091,2.74093941797701,-1.58517528982176,-1.00570622494692
0.292753360326647,0.988414439633104,1.24767145445116,-0.266090836713135,1.18215559639035,-1.84830075199941,-0.717193061827032,-0.576168979499228,-0.882157713000957,0.0791684934375774
-0.648701931344777,-0.453284008551202,1.0199137613995,-1.46554944810294,0.390232898553176,-1.20840575658512,1.37004602056959,-2.91764571895662,0.239862812536268,0.963417144433336
-0.511015193082396,1.87788281151169,1.45392267080754,-0.558153095130325,1.29383309102044,-0.818059387947533,-1.39232196556934,-0.141730506567956,-0.0730645965545677,0.173143884061503
-0.131289936027948,0.813366010657392,-0.710356584331491,0.169026534385647,-0.653891195340923,0.633495511298496,-0.166905329450299,1.75670960676026,1.71794715925447,-1.34105087325948
0.51725504942507,-0.412922134400912,1.14972356593748,0.26857886221813,0.785550270709893,-2.39611249590771,-0.452357445654502,-0.537412305938036,-1.75567497026364,1.47603205413558
1.06402036077892,0.659674547312361,-1.32990743413079,-0.808947717892115,-1.78254985560668,2.01105237425667,-1.02635445811269,1.86788144572441,0.839630745475528,-0.939834882146108
0.252966742197432,0.504988282211967,-2.06528703829104,-0.440545189737211,-2.50828359195585,2.196279937313,-1.46788768835736,3.2233629443969,-0.272397782105332,-3.27988427452739
-0.548805440863621,-0.0807943202688623,-0.345607520013128,0.423553427182917,-0.330846712951581,0.938226883941929,0.119131478297011,1.11021305806519,1.13099553101912,-0.756594439985254
-0.969280946753881,-1.35014359109191,-1.03151023684223,0.347215505877542,-0.162529034197767,1.17493688956232,1.60915678507503,1.27686997422002,-0.015287402820456,-0.530749156771443
1.36112671733202,0.187153910347345,-0.314718473725555,-0.11578055652436,-0.488534137959592,-0.21533430512601,-2.06682297704356,0.342900700360611,-2.66025985563577,-1.22986407103433
1.58824847732432,-2.38219091825041,-2.14579031601415,-0.356470412357407,-2.14798678969314,0.931813164234208,0.0921849413597308,0.379965144075757,-0.736714513894846,-0.498827560898643
0.870723567662867,1.31554896246801,0.479490173993109,-0.589560832769604,0.322954017971134,0.432889822490057,-1.04059454800021,0.443750203764159,0.371718614630817,1.45165429486528
-1.37736561928255,-0.382306876742714,0.888863073529421,0.622093844268763,0.311049951514232,-0.862745326481906,1.27283439567965,-1.73782397829089,0.437819325154303,0.432711572559993
0.280410042479609,-1.54600924073693,-1.23187767465723,-0.0223346948823979,0.960465340354159,-0.65408661756652,0.907469193560653,1.13012586517023,-0.748346404207752,-2.11248621114402
0.430003220153597,1.90044854201821,0.156620160047801,-0.943817416849503,-0.504776532517144,0.0588679405834556,-0.766832633133835,-0.512039481952861,0.774321813104077,-1.30901474165623
0.616569466366058,-2.32230489708124,-0.901678878413462,0.295231281371385,0.693219619815096,-0.358780401186218,1.13593395803958,-1.13242179235325,-2.68345487163965,2.83818586995181
-0.0415017725816529,0.473179710498283,0.142906617960063,1.39617995997336,0.982787319368214,-0.45779213450493,0.0108142777071985,-0.422081948951511,1.35776660354708,-0.487083661167509
0.820388847856282,-0.123291360309405,0.114490109995717,1.11653544765584,1.38193908077071,-1.26074706611385,-0.530641777492674,-1.29027242876044,-1.29830961901297,1.71944133163961
0.150184512929485,0.230934454016036,0.435109407917473,0.908358625426796,0.170216574836153,-0.139677688936882,-0.330145927472385,-0.928474555815828,-0.515251597244734,-1.17369567334265
0.00300827405054724,0.428859516726367,-1.38225120314323,-1.50313779845186,0.00274347528281657,-0.358564767351059,-0.367776333605096,3.51814264948055,-0.40313286047044,-1.93465151689818
-0.600993261685469,-3.05783765217028,0.799571393984061,-0.150400760669732,0.859340830570051,-2.03908994520029,3.14522495110877,-2.32420505475941,-0.0338193925312087,3.72231373044153
0.040175512750216,-1.01050437107961,-0.776302584015973,-0.185914889993787,-0.828890035567085,-0.774210368538865,-0.507027612656971,2.10475042586062,-0.486350011878079,-1.22298873302351
0.507035674688391,-0.273374197874697,0.995904272681683,-0.331470421090495,0.176818918444588,-0.0357172331665143,0.764487180577116,-2.16141266382489,0.0503962544785587,1.18615995547477
0.865538038584219,-0.0210161987181291,0.0444108100379887,0.265875080075757,-0.862183201085768,1.86741359545589,-2.02824541299535,0.816815003381324,-2.23437964983797,1.54966938461642
-0.677370653131898,1.6731297162063,0.276754341918722,2.29895437871306,-0.943976210741816,0.626492931598406,0.0422812738116166,-1.32961448600802,1.6099199146536,-1.09303101035726
1.21381115528902,0.339417580088339,-2.49956761646217,0.481229267484433,-0.410309938214611,0.77919516477687,-2.10340955696598,3.52156271821016,-0.987988040609937,-1.98220604975403
0.632925655327234,-0.702809811674944,0.300669218583574,-0.173458655170853,0.646444162332724,-0.945949951724104,0.706792248593192,-0.603526824612992,0.452687199437926,2.09490612356004
1.03510551637792,0.825828272530791,0.0788278546154005,0.299270226633713,0.651009128705933,-1.84229803477303,-2.63291079339009,1.48563881125018,-1.88277519063881,0.0949496571256531
-0.25407362373056,0.516162416389008,-0.40040636135816,0.593313457653222,-0.396073300202464,0.480443689439748,-0.231053902559578,1.3246125217378,-0.209705869779122,-2.86579882825038
-0.315073133171371,-0.229975356319285,1.20534678577927,0.472893395153138,1.66899856108117,-1.34618180672774,-0.0775693231818484,-0.810014851851218,-1.16391472502572,1.7667640775547
0.448507436897445,0.913519979336789,0.274222811921564,-1.27600152723344,-0.201905715660237,0.376124136165093,-1.73718772526654,0.37183048714397,-1.16566297859353,0.495391467416436
-0.696298929448396,-3.06391192831756,-1.19125543945293,0.876782736060033,-0.608500782641545,0.690515431950093,2.33517572830407,-0.177224745149047,0.379729316444275,1.77853793715403
0.331028924071069,2.54501347787449,-1.00348945301504,-0.748625595416528,-0.822686274593867,0.50950211042022,-2.75831336284994,2.88560911489787,0.208496251393091,-1.98432323618685
0.930311703897771,-2.80791639673002,0.0666654472364623,-1.51007794606729,0.662804621830215,0.873104591448826,0.701720676417724,-1.09963469615967,-2.52252874010188,0.963670544694704
0.658070461901968,1.69024344044063,0.668027442164539,1.03473567027282,0.344861166395362,-0.0135975173856966,-1.00192311891399,0.067205945318274,-0.998422709528469,-1.05735368695479
-0.102618704122911,2.13295289879539,1.47259571071291,-0.477815899980198,1.11371813759912,-1.52072073410132,-1.95870710745606,0.270456126777886,-0.261671500593709,-0.470289356688937
0.81782914932598,-1.06384094251473,1.35110195571747,1.54848672048905,1.22324396295225,-0.57784767453417,0.720488403003582,-1.44598620420764,-0.0919979025876796,1.48577211205517
-0.936072786476695,-0.922393350590867,0.25254443611068,-0.317066072514215,0.88593046821755,-0.046199837658607,1.11748556328572,-1.11093947083419,-0.710845177165101,0.428105841598251
-1.21161874119567,1.94044052470329,-0.851809293529607,0.802931430543875,-0.580272351511893,-0.495477751079897,-0.287453236158995,3.01580264284533,0.948688056914819,-0.855625627346601
0.135275092029651,0.0865126101224636,0.453629930963823,-1.88392558143271,0.462191311219989,0.928009080050367,-0.66209338271539,0.736464157648674,-0.189546216759723,-1.59881707115821
-0.502612640740129,-1.67384351798675,-0.572679913078996,-0.929805370347595,-1.10585240854966,0.965323317295157,1.85062846687321,-1.11178935774484,1.60107763105263,-0.623379279845237
0.371216822610982,0.542500565730773,-0.798178050246602,0.308995333408744,-1.18277684017083,1.9841087811165,-1.27940024222585,2.50165950977945,1.24813466873007,-1.96509124041453
0.124160301393504,0.687364500810153,-1.30215869752528,-0.326173776304531,-0.913665481585724,-0.622256061656922,-1.36602158020572,2.75697518318434,-0.317865349533274,-2.19871385103752
-1.18934451961119,1.92416089561879,0.933844857185247,-1.19495505119862,1.83629523183983,-2.54161187682166,1.14476495508299,-1.63264413312113,0.842355455763122,-1.68082836842112
-0.838967072965503,-2.26793280284334,-0.070665787229374,0.0827127732580453,-0.292318243907019,0.703196700991299,2.78715309146733,-1.359154737662,0.425786820128911,0.370662694023946
-1.5426508036372,-0.0763813190011702,0.429754605061306,-0.118266560432173,-0.41966760791707,1.02569331041527,1.56564309388842,-0.231634896223637,2.15193667458237,-0.997138096773645
0.750938672372173,-0.302651271158425,1.29005489855899,2.92346274262625,1.20045372458748,0.138269046772626,0.0842204326408135,-0.327236939851175,-1.39864420387115,2.81636050767633
0.431117044741714,0.754929525180782,0.126366160754099,-0.19170393754142,0.954045663883191,-0.460661974773334,-1.41912152025342,0.0179040978262037,-0.264913461116057,0.601146375649592
0.352294667654066,1.52021206186024,-2.12963984470237,0.169283423569614,-2.11038691994993,1.0559873712394,-0.273322592920579,1.86597972256573,2.51747214981061,-2.4902737342908
0.38193008969303,-0.0212212995921824,-1.61491056870253,0.881192287508943,-0.381327129584584,-0.215165524903103,0.256583039486186,0.711806646899755,1.09497183039857,-0.159774579449527
-0.908630996390562,-0.446408102991219,1.49966124589795,-1.0436789349377,1.00197340998505,-1.03377854253501,0.630733967807053,-0.29106639501703,-0.549310678681384,1.61352922205914
-0.213453809238498,0.110282991102952,-0.45552390594336,1.00799417000115,0.157298112802758,-2.20520980412592,-0.312393835819106,0.615349810863985,0.650214767979166,-0.56613665403629
-0.775816484325055,1.2373044201963,-0.407266345289519,0.250779514117175,-0.887450927013358,1.54608460113568,-1.45613627537305,1.09530128928593,0.82817392759557,0.327564474463063
-0.109937274336758,1.23821065048914,0.354446247332865,0.865298897779968,-1.14166165291567,1.00278520008996,-1.0559949188663,0.700664398605033,1.74883129195073,-0.142464860353573
-0.645168141336232,-1.10975678572539,-0.299033246149469,0.480539513618375,-0.99354756955143,-0.496285796531489,1.69780785740087,-0.190981811378256,0.726110020587538,2.50307686608284
-0.0319857016708173,1.34219119990891,-0.35374559801357,-1.24379457328807,-0.156792964436861,-0.0168490206277333,-0.258736299934354,-0.172071097687418,1.52962314168022,-0.969114731282482
-1.13458321767469,-0.678132064283995,-0.445281317878951,0.33939682399,-0.586506357578135,0.497033534485744,2.07184231346747,-0.407132902260433,1.59028101146893,0.323500837860334
1.67482980285282,-0.655433407234671,0.197044137350115,0.201936103472917,-0.534369952831381,0.194922005195761,-2.13920725128047,-0.551499809027119,-2.82791081015989,-1.5959325424974
-0.611958664563711,-0.9276678278791,0.402558641172774,-1.84701170596092,-0.667563980219494,0.58616459856451,1.5349317357727,-0.425758011741627,0.0892900402504464,1.80372872478901
-0.123315513220081,-1.35714823499742,0.63169885942478,1.52255492605142,0.225058472859386,-0.714729018609764,1.81979909797811,-1.6057899262058,-0.677911241628541,2.61093949260494
-0.72070570374991,-0.368452072103792,0.547471495273071,0.730281503249467,-0.838122716925864,2.03070007932226,2.45887010862534,-2.3259165628939,1.61821843529661,3.01418519888477
0.767357691512268,0.0534458776273696,-0.135233408128947,-0.130194186474856,-0.716985485427715,0.93616013500255,-0.0494337703733999,-1.23214790151049,0.152316591777741,-0.133397814401941
-0.405122669592603,-2.3689987773139,0.0447055728339038,3.49866477728523,1.35836379506997,-1.79763589176772,1.51615586719216,-2.12906931552462,-1.65271071261382,0.531250640280678
-0.311967228004375,-0.564302779471291,0.61254934921233,-0.739896582409541,1.81426473117486,-1.89557616177163,1.07714104761746,-2.0993547789249,-1.07552110897966,-0.46835961365999
0.146232465805744,0.809095541762027,-0.493800925424056,1.22542197439159,0.0132745838390853,0.491746242565047,-1.80843309774883,2.36048863379642,-2.55901087447923,-2.79612048258275
0.314580141509813,0.508547024462953,0.0242663897831104,-0.615309180374206,-0.421273124224079,-0.603472421187929,-0.045581465095267,0.0247284414913383,0.663404005287319,1.19984430451964
-0.130994047034374,-0.616187057219522,0.319516828050898,-1.56015014354084,-0.428229083985719,-0.253861434008782,0.443686390844302,-0.73525220726996,1.28581844667367,2.65636316943883
0.199882727385078,1.06029091921406,0.281344533281031,-1.12902361342778,0.171704829177661,0.608075349944202,-1.3495544386542,-0.215218802082946,-0.294591656759159,0.826564315916186
-0.57334943308281,-1.8757771230404,0.581889278244598,-1.66000735544731,-0.169806281078154,0.175709946581413,1.25460988870817,-0.607960712874967,-0.61749497899975,1.05238707760611
-0.0828564812228152,-0.34902682109998,1.14116317632833,0.203213415694092,0.633741261406032,-0.612516714641201,0.277876912271664,-2.23590605460449,0.669468261304081,1.33896865035888
-0.176912215142935,1.71123436129707,2.012569403298,-1.82007950223056,1.25667652568226,-0.473949448791394,-1.03790345870484,-0.629827870338868,-0.178773644317773,0.693738460986925
0.352205674614977,-0.841069906380466,0.305351990343499,-0.668619507492046,1.38178571379963,0.50628901145194,-0.598581880833685,-0.0335298725183948,-1.54399938296326,-0.0169343864789961
-0.284568173620181,-1.59239544054602,-0.786562391496226,-1.12678278450195,-1.22759044877149,1.34028831089131,0.619627864208155,0.195566641451358,0.331349649891323,-0.524893218433076
0.200580937918104,-1.3939517255747,-1.17629928504917,-1.05988883583568,-0.746680864714879,-0.645768045652006,1.07312304077077,-0.124066796764018,-0.513601100173985,0.993949200830182
0.215434267136553,0.598983786931714,-0.924593496672457,1.71933856317307,-0.253206660306248,0.016933921153755,-0.919841077577505,2.37004459573934,-0.626386308167401,-2.03763704379223
-0.350393645256635,0.0229868003474022,-0.135878617327434,0.0187252695473343,0.552171461196326,-0.244131880179614,0.663841889435896,0.0458241677225453,0.571303517900162,-0.710133479479139
0.263546038665966,-0.451336281224188,-1.13827474067796,-0.499653409748332,-1.63137313321435,1.33939190199053,1.06148218415081,0.249556170189124,1.4190720334861,-0.648156997761485
0.633787793060826,0.613285620323012,2.20266139349356,-0.183811650022055,-0.0732127724487663,0.00302911301517624,0.873845304217772,-1.84525611462102,1.78221220252737,0.667181665966111
0.194449284567149,0.10345753158267,-0.330137381476681,-0.310052582678966,0.672084084071622,0.518717583982219,-0.578656548055164,0.655989630063229,-1.66808526844511,-0.904764994796085
-0.182504058067494,-0.620326806077708,0.42240309104005,-1.85174772596256,-0.0382384586243956,-1.61832936873236,0.54098901900359,-0.822583986563865,0.275263334271648,0.432793664675392
0.846633108596213,-1.32140791292295,0.437722299495193,0.459839713889066,0.641153552045858,-1.18116604961402,0.592616695941068,-1.94843075075091,-1.8386779323348,2.07359185880843
-0.482943542076552,3.38994364095933,-0.854087385994913,0.463081854538215,0.038729152278486,-1.54980245136661,-1.21943397995486,3.45043552924624,3.28882658958938,-2.47327780030054
-0.397842448359079,1.04257555470805,-0.841167484617117,0.555114460051638,-1.61483985774256,0.264270150038374,-0.387500374761983,0.803318633303753,1.91343437131672,-1.74314531827936
-0.0672586954637895,-0.564118737014183,1.00514115277761,0.136274178597464,1.3652349692714,-1.22536806896898,-0.846341357730259,-1.17950561385554,-0.94456645823203,1.76760714787763
-0.471173940370225,-1.80264258286335,0.49251352735583,-0.170293726569403,0.815365997609607,-0.462381001428706,1.1896794051486,0.0828201087183915,-2.06304536092026,1.84940210177436
-0.216616214925352,-0.270109506827143,-0.603230699486638,-1.73090682572084,-1.26780534757079,-0.799883026339421,-0.0609855912164263,-0.0891748943007506,0.610411836742477,0.360968541799557
-0.665623350295881,0.248310090714368,0.0361285270298291,0.781800168091865,-1.09784072744642,1.10677755359794,0.391619988790572,0.0746924002716992,1.13275309264112,-1.31429542510698
-0.372146002428394,0.782018188906901,-0.850971519605212,0.657568303452273,-0.62897910835509,1.28206650577744,-1.45924969853421,1.66852792961287,0.489897367157263,-1.71254010585027
0.633961516874244,-2.07547718171379,0.394513247287912,-2.05087554226635,-0.477767436502878,-0.550960650674243,1.71056942227388,-2.50217674170303,0.68836646842861,0.911857033191632
0.691506456946277,-1.31763476907672,0.812155870833844,1.18742481638543,0.38451376766596,0.027453377484953,-0.048508734134552,-1.39904254297395,-1.2428767364731,1.48341249138837
-1.22257784080665,0.266152605471818,1.62962102493457,0.44481817158963,0.66940026299669,0.408260664250683,0.684737213494514,-1.32265780987825,-0.317928079754112,0.979169217743446
0.516260451620767,1.25551824767791,-1.66576337324832,0.275576358668303,-1.62973441032659,0.471664046154835,-1.59676768963529,2.27856838193133,0.673623592896655,-3.51926803836133
-0.333575234842229,1.09309416878816,-0.804906212974303,-0.512921599738461,-1.90171300809131,1.94997957960048,-0.340476809997063,1.34565201420857,1.18748751072557,-1.01143778675102
0.491674339313753,1.07727654365706,-1.05038396647614,0.394611823734001,-0.306922710806325,1.13119468137493,-1.17015215975925,0.917215903488013,-0.461358016008663,-2.55225592391117
-0.257282988583949,1.13809589237281,-1.91328105087837,1.28655015217769,-0.389946796152495,-0.497123033804279,-0.224630139507574,1.65785042919068,0.363505379371303,-0.809627000490977
0.627565687092922,0.259544557334321,-0.965931446399467,1.12305560477923,-0.385974280281939,1.60500250594051,-1.42651371155464,0.0820092006925364,-1.25295973706999,-2.10851478070443
-0.301693180946875,-0.246176365150018,-1.81078055104255,0.263725304697464,-1.159004209265,0.863638400628476,0.495087939087701,0.923419492359417,0.517602443941031,0.109544574736051
0.796261165976293,-2.25251183920875,-0.00940210978619037,-0.215111645053868,0.0537322424844458,0.436261331550613,-0.181035872109752,0.330127573478474,-1.87036790557531,2.37380810789646
-1.14889396060999,0.475260043020602,0.497299383013901,-1.47674496000883,0.190303412910736,1.24412586277595,0.808384492858291,-0.95587844774318,2.2829610545144,2.00954487942718
-0.506075758013098,-0.439010101755013,-1.9749309225501,0.555917432074372,-3.41441414751647,2.90470078210345,0.563418913300255,1.03853242028573,1.79885229515012,0.00292349011770387
1.00164481813147,-0.0316138706103517,0.891066264144869,0.568861548179728,1.28289003811795,-0.531466734704906,-0.865382846907042,-0.80444602494985,-3.08966817256002,0.242353559279774
-0.817655875583465,-0.3528002502751,-1.65148507446964,-1.76645867464778,-2.19069096262637,1.81419134632194,1.024761614483,1.764720955254,3.38806434841453,-2.18943282939535
0.394522853734436,0.149220354851506,-0.735052920457197,0.536685105610191,-0.690927146896729,1.22204803370372,-0.579433268105539,0.564198582057732,-0.77282077196361,-0.671771944680802
0.698379329241046,0.820194622754484,-0.713382753550687,-1.05389157166734,-1.6003322873891,1.82308312395606,-1.62041723926437,2.14821750642643,-0.846535833289261,-0.572954866194245
-0.968575788975187,0.997335157553523,0.409929042333423,-0.50110233120051,0.00212643532935059,-0.1020147405188,-0.298589880972006,1.15561845432323,1.27532837992003,0.84270318363875
-2.2258011410191,0.356025962163273,0.35596744001031,-0.0246975721783284,0.44124748631981,0.728858669679273,0.473845886125826,2.10899801785687,-1.04743480325201,-1.43129066377224
0.730918357581782,1.08693438550805,-2.46098934781198,0.255130801254018,-0.209829327940886,-1.50625717850627,-2.15580914693831,4.73652609815193,0.0125994553188107,-3.76874660077893
-0.181445744682039,0.165943116259517,1.28935425900248,-0.220054559644236,0.758218975986167,-1.14580517057574,0.283907112870854,-1.01662808007178,-0.407238274585612,0.735504113604272
0.432530383406199,0.465300758710371,1.40199597188024,-0.130270962434092,0.918219352763449,-1.71726467526884,-0.87166063172438,-0.145981902781203,-1.24839782844079,-0.536458582517516
-0.490971494135511,-0.254350786462097,-0.0340799945999335,-0.49897280593854,-0.461985565725263,1.29038351632828,1.21741026677776,-0.738840585571674,0.485180496369047,-0.685081818023728
0.283975913716066,0.604186479121774,1.3745902688323,-0.0418683193906199,-0.0286471943168457,0.0624704897009778,-0.915836143935677,-1.55878069187221,-0.0014484463168,2.37500406575391
-0.31208160223648,-1.23431243656747,-1.7462389805704,0.75125143480752,-0.347301480648176,1.0301119286061,1.78888848925086,0.524443239380797,0.22370501525176,-0.429173588186681
0.873811853060054,-0.374191697091255,1.22340543600071,-0.504212037587089,0.832989588399639,-0.591603073130264,-1.71761942118935,-1.04340037760696,-1.37072133001019,1.7266816264405
-0.0522568947289025,1.24915796155197,-0.988722230744054,0.510888769001086,-0.875828659707165,0.592962425618907,-1.20297209608495,2.43725206894411,1.73303816265483,-2.25758270599263
-0.404969937420841,1.8215502925052,0.315749138395388,0.730659110853269,-0.291176601599594,0.826812258277472,-1.60038034484027,1.82949135516621,1.71893706548506,0.322588034052684
0.116939662093119,-0.667409234007517,0.505270540321085,0.94690934775801,0.51381387854168,-0.0822782331896261,0.677340498034957,-2.04261588042292,-0.360605747781092,0.323230775541554
-0.0521603365224279,-2.18325103128673,2.77833134147982,-1.4365624896545,1.703106228423,-2.24307368181499,1.35981420615305,-4.09739778833421,-2.82693215541369,4.14446928689402
0.838658322181226,-1.521419947739,0.0179675533256495,-1.34636202679364,-0.0332069014833601,-0.201643961849509,0.278181845989634,-0.635408689233013,-0.989315433175554,0.785483781744925
-0.679542476786342,-1.59252927444318,-1.13682167744865,-1.77701740530312,-0.419908431654928,0.71670574615676,0.160268521355691,0.745651486716645,-1.38072168019008,-0.777455691256562
-0.848750883296643,0.120531601273022,-0.382248528146933,0.0335237513911125,-0.0100514500624815,-0.697099688277463,0.761762638260453,-1.07081707188853,1.21407855280619,-0.0227535415978484
0.446112822871156,-2.08007149556928,0.489033038960956,1.69275144784076,-0.332713979895935,0.950254466306259,1.01300006600941,-1.55635785470639,-0.667689884505721,2.4364826494716
-2.39585271905882,-0.781002900520903,-1.52307766438009,-0.867686275271267,-0.683536245058015,0.244756490923504,3.27630706730815,0.247762790863191,2.57909282401274,-1.18440368420257
0.1112421663071,-2.0212608148896,-0.513372123086574,-0.149409677405241,-0.994866081575057,1.1747793206628,-0.02143473106601,0.156876198705932,-0.616641171425428,1.18619241208209
0.511640428000188,0.408971816689775,0.660147705344533,-0.343219223921872,0.938469994637114,-0.694873314724604,-0.70190679811209,-1.2961836092823,-1.04677390141626,0.722245960754369
-1.04365831173839,-0.0069533289251305,0.947590412166618,0.980391352455344,1.0039721764464,-1.30188861704456,-0.0727877568061405,0.0425649788228507,-0.312997796105577,2.21250976626728
0.539295715619537,-0.431031604964371,1.30391275247036,1.54411807252647,1.70538318913194,-1.25034579382264,0.539484717006464,-1.95663189358915,-0.558261785802552,1.53870062183038
0.331133654252519,0.824649956785983,1.64397907551366,1.04272825356724,0.581496278647571,-0.901143501205508,0.168641862646545,-1.85971631681785,0.607721005445619,2.18601291555555
0.130276525697109,-1.31008310853153,-0.376380672694545,-0.0735239225020419,-0.796019986634481,0.728322187616516,0.721104346406013,-1.00415781052117,0.878688500226921,0.0468160094377502
0.555925111428597,1.14088734499938,-0.700064039645551,-0.53362438191984,-0.576822005656223,-0.0938146834379593,-1.14505207823208,1.57021613380257,0.298542857887809,-1.79373275345425
-0.0400140172547391,0.818312981305433,0.164657732036936,-0.906887250962047,1.14567409940886,-0.714515972757075,-0.0749438892203194,0.597253481687832,-0.248306481998777,-0.113326420363778
0.335971376565731,-0.636599731467733,1.83935673739207,1.07678416219794,1.25216737703599,-0.504624943525027,-0.638971635157513,-0.695453877965216,-2.02481908328472,0.635909396115173
0.760908973717178,0.960350757687125,-0.590597521547062,0.900616638716925,-1.17065997404721,1.1756391975162,-1.535362277269,0.947592077989892,0.401667967388766,-0.434936111249554
0.425012216785753,0.916928144690923,-0.803598482974766,0.201089079741769,-0.449209262008023,0.874329031508381,-1.62174581757378,1.15353112478789,0.0192641508751812,0.300172363400027
0.333612925890701,-2.32235168129171,0.416360226421241,-1.83389128298402,0.916442116538363,-1.85185623051952,0.688660096557498,-1.6796755247473,-2.41478734696281,1.30371216599491
-0.346735175358698,2.15025605762368,0.616932028934271,-0.317230134255871,0.136421434721,1.40307795901738,-0.172817949645006,1.12645374105254,1.55464349648461,-1.45985705987055
0.133866162303086,-0.0307233933837625,-0.158530586561659,-0.433832190721198,0.441225715414665,-0.791071651709383,-0.356333250420569,1.13133444688104,-0.601513681602887,-1.15952258925095
0.108951244523897,0.927623900264529,-0.379622515354885,-0.434745361834051,-1.62874407281973,1.79321982481655,-1.11632140149885,1.26071541392474,1.12068067079597,-1.96839930077076
-0.460913452437053,1.21362719666862,0.220536542401876,-0.96836389743865,-0.0507791670183357,0.374515358742258,-0.374811751407832,-0.516556772973685,0.831947603718422,-0.227443611780052
-0.320479070773473,0.447147973856795,-0.104634072619707,-1.09557173391801,0.123612971311616,-0.264116960889483,-0.617679677388496,0.918698423646665,-0.0828542987484805,-1.06824541282874
-0.474521528615505,-0.203976994401954,0.757190866211864,-2.44026112114223,0.840576012964349,0.187886243947094,0.32144950509656,-1.53979945383535,-0.199799228354743,0.212134333783275
0.42643516992403,-0.420288819330912,-1.50780604932674,2.07786318668994,-0.327224748689025,-0.595156978031077,-0.0642830895609744,-0.176587400404503,-0.277774245339843,-2.30731394785223
-0.511330619063856,-0.889111996888484,-1.32565236665905,1.3390123483144,-0.633444353130485,-0.653149221829047,1.1702990662366,0.789089734107602,0.729565847469526,-1.47104314645975
-0.290610471248503,-0.365526978688283,1.59752256670361,-0.727406663744947,0.750814529347063,-0.921752552406652,1.18008887885935,-0.844217714512422,0.0544405791668977,0.772037600738173
-0.401096909504217,1.3076131777804,0.702576930903503,2.07016740172654,-0.540748022649086,-0.617854779317121,0.520936104913599,-1.18593113474051,0.950611198763039,-0.839721497145676
-1.09755524697694,-0.325786918883907,-0.270575858376187,-1.95589498425252,-0.358345800000964,0.937008972644519,1.11728404860648,0.402481282573157,0.437223489641307,-0.992365111750186
-0.453460109497438,-0.637376856612895,-0.62681945569586,0.211244102739749,-0.020837715279555,-0.340683519824808,0.481159554082266,-0.474827978976442,-1.02764401155641,-1.95142044958041
0.321081154366315,-1.10247612484175,-0.227773793704495,-0.971096901027173,0.442250815679806,-1.01218808145532,-0.139330474330494,0.365424267012258,0.303576430733193,0.475858392747711
-0.35572192435478,-0.308885888337741,-0.302558812625096,0.142445223371513,-0.523806615050708,0.97826428525282,1.26993873106821,0.129212026225285,0.785094797261567,1.35935970221879
0.721487230778079,-2.98352912781725,0.0814463683750038,0.264358745700043,0.718009421126086,-0.606962667062773,2.68329611170583,-2.9819292253097,0.133655035602546,1.91605836920899
0.436656930233769,0.941359981422297,-1.43716258721528,-0.434924593232568,-0.96802284654486,0.247683259874665,-0.826902652896806,1.86864348623263,-0.522586338444136,-1.4525857858473
0.194481973127226,-0.94649315101748,-0.846408151114816,-1.54141626877064,-0.725799452589343,-0.0744297206157736,1.1399456753841,-1.45580598629618,0.348145371955414,0.737530819387698
-0.0959727994371495,-1.36726002201774,2.27646174339963,-0.000991688947688043,1.41171910571669,-0.812760026260957,0.658666699075614,-1.8130831879875,-1.56675725840565,1.52131715845838
-0.260275824300744,-0.0287751733001929,0.499353343519665,0.41162326032698,1.07707821602964,-1.13357375394903,-0.850674135810301,0.719839601247671,-1.80674886798236,-0.0727058832466494
0.638168717619776,-0.59776244146046,0.673934622095531,0.209377021882304,-0.0580579391762723,-0.812607215740806,0.15332759205909,-0.883497945216774,-0.116111901829177,1.57872466466313
1.10847742783697,1.05032879313212,-1.30927600001801,0.972452247571106,-0.794710471310874,0.672538310846828,-1.9095012446104,1.52296563364195,-0.172808969897882,0.492454151193784
-1.36142143723843,0.526117492951424,0.352928684166658,-0.378950215838646,0.109411266436069,-0.296473887099423,0.778135118191631,0.694389835416978,1.00303448421259,0.470375312587752
0.0788273559095313,-0.639590482246371,-1.50485274660088,0.753199786128001,-2.82961638355179,2.45461851796702,0.276460615764378,0.175095824679481,1.4001489561537,-2.22803330791139
0.329088278410315,-1.43564429028712,-0.494255326067018,1.47300193602056,-0.520455324545527,-0.576348592122977,0.793407030275268,-0.115185288982154,-0.40994950079244,-0.0193381951116589
-1.17868516388674,-1.95421610767,0.959431452075231,0.693708354438397,0.611867091641912,1.84363471931586,1.71398841065138,-1.70412614388894,0.551270694177217,2.17316195546867
0.249097398809656,0.570916233165725,-1.02047678571734,0.957554764404809,-1.3635748521257,0.536061990683891,0.0560456667802305,0.718039979002277,1.71654758738366,-1.76432790067879
0.209385924926761,1.81599089075822,0.539737892828198,0.358728144742502,0.536107787515028,-0.777887407807502,-0.344510813470002,-0.127270925639299,1.11734560624495,0.0564437942478355
-0.631768383940908,-0.816281706188621,-2.76957207722519,-0.231536981112649,-1.33788417189139,0.788516253984651,0.00483028947856686,2.45069181888973,2.04170889157691,-1.27458289283642
-0.648839481394027,-1.1298707688582,0.683528097755421,-0.00107471209130049,-1.04386932844562,0.681879448741843,1.31992494373231,-0.275468917067296,1.48482006544549,1.46708257206329
1.47913770676647,-0.0632453008571074,-0.663063234887837,-0.518680829067919,-0.413814951064715,1.2640151955563,-1.4054182781514,1.59041352447872,-2.63679806892538,0.186022773338262
-0.529176418476455,2.23867951825104,-0.486036246603741,0.94171904236427,-0.429415281344492,-0.442529442476393,-1.36055066345274,1.48698636662333,0.339709066838771,-2.99421331645437
-0.549924739057032,-2.43081293997758,0.83038885502356,-1.16739450051819,1.67896380722896,-2.31311840161999,0.788815891529823,-0.903622627540069,-1.90216960209923,4.30270080735419
-1.76359566909357,-1.16718545152083,-0.458904430068304,-0.581983610540952,-0.739119780742665,-0.429525573936951,1.56973170801188,0.0721113479523836,0.612573700751849,1.25495646222158
-0.700419433110637,-0.184933705650701,-1.66071080334952,1.19333969496484,-1.1309178224608,-0.156986747660046,1.44279589845929,0.317748579003337,-0.158377343322388,-1.9136030168127
-0.309686334065506,-1.3091998597663,-2.10050682282705,0.0373841401826762,-0.797625777630845,2.22458481989228,1.69131262928434,0.786176834478777,0.574428572184274,-1.86568439763367
-0.25087774950142,1.23368039982763,-1.03491876270106,0.191584134181806,-1.16426496882937,2.6107722168006,-0.670319653624821,1.9822449140957,0.861247497973764,-1.6347090522653
-0.0181594114063609,-0.0781337579176875,-0.269424071273092,0.851970880561634,0.683480380395168,-2.02467005581659,1.01690156924052,-1.72678916345666,1.7210554713578,0.20839205973895
-0.610751753431554,0.177046835504947,-1.01287770370262,-1.12507477678505,-1.14946911156227,1.27773040604776,1.49273806600765,0.102991326882109,1.48853169618794,-1.77086243726432
0.688575714931961,0.283119884812605,0.372746239420962,0.731211509643996,0.499905272790883,-0.93260433260986,-0.373443933709458,-1.64867263682701,-0.93279979435841,0.596835991889584
0.639040129103992,-0.616230800434544,-0.841566426965703,-0.623031651918644,0.0703800948832891,-1.10043894642089,-0.0732023243918882,0.948449350147927,-1.99711400968445,-0.49585138898792
-0.228000051173257,-2.46957985844456,-2.02432220292454,0.161980786428011,-1.85195931314744,0.662995132101541,1.71729172770895,-0.913503976161725,-0.285686664661249,-1.6136311216476
0.486933101096415,0.662620841063652,0.429761949026676,-2.35867110688444,1.98072807011949,-1.03675789505686,-0.859109799513387,-0.700163727327011,0.0229029214688192,-0.85505270757407
0.0959079681399869,-0.825028668349388,-1.83330443943487,1.29959519476258,-0.623304523752936,0.58202002193309,-0.826899978896167,0.700361872158061,-1.46797489040708,-1.38086494854287
-0.513412787411124,-0.376901861288505,-0.25813180788801,0.588754204924502,0.739866944579767,-1.27194668409757,-0.47005108256665,1.26611516083422,0.772426237048343,0.589350954555706
0.34937665527556,1.42739802381464,0.779686671141404,0.202633853799906,-0.713552667506192,0.484199623789898,-0.383097626497019,0.414392865998346,1.20863909939356,-0.198898337244622
-0.188637548164144,-2.78744113411784,1.42850157495096,-0.152525241925816,1.67047775467787,0.0451134869122483,0.797165919158054,-1.84978270418989,-3.07947247723111,2.96469542160605
0.128373995574664,0.366934915329383,-0.224952573543224,-2.18242555116056,-0.665150759860482,-0.444933513309592,0.444432576729236,-0.262625378005033,0.272624526866749,-0.208422652711541
0.136047990808433,0.20565725656329,-1.00486541691914,0.18652989657146,-2.32796637966889,1.25378307251205,-0.898016234669596,1.4186289752769,1.00202406161253,0.938306612239411
0.486630113188129,0.131557136512922,-0.210148477505294,0.989885092718489,0.0789444641623446,0.143129339337609,-1.15542916914823,2.01189644225402,-1.49562690965256,0.723127002867925
0.48749985883779,-0.821382333059109,0.55836372199526,0.890775665935534,0.555460074869485,-0.129874329907595,0.0530724331805827,-0.579034384750651,-0.302223692181909,-1.23554410845453
1.24447313275772,1.45466551216387,-0.244094741144573,-1.06319409951587,-0.0850728945052645,0.801142827034594,-2.58856593520204,1.28783884102369,-0.929948886824391,-0.924529590092394
-0.691705391072862,-0.264606135035419,0.183747703290356,-1.23250225875117,1.39160722614894,-1.50310029601443,0.4513105961766,-0.957430892630474,-1.280331360636,-0.100387174061203
0.593670998665904,0.352074397030399,1.21773847867363,-0.583691108056622,1.13352994643938,-0.8597337282584,-1.48509792435236,0.278460788848226,-0.888268225181491,0.583991111802744
-0.644495766953379,2.62395309096426,1.51345809988967,-1.13661007886593,1.01252821169507,-0.34522690488913,-1.14693335715033,0.213113236668017,0.754352809181822,-0.0536365665183436
1.09478620391611,-2.60660067889552,-0.782318929675123,-0.666446730105132,-0.510136312531741,-0.479715432609253,0.455976152855051,-0.725774931498495,-0.472115115787063,2.82381571696709
-0.0462295642520958,0.699381078973842,-0.675061268284525,-1.50058848960376,-0.40017512559857,0.374296946454424,-0.430541599897433,2.01785569850897,-0.00474063822115258,-0.932301670611728
0.809146240656394,2.13823804935038,0.849588482428723,-2.9627977216179,0.255349902176196,-0.099449208730289,-3.15048760078139,-0.15937194900709,-0.456362828657534,-0.188412343015014
0.734573110051623,-1.40797180614906,-0.434461734812806,1.40303527973819,-1.23450366291548,1.72670339486737,-0.706846705608187,0.117764443250526,-1.38769025302367,-0.335005521771507
1.02183815779484,1.73964679210721,0.99026844636126,1.45531537320647,1.03430107400368,-1.18824444668366,-2.80077735893444,1.23229164391744,-1.53583852978542,0.175890679426796
0.288849520704664,-1.95332541490447,1.28451472146719,-1.35285040653438,1.21617605337524,-0.89361303730933,1.47076911643664,-2.60646881939015,-1.16514014852776,1.7892920394978
-0.0427367280118717,1.12965770755421,1.72610595612871,-0.13706579912273,1.31636700232297,-1.40449065335736,-0.922756248557841,-1.338780250028,-0.921688717306065,1.11509360819849
-0.695553787983169,-2.08863566819876,-1.6017855961369,-0.468433935432618,-0.764766409905137,0.119849656471401,2.41799363775456,0.911190024039324,2.23629087886491,1.11884848894344
-1.01998288295118,1.89127130306911,0.632351083159342,0.742200242399917,0.678625009266448,0.229986210243791,-0.327607532012092,-0.223729880956383,0.832111387939948,0.171729644424091
-0.575464085466034,0.253014154443159,-0.689166231348202,0.290165313108377,-1.38927581894256,0.958717425845787,-0.40329517996674,1.17877792566328,0.64180547482352,-0.224969565840918
-0.796537676722518,-0.491083943137696,1.17517287847452,-0.741203911686924,1.07272317350946,-1.81050165106284,0.171102794546168,0.251373427872551,-0.650514962272062,0.360305331046327
-0.463603502654668,-0.550116637835181,-0.888521612343191,-1.34561935014557,-0.875090831397976,0.898355758103402,0.467152598571506,1.39693618214398,0.389138124202423,0.684308507469084
0.997306735747923,0.24083669599443,-1.1883837140552,0.139817565976461,-0.75584175261641,1.06262531557773,-2.75776931280314,2.67615614173404,-0.981342926592378,-2.16828481436678
-0.326546581996386,-0.691682468099308,-0.676890954880609,-0.945693974533442,0.100587447438846,-0.583537217928901,1.45425289195845,-1.45839525981552,0.554382477047643,-0.994915840444269
0.277790199572664,1.50159726992007,-0.51950480526349,0.524773704471241,0.530589629947412,0.776690411256573,-0.75003104153156,0.026047037544131,-0.35199779063796,-2.12391154018053
-0.566489403137147,0.155731948768935,-0.484507599958005,-1.61746555685906,-0.50469920381321,1.13469109466595,-0.954403333826956,1.55619068894447,-0.367068172238115,0.386536919487409
0.370569536984727,-0.923675138064363,-2.21538490879929,-0.812825269650712,-1.35547058113519,0.922785571434776,0.728806181767794,1.40642710224697,0.925603792604244,-0.605044867292852
-0.195091612750855,-0.728736934183832,-0.0175284347558374,-0.938692725383234,0.235394857293498,-0.643537372140939,-0.162713767071087,-0.610984875885215,-0.567065703502311,1.76300093786509
0.50339235936554,0.702526811261493,0.647357281692336,0.2115155882467,-0.69722086095553,1.79825432421515,-1.74697400864794,0.51534048228772,-0.268906720521052,-0.978533873690055
-0.252045383575485,-1.62089925002723,0.483729713468024,-2.05949375176041,0.172704741665095,-0.53696410351091,0.0714155522639679,0.240309409581222,-1.54011690660513,1.82148779595872
-0.267865884640314,-2.27337571889139,1.96331515692186,0.768523236062138,0.957904538411792,-1.11831570355925,2.12702064113615,-4.45199689920002,-0.202306991921564,2.40941072071812
0.911808850938745,1.2134542786926,1.16835838806208,0.919200761974517,0.557474874331631,-0.529443629346312,-2.02660713122812,-1.21091685733597,-0.181022255805524,-1.05533671199557
-0.53880219586706,1.00075811560123,0.269545434820866,-0.410510900178431,0.448719810460959,-0.484386785038676,-0.595106105281879,-0.229650184385689,0.750750213648755,0.0920203548394295
-0.82132559836962,2.2333894950633,-0.281028315185371,0.2953309211214,-0.439615349025684,0.328467525254729,-0.676549342935749,1.5229184686684,2.06615194920507,-0.908260534947385
-1.20870229369394,0.481012972403364,0.862141557400918,-0.305568456352692,1.07507690469382,-0.686935139959056,1.18538553387233,-0.906253333067106,0.323931063623921,-0.295636354269826
0.751734428823554,-0.259883410679828,0.76652847283768,-1.51809188988098,0.186270726332089,-1.02105674166874,-0.0269696171043101,-1.42931753910307,-0.295215323387276,1.38678179367153
-1.39643241345295,1.56281830088838,1.58572352612489,-0.945980001766564,-0.291082840236948,-0.532325116300932,-0.299316605113841,-0.794052047362536,1.23706905430704,-0.911223695665781
0.887931626787972,0.321598889100704,0.304123617824683,-1.49948244371824,0.233289460477787,-0.828336236474063,-0.651724674450194,-0.483518234456355,0.340724170299368,-0.0265002663781155
0.47319930293562,-0.064465838175065,0.300149436487822,0.154986610447021,-0.405266316372099,0.173861407581127,-0.604644143340088,-0.213526912900145,0.425768798705529,-1.12476069619899
-0.354192640330845,-0.760104180532251,-0.212733627777698,0.604777647282681,0.311404864309075,-1.04589454051666,-0.474192483457365,-0.857882915849996,-1.79945366673109,-0.876453817814978
-0.525465955424425,-0.353934117425209,0.0420859760691677,2.13678417560086,0.268076266238505,-1.17946297476467,0.445289283466396,0.80864904666943,0.637280735649185,1.04228918561455
-0.505765673854556,-2.66367318932343,1.50889889598157,1.08047176029428,1.27207362221059,-1.83137096682314,1.65341769742453,-1.47569797365346,-2.20562538912983,5.20847251678197
0.541192457267295,-1.17893301699207,-1.42292566598952,0.424087990323959,-0.784171982124585,-0.224144060265468,0.0902306415933454,-0.232955866779107,-0.228499762857176,-1.44382821847649
-1.29976002589263,-0.0760158067502679,1.95202706144077,-0.513723300906804,1.30265736256231,-1.02947902535277,0.96236767851126,-0.830018108462717,0.176042903385159,1.10236488495881
0.906641155240699,-0.537009636181962,-0.579267642668557,-0.189652786437563,-0.811611741380793,1.9406280227172,-2.07209294672026,2.97874480517055,-1.80518760745821,0.91987026837405
0.7674484641156,-1.09360721503898,-0.582941762762823,-0.49720403357526,-0.631719664526202,0.0751089540900042,-0.804541677358283,0.314315007107996,-0.841092815139636,0.410914319333083
0.748177149066352,-2.05529216228294,-1.06458375028115,0.910204379904258,-0.509545361813553,-0.243963577299743,0.0586257800769422,-0.107868595704761,0.0780562481045905,1.153159822846
0.660214597667197,1.56939785462944,-0.0395815280112365,-1.01206097404726,1.71021022713065,-2.07575989009024,-1.04586460186356,0.747728021040191,-0.226092640980376,-0.920248409358523
-1.90031453774372,0.416848154163562,0.362244827830512,0.348081617422791,0.171360098028868,-1.01954176612902,2.37839807355665,-0.67162866510573,3.57190845047541,0.337028157445653
1.47711086801842,1.11140651329044,2.52797202823737,-1.33120488897619,1.46199686515651,0.0900718294132958,-1.12301683059648,-2.33889627847381,-0.483024972626125,2.09432719890785
1.02458109693094,1.61325218545149,-0.520171380622159,0.818258106895105,-1.66420301793179,1.18405500285873,-1.4980828635615,2.04745625989187,1.3613216553808,-0.940614998665689
-0.228461918135945,0.711062853835028,-0.503704615773288,-0.373524844242994,-2.16303180915121,1.34471160054289,0.337382312393982,1.08022682224628,1.77582566064625,0.585076738965884
-0.611419725765489,-0.974508420604038,0.00908192968060545,-0.108707891372546,-0.0760844618058885,0.38441293469361,2.32006010250151,-1.50100132768173,1.38184768245129,-0.191484982520656
-0.987792460179715,-1.07999035970614,0.152148808886531,1.17884251757521,0.387417559547697,-0.660768887270175,2.40659388822422,-2.11590137950105,0.952265973312935,1.10858961644569
-0.0475597654201576,-1.53968141361305,-0.0315491274466919,0.606505877186742,-0.698939161622736,-0.059916774750948,-0.527251085147318,-1.03114415439611,-1.75515855916535,-0.897835298162965
-0.633596946340634,0.478228560014781,0.313012587358766,0.947246666103364,0.131353991876384,-0.0663366839827307,1.88767864545332,-0.693699743647376,1.22393313128443,-0.0472116245244304
0.0960594375364388,-1.61825709221535,0.571547714187539,1.32117481010053,-0.277522529119029,-0.721607319108471,-0.140198075613291,-1.37356595777871,-0.251713893558144,-0.869061710679104
-0.806767907925779,2.72101496398126,-0.832446478864614,0.894729607676076,0.183887828454454,-0.936585304392971,-1.30110222497573,2.91308806398469,1.51228581643957,-1.98255964557146
0.227496908097623,-2.03259404609408,0.526306696465364,1.33287434705414,-0.448100331187543,0.932274649481637,0.593054855145844,-0.761519705720721,-1.11213697153388,2.44457325262542
-0.206416878731245,1.4810704524915,0.995097315451698,-1.40141741046737,-0.328951918014286,-0.289913532972975,0.577321517779676,-1.63566026626611,1.54364081424359,0.936569626773978
0.297471483970942,0.851093860808136,0.143460239031139,0.778041869311528,-0.00231071987278791,0.0205632914735305,-1.66759929255634,-0.744205423658376,-0.12002532851571,0.385634837146593
-0.506122450979026,1.36879725133178,-0.93177583200389,1.41213561050585,-0.581166767485609,-4.45139544341822e-05,-0.738860640203937,2.27241541434917,0.541878564028902,-2.22073331036215
0.493385427197406,-1.25541757200531,0.0467753439771844,0.999768650831659,-0.207517183191352,-0.610769668964393,-0.601147416278919,0.964454460154845,0.0827336762748948,1.98011313687034
-0.930634523439938,0.752845763708354,0.603049462497094,0.119977252204517,-0.757634657256965,0.412054918294257,0.392957577845288,-0.485077502184242,2.52221348120449,-1.61224986733753
0.213801240497978,-0.388558892636579,2.11648006251068,-1.40490810141467,0.630747589894701,0.0342476441774953,-0.023786668686415,-1.79479411437556,-1.35653090755499,1.77092692075327
-0.676865121426129,0.941489888253555,-0.980850344838993,-1.67513886196259,0.230001269532406,-0.668050669109346,-0.371720675421084,3.13137507462179,1.13099780290535,-2.52700512081333
0.300938157754223,0.490348890693174,0.385184601140908,0.62193155137993,0.803548018758321,-0.293001736728588,1.22497353699921,-1.14463842930294,0.47637996133478,-0.937538657582215
0.478923928456884,1.21709554726764,-0.519492491590335,0.53436021505866,0.597380701725711,-1.09054160709537,-0.944515252350923,1.15443214129284,0.971463151306537,-0.530496247478738
0.428063041542684,-0.522573917939736,-1.27610233235219,-0.717150710867921,-0.938613553307517,1.30515581201172,-1.31187717270329,1.55705236321213,-0.750309158363152,-0.328649981596708
1.3827739001598,0.624857727651614,-0.513758546343344,-1.74859662134141,-0.367299768150798,0.545295058657748,-1.48391372841077,1.36887470439731,-1.2478076411308,-0.172513003871792
-0.67665338589556,-0.220859658914486,0.688858859926051,-0.13440243835058,1.42168976647145,-2.07197829078422,1.58996159167569,-2.20156502447114,-2.43122406262519,1.28682124424007
-0.263671629844993,1.86912825851548,-1.81308033790437,0.00637088692768349,-1.29417525807596,1.34398734662078,-1.77086835721828,2.08293231898554,0.151426857813611,-3.04610471704377
0.443172723884426,2.94477897670001,0.429130806217577,-1.96622312363802,0.309204688483155,0.3112836541759,-0.986340742163416,0.382548108102583,1.92322217466285,-3.14619020283441
0.442996767450766,-0.524149315620966,0.281331499391813,0.205051383668361,-0.183260456178768,-0.0721737342346468,-0.306224305528335,0.124179210879945,-1.08147201406165,1.92604161556337
0.833603620272378,-0.335040508485446,0.666990124919862,-0.799763667774147,0.333625912854751,-0.639594202743306,-0.133700610183663,-0.77970656074618,-1.11380319414508,1.50820162972042
0.7273059535518,-0.577806579363387,1.2323028348622,-2.21236614222333,0.675124626029716,-0.381749360072116,0.137520151950745,-1.17401931341147,-1.28705702039846,-0.115394659913147
1.18256405957552,-0.332195112872931,-0.361712600747417,0.0296472418874986,-0.479535481345723,0.513096665731674,-0.909222630281733,-0.479271726116541,-0.599137280130737,-0.796169355423548
0.348129738564755,1.70811891527252,0.241951585164101,-0.123275433688394,0.590966762626571,0.283916313986122,-0.304613761371268,-0.144972047620937,0.6250162915895,-1.66654114341372
-0.355296530189688,0.80071174491739,1.69179975477415,1.28875912775033,0.103293263792932,-0.218316966780302,-1.55472755072874,-1.26690027255265,-0.403538726029186,0.892434691835906
0.628811828745595,0.00826787876112645,0.895857886500428,-1.19114312749552,-0.0466108640878353,-1.06572060184509,-0.814009974196396,0.504664056527482,-1.79066728278398,1.6168411250016
1.16024226890853,0.683916525027835,-1.86913654595786,-1.80388132636168,-1.76055784500389,1.8638582706309,-0.817003892472756,1.20866820673097,1.08483922809781,-1.83615097611298
-0.24452089252699,0.83334178691108,0.796366849075243,1.83512745728749,-1.1383552392911,0.880927339523918,0.416997268132919,0.086413019219763,1.49671813393794,0.108210524349639
0.0716387836473385,0.218615258698251,0.505515154086256,-1.51693763529535,1.3855212799888,-0.585414039083846,-0.556765029106065,-0.356726939304706,-0.668880616519203,0.722322249113039
0.00539187238729769,1.84747217492412,-1.17334781854904,1.38735330747674,-1.64797536319446,1.37246642676764,-0.31741697673789,1.59993619292873,2.19899156404899,-1.22158181064786
1.73870732306036,0.402281655472905,0.0765208027520812,-0.361470997391258,-1.10406332673668,0.238450327879412,-1.44550955457734,-0.888676353205626,-0.20875971917887,-0.286457485897211
-0.283875849977456,0.912740581441298,0.168081819036456,-2.48437277690102,0.113652156032147,-0.275645008776361,0.236212687725146,-0.952820670665349,1.3429394973628,-1.6008663157905
-0.838446408112014,1.55740216201157,-0.391878226413003,0.252284562827399,-0.129334243929567,0.270811982232062,-0.423688115196982,2.28844493628633,1.69475159203007,-0.411325082992306
0.513377035247895,0.26056783977265,0.791332766460992,0.383138008998263,0.631465121870808,-0.476545503383232,-0.459651498016426,-1.03951601253013,-0.532651999858945,0.14860451564185
-0.102463384404609,-1.03057178945963,-1.16405102203836,1.38534335844229,0.555405136926327,-0.076930266256168,0.544258940468571,-0.295041009496522,-0.500677619002073,-0.188454817330878
0.0488101691793371,0.560773840731571,-0.499856033526146,1.15640372224416,-1.08375779933629,1.1817495813817,-1.20582099674733,2.12777128051529,0.230684993410461,-0.751711170357109
0.790248187357124,-1.83178278152313,-1.10723139133807,-0.740603710710391,0.768144960076308,-0.655015046239157,1.08102416195634,-1.26757817434669,-2.51734162394459,-0.787363469220824
1.34937866496891,0.211849872438376,0.470503074888499,-1.57259454558497,0.180877284381548,0.0487548477445493,-1.83253527544864,1.64067513484961,-0.915621578371968,-0.669019278150047
-0.204225051993114,1.29856411216641,-0.915440881710777,1.55880551493061,0.0416441810363386,-1.40007766004517,-0.689961433433871,2.0847464742406,1.31135355100372,-2.67943180954185
0.338855695591569,1.73009583301259,0.00312076916804689,2.32566411527869,0.96714776205968,-0.398659106517392,-1.07857930960358,1.51588661674976,0.288994912500671,-1.45300020737342
0.228123013692173,-0.967282011660402,1.10873899560505,-0.15395027449084,0.744250691351555,-1.03464293414577,0.271500494211778,-0.169173839385626,-1.35041352681936,1.5679517194752
0.662278614481105,-2.15700000455392,0.0455627870936145,1.79479573492642,0.229751355419858,-0.311754871273137,-0.0527116050158671,-0.338930173902239,-2.46572657088838,0.690047315521538
-0.224965534393985,-1.34745628185305,-2.59215857051186,0.516463042035133,-0.0831980674964972,-0.313975157146689,-0.563400971372897,2.30750016247264,-1.1818435637565,-0.822289828440362
-0.969511865821386,-0.937766893100585,-0.591508518512108,0.898081962799214,-0.317114831172842,-0.880383354939215,-0.214045936786693,2.31819430421092,-0.287949081291591,-0.3255492771165
-0.310810281863832,1.28542800824421,0.36752521117249,-1.2477330363185,-1.04698378508837,1.54509823692556,-0.298057958490308,1.24972504191665,0.899708450321405,-1.21653414058769
0.636220857708952,-0.0449548331915005,-0.917634961722614,-0.163501880459937,-0.307535678682687,-0.133175160376642,0.484665381702288,1.21583695567547,-0.601563838782113,-0.566920954701454
-0.515290923713039,0.448189259817798,-0.59722080116622,-1.21575342637051,-1.89951212087534,1.69412284997335,0.232501700622422,-0.161738698586116,2.29185276988785,-0.549249312468249
-0.862948365022439,-0.301928742007602,-0.428355125734983,1.11941372192982,-1.25572841124672,-0.381148645853352,0.70323298685983,0.0822344681932207,0.936796262709078,-1.78275639679498
-1.34270442919504,-0.266873090632148,-1.14687331235991,-0.777538037810186,-1.46057148706744,2.19545434092236,0.944706077929114,1.8500347216479,1.20522296648012,0.539253584696722
-0.0683959167810186,1.87759786747324,-0.564339934326945,0.421009549953802,0.588678478330796,1.71378368803656,-0.19903071040692,-0.175669128543691,1.11458060144121,-1.23879192699184
0.198454893280661,-0.853774192846546,-0.784720443152664,0.0471760893415629,-0.451838104044907,0.630467139703809,-0.0191284145282614,1.14447482665314,-0.244227679549557,1.07026301585058
0.369019134646098,0.64300261107393,0.21992681767894,1.44842124380602,0.262852498074276,-0.291960525221968,-0.645654228869841,0.870389360977445,-0.146317351208069,-0.140427505118178
-1.14253135968645,1.91658953089757,-1.65329328238051,0.0703289515524586,-1.0453776625738,1.53149862887217,-1.06073799851313,3.31294851564109,1.25208529568499,-4.85521905522418
0.396924232813545,2.99930193479377,-0.126886256587434,-0.606982665492478,-0.030512089048015,-0.690468531339482,-2.76664327816907,1.26412688088655,0.32859082834856,-3.71728355130069
0.414203485017029,-1.07430722914415,-0.680437128773823,0.00256537195192567,-1.14151617180515,0.660259215561192,-0.354081348392787,1.07151430223773,-0.599164457994096,1.06600742025833
-0.123401720879484,2.78393845619114,2.19674387155323,0.437638714375576,1.81107938898591,-1.61010364564561,-1.70063943812296,0.721763437503591,0.0773253080993729,-0.755958925485482
0.327377384507672,0.230182966041993,0.444807368093118,-0.988674821760244,-0.0392860508761382,0.0877824520991144,-1.02459945189575,1.11504749544994,0.0127053738206988,0.633664031934478
0.347240181271562,1.54818119462108,-0.424034077518246,0.635404892234583,-0.291433908477594,1.01415735755839,-1.97562647489549,0.987190363075212,-0.589994293906865,-2.77599089314866
-0.818336351631556,1.30355809705332,-0.0328229744925415,1.21007650811937,0.0985371503236085,0.027932893704149,-0.331656124319587,1.745073932777,0.585024937438091,-0.773650349676851
0.852540555269853,-0.727189067452956,-0.996692512030981,0.0426865280144187,-0.767787476899022,1.34672960658255,-0.0287353012503446,0.664948638887177,0.0513408992726299,-1.89202792578091
0.181804178087917,-1.08906415674986,0.220906625799001,0.858177485544756,-0.956359094164899,1.8907678319343,-0.483633156308081,-0.308875928158877,-1.12777055816557,1.93416273366521
-0.796137439356435,-1.03777521568489,-0.821659093376116,-1.3208349430792,-0.291549820919046,0.32969834539151,1.80890279525224,0.679748581583294,0.507352469969496,-0.705633982826701
0.355246379299237,0.125725130440979,-1.18991548409064,-0.0635830757588174,-0.0985838972233652,0.497083075227283,-0.215731503968325,0.494795016366319,0.673332996551926,0.472570528560494
0.199334197356517,-0.601090376952027,-1.08174641799428,-0.470067786421262,-0.651148202700848,0.440924575628161,-0.329833786884731,1.48842269932052,-0.240499367651902,-0.132147304447824
0.405578470268116,1.16763773957841,-0.573742288988686,0.661733188087798,0.199978795788998,0.277264236306969,-0.435482800322803,0.0977148503112771,0.646365736285713,0.146884840693354
-0.374291565148878,-0.759399042033362,0.338656880059254,-0.777979173747965,0.0767340314388843,0.369407288404331,1.2933366218112,-0.370420897368354,0.872650939710204,1.76831550174003
-0.791455593044451,-1.22836372437843,0.503867950278589,0.0232255189131838,1.45482228266255,-1.60374146310282,1.895963784,-1.67812886402546,0.257607406525488,0.304112867624338
-0.549743303515264,-0.279541273145017,1.33993791983825,-0.0914768598893889,1.22804836613124,0.0376678450580436,0.707201647741286,-1.98217010856129,-0.341727896066646,1.07954607905078
-0.678632549564857,-1.00632589623035,0.0628079057140746,1.1972117740584,-0.256497059878391,-0.39721559326262,1.81907245054082,-1.07720183767583,-0.0508344314814037,0.157845161077876
-0.287325367856434,-1.26704524256939,1.30810654219748,-0.511961237709817,0.424537490782969,0.118376458962505,0.244915570634917,-0.242280421106151,-1.22710166886244,2.16320349994698
0.430738933728124,-1.41962838281218,-0.485146163098711,-1.37169506054389,-0.629903194211927,0.8129760508057,0.322154285753401,0.466753869162824,-0.593606457378378,0.682359878850654
-0.643250675679693,-1.7430825791429,-0.844927538285079,0.0275454036182419,-1.5824933919686,0.824780127431089,2.19657023890516,0.039168747875021,1.86952204688237,2.14228949776989
0.0374217255122503,1.79638604966124,-1.13042313081791,0.61285474266184,-1.11812121755077,0.567456003758982,-2.30722285484407,2.56685157848638,0.780625852949117,-1.64505486765231
0.0124603393411184,-2.1932201700942,-1.27003489036597,0.271618094204833,-0.28715570941284,1.63720667332317,1.73951865791938,-0.574789840958114,-0.332446138991092,0.253602130675075
-0.574250380450109,-1.82652924008439,-0.198031771956052,0.931905062029418,0.23356614241661,-0.603334534742635,2.24442758372588,-0.927056155677374,1.32089100169402,2.01307448662504
-0.260180274698432,0.78454693059018,-0.650596787545632,-0.0401119468278056,-0.20874570458659,0.160704910886588,0.577801381922984,0.480685331135937,1.49923703485059,-3.90553632077097
0.559849413432809,1.10526414173375,0.0865876258969611,0.112194468098371,0.804208383980449,-1.41549378801653,-0.563883249211328,0.532264461734498,0.898598974039729,-0.553214870474578
-0.190451020118824,-0.00120309342427088,0.168263739675198,1.01662664907475,-0.0787083338162481,0.834186390513316,-0.195514431057876,1.17419674904553,-0.534431237570423,-1.25180257803188
0.747748581534636,-0.42385024673848,0.961414881507585,-0.969118293975293,-0.24285479094435,1.45397145844619,-2.41927554314225,-0.0267056264417096,-1.69211093684743,1.4588625775992
0.301222038378486,1.10871576382331,1.72538222962392,0.984216714754008,-0.34274380716124,0.677489717774923,-2.03589626353379,-1.4298173048038,-1.81045295281462,3.38277985191275
0.184255210429396,1.6257124071482,0.920651962658848,0.0726679469915978,0.396275996809801,-0.251441388991654,-1.17577890787051,0.787517471505825,0.967651219105418,0.307906539137021
-0.476356630503777,-1.12762496173346,1.50902207187471,-0.647668067472807,1.35590437422388,-1.89161974767656,1.09290789560562,-2.23592932180315,-1.51209753304588,3.62219161637382
-0.721536756922499,-1.10382645330739,1.38928418256981,-0.215895715879499,-0.549878583249776,0.349830682849203,0.922063294705188,-1.97595629448479,0.931846826955392,1.75343107036972
-0.40872032036562,-1.10983752613757,0.513577985818948,0.229935941601908,-0.271648351548165,-0.411876969944385,0.906037957345389,-0.632804476541523,0.770536018843484,-0.30037882585108
0.499067276871148,0.0696495521086474,0.580795503314394,-0.361653410815274,-0.360235944580429,1.41283740054234,0.218127002686859,-0.759215784173315,-0.669588783313708,1.14814602777
1.44803789065105,-2.06541909140197,-1.64567120122384,-0.298331343280672,-1.26292199451005,1.1628077783037,-0.62928042061832,0.434434701414608,-1.62331025077845,-0.742295333932467
-1.58756489954049,-1.99382736875098,0.28264847882351,1.24657346845931,0.4277591232007,0.265522862526444,2.12918482870535,-1.15792812889276,-1.05030964034981,1.63738284480065
-0.311904146137275,-1.34928810735778,0.340783417638232,-0.710372737980083,-1.32758089577439,1.78208785794719,0.882670094173333,1.58560949128034,0.238925078730446,-0.326809583441608
0.192733390473957,1.26189666059185,1.43701946762837,-0.104591030976912,1.29327047053423,-1.55593843883936,-1.35541796724772,0.279172364971424,-0.288300458393151,-0.70294846196614
0.428755841621965,-0.91564299295883,-0.329180051975967,0.734306805088717,-1.5932305294394,0.555945009745254,-0.27514557509648,0.280339361585673,0.930335500455912,2.5193195735898
-1.55182868590377,-2.70456192108035,-0.0222190901239373,1.15792026314686,-0.488295074197297,1.13348749081251,2.91597089015359,-1.30186259667177,1.43242167061843,1.78330057626884
0.0240299371526953,-0.750224647719752,-0.660624663882469,1.41599548857449,0.663864201039673,-0.976514547825718,-1.06347722895437,1.57385269480485,-2.37476100898572,-0.92439025532262
0.336470025024584,-1.00142547259052,0.57119046920492,-0.0667096792780229,0.37047843195389,-0.812056100380005,0.719912581733492,-1.54796857724189,-1.07151398238956,-0.0466657977490055
0.24924021394932,1.16753758952876,0.275970748750438,0.411716394878239,-0.190431101162192,1.2344303683351,-0.929415631602629,-0.215497316287049,0.411518408008796,-0.399898415807855
-0.532826834992113,0.591518040939648,-1.02241734606614,0.0416429268178841,-0.223722714911449,0.646035279634256,0.721220052672719,1.78426560664074,1.77936355317571,0.389837978886451
0.107446942087595,1.70455675867291,0.421964710205702,1.74412184581555,-0.937649034668947,0.410276653227025,-1.10288896756669,0.28114158766754,2.08102873847163,-1.65669606727827
-1.78198765838997,2.6963732787135,0.965122416958636,-0.319970803253194,0.918234699214431,-1.63445151966325,0.128274477237014,-0.163179097657282,0.925924274273992,-1.72473427665514
0.404744369860091,-1.38694100762358,-0.360985606064504,0.837596957348982,-0.641172389105171,1.6109143643982,0.74294390437222,0.116663297797164,-0.289766023502094,0.298610534913789
1.07630216678903,-0.569538812851165,1.30075334548427,-2.1622603319731,-0.276361260245966,-0.572578817243805,-0.107675653908011,-1.81991112720323,-0.24020989543516,2.3904128598311
-0.828031224511102,-0.987741976681783,2.04039793399724,-0.116639568742831,0.0677466827490645,-0.124485993535558,1.11444147840397,-1.55408170278765,-0.249767745208761,1.94280634097025
-0.627167530748932,-0.827603551683861,0.331813024473115,-2.45890634245652,-0.656516870752787,0.750801705302436,1.16717375376984,0.173680584193496,-0.51220412709685,0.248816486346538
0.300242860112717,0.60136341367449,0.303404232192485,-0.177736331118347,0.205067663160422,-0.772458619979896,-0.134082002711338,-1.59202961531003,0.0946417212439733,1.75693640799586
-0.480916020856431,-1.31330402182945,-2.05921556116571,-0.0402028998175428,-0.235679941915757,0.70415668484416,1.55659456253533,0.94625010814597,1.23688906899379,-1.59831675942564
0.34839797796943,-2.13724983886856,-0.920481910170136,0.588618664844823,0.362670337585355,-0.959305265041434,0.334013652648227,0.467727930895735,-2.14924520313216,-1.00396297206048
-0.0263006046798453,0.0327639244294344,-0.7069824753658,0.120946273214371,0.548023520134793,0.534713023890261,-0.842968437226893,1.55542373054806,-1.35205821353646,-1.83069448796159
-1.34869272289168,-0.0802442214453417,0.594608470981089,-0.736872890855366,0.614572629203686,0.386229034503852,0.595628775392916,0.470076141164954,0.0174215375912423,0.531973146878024
-0.0179196601919381,-0.36504050818004,-1.69899786694083,0.862679444080322,-1.27813398384879,0.510715442492644,0.0721580353496211,1.55568737589713,0.0051476139781498,-0.0651142853703437
-0.147363637120045,-1.18749940491756,-0.222651739591432,-0.659254837697868,0.404301243508852,-1.04835603235286,1.49681251410052,0.097769969897139,-0.210934147439162,0.941139840980407
0.417600711292336,0.424586657674545,0.00921141502940265,-0.402633927819417,0.175068041999717,0.612898129306046,-1.01051692398825,0.125592116206642,-0.970377849291635,-1.20272438382597
0.801143267131787,0.767827435096515,-0.828157526718346,0.474700921316862,0.593370076194741,0.317961919521047,-0.191434194656087,1.80020476566609,-0.555951748092328,0.878226997480776
0.0188744820817581,-1.03121783719667,-0.266338163985597,0.711020239993097,0.22862295699351,0.287819769919386,1.65474654622457,0.4987596153815,-0.235662548014516,1.13591200501492
0.916024017596839,0.856675984234467,1.56732490495923,-0.118196411181987,2.13937401973794,-1.04108715956133,-1.08366818735636,-0.718659686136374,-0.698444898995882,-1.63039060255082
-0.405406131501679,-1.17542243622763,0.480971838391454,-1.14632968827076,0.229826062563659,-0.138156010729892,1.31630764267804,-1.38229431684601,-0.538708153681473,-0.242979425295445
0.817159505694457,0.184798230770075,-0.87865100834744,-1.24537597930809,-1.23715565327002,0.675634765758882,-0.243957165370014,-0.366970215106606,1.01782903258007,0.469324907411659
-1.02443165480203,1.46114922967276,1.58232115921998,0.977242073938931,1.85249345419798,-1.9938349949015,-0.839021380489186,-0.0637308276391352,-0.807233583809701,0.669419351436102
-0.0564538528796879,2.11419936326165,2.26878356600748,-0.092188318597596,0.7498601481016,0.120877651018567,-1.7621904241929,-0.531794063635826,-0.839796739043493,-0.530909136196225
-0.453186195150138,2.00512961639777,0.309808636982034,-1.10346217261936,0.42817610729629,-2.24509552590865,-1.24066931611048,1.25763574108813,1.67422509007,-0.470266915487009
0.535425926642183,1.86129663728405,-0.425010573244595,0.540570679502323,-1.62151030513732,2.54587249860964,-1.82553225457463,1.7852626907631,0.366133142712699,-0.595784138650561
-0.546825280916806,-0.13696402210601,0.898682928336565,-1.79727420299363,0.476678719725568,0.163619508738101,0.143969354433081,0.282322113748766,-0.0744320126842793,3.72013697292682
-0.0122907854324927,-0.0543453057025676,-1.60754347444454,0.274695654381766,-2.03918047655091,2.11919803229141,-1.31233873752445,3.89252157728136,0.239472474410155,-2.65662310151585
0.115507435538609,0.505652348193083,0.210864725962861,0.158496560544821,0.633485583087275,0.396173817027042,-0.192517547849997,0.502105248770179,0.056790302311378,1.45086993554284
-0.231092064781263,0.136694503678806,1.12882169914413,1.05651555813009,1.12614172840353,-1.92015109232669,-0.285643695987404,-0.507593521307063,-1.18077177434849,0.495920706137046
1.08803819271942,-0.29806304143648,-2.13724149619207,0.258465641070665,-1.892068374506,1.33425583681122,-1.58399554473911,2.73440623399086,-0.521695812705526,-3.25894037881113
0.66158994295866,-0.524882704354942,0.183645255233409,-0.238201252571248,-0.200780640160642,1.63011126850853,-0.104174780310258,-1.97560724949414,0.275013852269453,0.741198822066768
-0.180500641395345,-0.406620324474015,-0.271561719136434,0.985660519847555,-0.206274543935169,0.255619474919891,-0.268564889182272,0.744178031085229,-0.804286697059533,0.316546558514572
0.176678611013875,1.53243181454108,0.12847784728921,-0.298709134674341,0.139412195389417,-0.264422297961775,-2.0564112631351,1.98031725560144,-0.161410554156635,-1.19884177530717
-0.689064460452362,-0.484312193023505,0.602552712123931,-0.307850273821106,-0.784611141109381,0.79684299877646,2.00990293101777,-1.12058844733358,1.94670637081689,1.43168754774547
-0.571951415470324,0.618610653078412,-0.809853632646686,0.0794676826791398,0.154554284994733,1.06256274407073,0.0253473422277547,0.631002109368079,-0.118864575677799,-1.2224080869113
0.628368349636509,0.186148341069485,-0.225010566468777,0.0961368599341507,-0.423500683766773,-0.508783211211693,-0.102615886726059,-1.80362673852324,1.74232225945049,-2.0887273036654
1.55949039250197,1.0629729728757,-0.208561903562332,1.47349667499724,1.4500984365743,0.498371144628081,-1.75703312912615,0.927817214923699,-1.55897674044805,-1.36510894154941
-0.359676091119555,-0.150270673745721,0.779789034109329,-0.356861544606242,0.670663184384581,-1.02292627229607,-0.0767057638605202,1.02028963571926,-0.460801159038954,3.11581476411959
0.668875249451429,-1.94861326136927,0.49825018461839,0.182958820534747,0.529534771117893,-0.294276394867203,-0.987942333088973,0.239209959859591,-3.92253575748773,0.644181534123071
-0.175761261750241,2.40058800230834,1.89609181455858,-1.58532879289519,1.5915097659291,-1.12871397542277,-0.99351329095572,-2.33156968677778,0.338600122675163,-0.500853887756414
-0.231274952067278,0.70549248750649,-0.428017189857902,-0.344992636837025,-0.743776873776501,0.163981718689176,-0.720867435276213,1.12408084470849,0.603943237625947,-1.04192202363302
0.963945983359632,-2.22568757151214,0.016038683956137,0.837667466975742,0.169815229438154,0.610708093335232,-1.28279219110229,1.23189435953017,-2.6786998585716,2.19492459472956
0.592096693178928,1.76363003830129,1.02563011297231,0.752630035911105,0.403666736817406,-1.70591771600832,-0.0494263258140877,-2.3026695605184,0.317192252081276,-0.159998578425494
-0.494344809495258,2.31571712992399,0.567362529132438,-0.271090616894705,-0.0962702217771043,-0.927804537824278,1.15522954951351,-0.561449340777697,1.94013088402893,0.579980744260624
-0.343177958356005,-0.903781641961681,-0.154520568743731,0.148394503530536,0.405232509191138,-1.14478431094756,0.480806013019887,-0.344407235810194,-0.858439859570958,0.354219362144254
0.0418909286171366,-2.15776702072523,-0.313059742814926,-0.226681582060532,-0.583539446825844,0.936249213895571,2.16966122111789,-1.07586330446748,0.178279065166656,0.541310534535471
0.70743047149201,-2.41656596987955,-2.14150005708475,-0.0454717618985334,-1.60839675923897,1.74243361360231,0.583925784097608,1.78087238787461,-0.957252612721961,-0.122566039855847
-0.108970048176848,1.48790873851389,-0.394437110552436,-0.645629205253457,-0.704597648353968,0.696893844458296,0.229658239443104,0.250096433373942,2.00610043083279,-0.218364188625851
-0.147495887502546,0.703949752674854,0.415445572967302,-0.245235264097338,-0.948904239344848,0.824966303385861,0.300079889318929,-0.149438105068339,0.673072936075671,0.939567288817681
-0.655786475497564,-0.742903301948098,0.807518699852564,0.980494253807369,0.0394134940506456,-0.883888513787908,1.07325302028476,-0.500986951027367,-0.570789952702072,0.773058725505933
-0.237768292165192,-0.918995703758987,0.0761423141602877,-0.369647602177133,0.2134237806986,-1.22667755605093,1.09487809472686,-0.747921118629609,-1.08851124035563,1.59368667493865
-0.294368335408581,0.504936616007231,-0.406374896792624,-0.177801430941726,1.49668637550927,-2.85618136042845,-0.631981863300078,3.28812274055049,-0.477995565960621,0.599235217752669
-0.636849872923119,1.04408134912257,-0.854812269001468,-1.46781625058967,-1.35224668879899,2.44629271053013,0.174688440779973,1.3838102380478,1.08181587965372,0.599987401436156
1.06478042055115,-0.381737772563006,-0.523864088101164,0.510746911730757,-0.202133350654987,0.242224830281404,-0.856874688538962,0.6297292633928,-0.754186619725944,1.85609946499237
-0.0345846922034452,0.297447963121985,-0.375006910893607,1.19865581676677,0.800485863928169,-0.178464860452759,1.94997087774681,-0.71693541023592,2.17503636990172,-0.668141583290422
-0.0823773782319695,0.640956714625084,0.408167499876264,-1.52297263771454,-1.0030718566389,0.763263458852579,-0.885876631772004,0.000720212272284771,-0.236116213399588,0.345954103915491
-0.428303819840925,0.416893771862177,-0.270424243073645,0.156227044768417,-0.0697626583044872,-0.0414074914513064,-0.640413258460528,1.58446464380954,0.288170678379858,-1.83643693556841
0.324878239427368,0.584700850535771,0.578721084383072,1.19687168655615,-0.797754402377619,1.62791379998779,-1.90423725309993,-0.267842076842335,-0.858951540787032,1.79311817995128
0.779282333020496,0.0885902470950249,0.579336281217825,-1.53257130585477,0.844263686245297,-0.0967540656652627,-0.7961371294421,-1.01240041680547,-0.995491395945216,-0.947646551695894
-1.23117617166626,0.568118093041998,-1.16019707706093,0.916065586082983,-1.00292190590488,0.939436120493902,0.500833905987415,1.70491480281452,1.89367706613134,-0.049045346766402
-0.820792564509166,-0.13273781289933,-0.296738093397186,0.245950995662782,-0.51802824761723,0.729093852826753,1.36218743089767,-0.666244575922495,1.02335314117867,-0.104395261540585
0.312064393224262,-1.73699970305982,-0.395073455750059,-1.80504287742939,-0.870285457387778,1.67761205891847,0.929589920506273,-1.10672503019591,-1.02336286288195,1.36660441743075
0.489904877533771,3.03927456264122,0.871125302383598,-0.761121930266717,-0.192874944811463,0.863623447135488,-1.61049665145771,0.085217469289767,1.37544781029133,-1.41789908748209
0.929776222302617,-2.95827858351143,1.01049346184857,0.0940828462375906,0.360645339916773,0.322372084473732,2.07627047992619,-3.0217421161479,-1.4973227392635,0.872720773271924
0.7857415306854,-0.0389628587550958,-1.10367928346731,-0.677077462588516,-1.21281100177611,0.569663784840385,-0.713037396505113,0.845611885638209,-0.550289063433509,-0.021850730153917
0.390573046272767,-1.09370373105916,-0.223078991582771,-0.0624685732809025,0.115481095670786,-0.227544426492536,1.89605293541463,-2.49337151824154,0.855050163867136,0.107582316946326
0.437180553908493,-1.43347533194492,-0.539464446438786,0.36255999411694,-0.0352923539159311,0.8262326426072,0.92543905769661,0.281333858244102,-0.48078867107507,-0.0884422695404891
0.330587135978115,1.87519367135322,-0.275696260066436,0.867157677476481,-0.35292111117499,-0.891658118226504,-1.51299580226706,1.75587059497266,-0.150785607688123,-0.681766008304255
0.393691559373142,-1.37613236271364,0.505039386011633,0.201936264717603,-0.45516834384202,1.19921254967195,0.398194667972676,-1.5949124417509,-0.285377219771688,1.10257970234668
0.912964359611185,-0.664270754917191,-1.84887584800473,-0.339728326239727,-1.03489258121449,1.45908869248813,-0.409887410616336,1.9093772899121,0.0684961801650631,-1.18069273770932
-0.0712605762323902,-1.59775425004941,-0.128098619458141,-0.160639109575544,0.534913159638203,0.21058222306639,-0.0804767315543085,0.290867957928479,-2.1808513614152,0.0676100538226091
-1.10838400364916,-0.886651600165513,-0.140270536024745,-1.9309863784524,-1.32815568132846,0.278497102349509,1.09905454857678,-1.04875650326317,1.20854608793208,0.125090970211904
0.0177876264192997,1.14634389234777,-0.461016705546013,1.0372507011686,-0.483939188721766,1.12831542440036,0.0768786813658373,-1.19675589443001,1.67749082094654,-0.962555719135135
1.10324445598448,-0.917627327190474,-0.292484513965967,-0.371819318678197,-0.231151481426604,0.238811013287059,-0.112019070802156,0.0297556706171317,-0.767091138602548,-0.401812401711335
0.0954306757519891,-0.774475576988346,0.406419599190017,-1.1328050389868,-0.306515543943847,1.21355462194159,1.06501547323184,-0.485743128484663,-0.273437287526259,1.40547434074458
-1.51980991546853,2.30716638597265,-1.5551434392343,-1.70138896001454,-0.8215393772888,1.24038432957925,0.19140038467006,1.60275253709906,3.25961491539329,-1.06421254004726
-1.46894440269332,-0.57506297845615,0.97905859890195,-0.510883758395827,-0.0709394018143095,0.41524795000619,1.78608204867944,-0.509212497737709,1.51615365292198,1.06034482353764
0.172069203744724,0.520234541141319,-0.596961600590812,-1.20541210719941,-0.84207229773843,1.39825186578635,-0.0257985123142474,1.23634666767764,1.64185381018554,-0.147425934568537
0.781142656017704,0.464063411065545,-0.100758407465753,0.979905599953745,0.0280826823039254,-0.404922540959763,0.484993248156497,-2.01076773469252,-0.153283520251187,0.663554007785414
-0.139162971373363,0.493065564857176,0.799485180581939,-0.734134846334746,-0.122344752505171,0.468665901372927,0.157786383703851,0.355808492815162,1.45239992008635,-1.50011126702353
-0.420599383346745,1.11764307839989,0.914651567653253,-2.0887311225271,0.62102525033946,-0.0290631263070039,-0.371411007204891,-1.53477476269211,0.894093372818269,-1.23458016976411
-0.19038969204697,-1.65052144969035,-0.16816027794439,-0.112559465577967,-0.714725529298472,0.117690577534926,0.619462723235349,-0.945241318167856,0.116615035487038,1.0367409268987
0.379381059224408,1.0388866969827,-0.968796279828719,0.505478444867763,-0.167115898790111,-0.939277623098444,-1.22501339147386,2.33655411211275,-1.11711819658026,-2.45007020548888
-0.288017667234227,-1.25748540763005,1.27698843909138,1.19933685627557,1.13637593456995,-0.296029523579756,0.350354585920323,-1.17842124360139,-0.748226902157509,2.5674477255137
1.11500248922123,0.907538582048319,-0.630865352947082,-0.205672338943979,-0.382741296374365,0.536962051332112,-2.33035030517885,0.684172090934421,-1.23946471216713,-0.838699488278789
0.0255587095561023,0.117338927448159,0.337624650518176,0.0320484011516013,0.244196265105915,0.649801735104775,-0.853425111990138,1.79655659979393,-1.55187029125552,-1.99553292550108
0.657318784602205,-2.05347207232712,-0.908846292878231,-1.50617084153614,0.436884302778035,-0.357136896243457,1.61973300956827,-1.35565919854171,0.485676046937754,1.2068520783496
-0.263126495962939,0.74491354380795,0.774041142659381,-0.259834738363076,0.109123493879344,-1.39895955140889,-0.870109300036689,-0.543814069127163,0.0489144043718582,-0.114825529193542
0.689232213153378,-0.43391910946381,0.268538281933486,1.48629910652923,0.171876867035016,-2.30184333957295,-1.36475266490946,-0.0923069099372488,-1.38367170404784,-0.451559101409407
-0.346839141618893,3.32061106721079,0.740686498607278,1.3217610553181,0.288761015068728,-0.861177325632314,-2.36344054701079,0.996720046148571,-0.372129027375963,-2.45366875987294
0.151370493374617,0.386481408447875,1.98375310090991,2.05420858106309,1.56652630738195,-2.55818829111129,-1.45594588045508,-1.50179963170399,-2.14240862403718,2.01577605574829
-0.772837315970165,-1.75799811860351,-1.08984071235705,-0.528354540164585,-0.277534885188859,2.31782027025602,0.572840873457542,0.607247653812594,-0.0781939543450905,0.882608858776312
0.176759912893211,-1.77149784046627,0.149955609908418,0.371391612654212,0.0983750385846605,-1.28018566370006,0.612842543050809,-0.322687014203355,-0.630956684400867,2.35104767973497
-0.255962259136004,-2.65216920763638,-0.637949548242697,0.669369353552304,-1.58205455446405,1.27916249525533,0.855255100588244,-0.239017325229068,-0.228972631082873,0.337016798907896
0.549631668306218,-0.230711080104791,1.17228157056933,-0.504167631118737,1.00131410021275,-0.379436504036216,-0.895895218762141,-1.18554895062964,-0.306087890449105,1.000319347554
1.34967249397503,-1.01570805143018,0.777920496289105,1.1719493985993,0.32876316182816,-0.105869460348708,-1.92857979153851,-0.0507437014062445,-1.97769363855225,3.14342726909328
0.978700837849548,0.508694373453005,0.0886562756922565,-0.0225077521956961,0.13154627955791,-0.0461438475375226,-1.39166035175001,-0.0752097072944967,-0.722800761418832,0.422767027095003
-0.617809335286486,-0.268051791736197,0.266425676341484,-1.51908195231129,0.339944469219506,0.330338056943749,-0.276730012371279,0.337607021194189,0.684839467597814,-0.309388911275393
0.885226554964245,1.75642442002496,2.3363370503704,-1.48786877923052,1.43453540607024,-2.21861382036119,-1.08370774755607,-2.08385306042641,-0.162411524093958,-0.233366954827085
0.802130854051813,0.578800316258551,1.40820183386279,-0.0919625459037913,1.00997304016182,0.825208764635767,-1.47406209075734,0.0839133870655913,-2.18651624527618,1.34661132569167
0.611273222113622,-0.517255227277024,-0.743103839178503,1.67624011869341,-0.590251889285227,0.444024523236214,-1.01517065229066,2.06523470565292,-1.32237581099146,0.414145560227542
-0.53909697232546,0.518039218162233,0.889467592725693,0.583537695578303,0.792515355961413,-0.543082711602079,1.22226076641592,-2.06391364879586,0.619498815304359,-1.17471311690117
-0.310003430312625,1.53674135315918,-0.519434323688098,0.439430975721237,-0.310960206988814,-0.170733199297222,0.105126373532829,0.577605981804526,0.427710135716157,-0.95648885960065
1.42479577569416,0.321046169330034,1.01197537914572,-0.74142892377854,0.526938992949619,0.648562590086364,-0.751678490318411,-0.856198154927196,-0.600036905612986,0.0122604516073405
0.693695815498988,1.23626427713778,0.120779736240623,0.0388664345780671,0.235843509404199,0.287419791135159,-0.131576924845487,-0.755533217201504,0.644768244201499,-0.736985869388522
-1.18146608106179,2.79032888021868,1.64248950957061,0.851141600487569,2.30752507286257,-1.48664051818123,-1.26165834857783,0.503917014441215,0.309661186270566,0.391402045575941
0.145026019552535,1.52051469424442,0.624954729975637,-0.440130618614298,1.31515376702104,-1.0280776349053,-1.05699739258401,0.474939470841129,-0.966825017611047,-1.74694912564984
-0.172618893668777,-0.365563742131839,-0.482686801734511,-1.00352157268667,0.248247159886549,0.231724625554464,0.364870220201816,-0.106399324213992,1.18339576626785,-0.268573120724837
0.350182067027317,0.573632890951796,-0.226165880536746,-1.84031140813269,-1.46948681330141,1.17455384345812,-0.96893940329401,1.31763382491725,1.91094089520626,-1.89190842066186
0.0843063382803394,-0.859319774245612,1.32045110089119,0.660404647186178,0.465380304713951,-1.64272912612998,0.587987440147513,-2.64506957073099,1.10711688074663,0.800358820472606
-0.89304730074704,-1.02319598293919,-1.01335426118837,0.198087887395405,-0.558879942376198,0.185040230866042,2.92409371453128,0.159670697551801,1.95998537834839,0.694269071375115
-0.767250166687489,0.379380488089794,-0.0553877108851871,-0.421779491535034,-0.582363620692375,0.190310788746289,1.6302332232507,-0.362883206096014,1.66758273487078,1.48160016397448
-1.16278721532719,-1.76934967949802,1.26239401110739,0.64829774076448,0.643965690506857,0.486815703425134,1.85452807506709,-1.26662980872323,0.0994203363039472,0.476149136182515
-0.335531356870131,0.369777334322059,-0.235983448036518,-0.165064685358598,-0.134096985229509,0.0773096116996377,0.0499983249982146,-0.227709804772071,0.607354869999958,-0.647307100805928
-0.481668594673888,-1.50047212711298,-0.862260275098378,0.525043855907485,-0.95372977448551,0.755213459822643,0.750832599745646,0.512078906248164,0.456451588479372,0.381436633478522
0.239215451479122,0.391914241589651,-1.07609235916683,-0.26046341812201,0.740849751367538,-0.970455744686216,-1.20940515120015,1.62163458787833,-1.34391390429376,-1.38963835440641
-0.747816446419908,-1.48202323706785,1.64191895778878,-1.17791183709378,1.66789986134989,-0.298054959877143,2.42004416273754,-2.04165399680259,-0.0667409697096089,2.70596664464124
0.938858606736224,-1.06326240244283,0.131247522681623,0.678760467117415,-0.256387901854166,-0.0546096212902835,0.758622483563906,-1.48460367019213,-0.741012412946688,0.749042712313757
0.592982927466237,0.0375468521966004,1.03237782160963,0.532230467551844,1.02449367616151,-2.86403741788298,-1.09445611493391,-0.0479119372212378,-2.50430480535825,1.2987724320053
1.04566111528907,1.22925915351266,-0.360267088722427,2.13176377045863,-0.5058131148851,0.0998187112129124,-1.89104389983829,0.52807453487827,0.423121289683592,-1.9658001239535
-0.212591360303182,1.91797782044155,-1.03740160236898,-0.284680133435506,-0.525521493085196,0.788454606330066,-1.33122999180888,1.82129815400891,0.891763300353342,-1.22761624990128
0.0660421382366837,1.98594668329617,1.37553377909081,-0.373243459653718,0.901797690457034,-0.912898640946375,-0.888055079172063,1.1945738841124,0.602283912232869,0.672865816142979
1.15719062834897,-1.26646255158585,-0.003239997077864,0.0863517083173483,1.04215637755054,-0.605206554219443,-1.84684956650391,1.38919567695588,-2.36550996507204,0.250921217868717
0.360225191151434,0.902775701550253,0.390127424116632,-0.806366031048645,0.0573244734400825,0.275679116659321,-1.35329137572717,1.38435817336246,0.416294346263718,-0.28220081158438
0.901079214389173,-0.538151725265219,1.16803858303627,0.921867369906494,1.1923405109686,-2.96536473520732,-0.767112006125015,-1.48439910488486,-2.35892204660571,2.15817461282224
0.417751428607538,-1.1482370699028,-0.181339422072435,-0.0331889892179761,0.367277933156009,0.511480980739021,-1.04048318062489,-0.644429320982249,-1.62119497338789,-1.66807729993142
0.795600107976675,1.12901786356668,0.336519300300004,1.02121535614369,-0.266721600100066,0.254593196361553,-0.700350698866455,0.100845069792467,0.429604789705799,-1.50996295907789
-0.893987662318821,0.314370120200606,-0.3313979618368,0.604243702802671,-0.68184621648864,0.187403047609078,0.969956702737222,0.513027818817894,1.59668532277379,-0.208765742561187
-0.061872512456207,-1.42714565428178,0.743498322148933,-0.647776996180968,0.884086873552206,-2.13354472945545,1.45645524958435,-2.41855161288526,-1.234829209296,2.88464395351283
-0.490543975624172,-1.17974055634835,-0.855786682708575,1.37422133370789,0.833534634745317,0.533456108265615,0.992510340203683,-0.770850286098536,-0.689734492379157,0.284785670215194
0.22470931697891,-0.85098282733407,0.326362959120663,0.123759184597975,0.651486081268296,-0.437844979537772,0.655632569031367,-1.77034358611246,-0.41579652963607,0.863778828332467
-0.806382611422855,-2.1635330702539,-0.0150737953300027,-0.507617267474535,0.448221682661878,0.398021290677382,1.69423526104224,-0.688868030598372,-0.372338388654229,0.295835691020062
-0.0403003858148441,-0.854722191750249,1.04194793521791,-0.856097885948972,1.51880725431294,-1.63807834070121,0.0309795177690424,-0.328527293387851,-1.70327460731638,1.76442005874868
0.418844093806165,-1.28227543791457,-0.178345091227339,0.748781980719326,1.78210300353118,-1.39779848516601,1.04061081272339,-1.08277147881864,-2.78768274303162,-2.3518317477367
0.386176446063421,0.976646543253778,1.0042459721076,-0.714271291266035,0.626697912393746,0.0506139343513873,-0.140637302966869,-0.169156151100519,0.0928946533314507,-0.68444657445314
0.133875267651128,1.86211811506859,0.939940195951627,-1.0362816230148,1.75892627235433,-0.163776255889949,-1.70969104520269,0.450451064481795,-2.07049061530928,-1.79240783553769
-1.10093584646858,-1.20097754294622,-0.631942946144902,0.240844926678565,-1.61270729321584,1.73598212779976,0.656218056779434,-0.510721714702104,1.23174329259812,1.48256525408635
-0.428433072118233,0.0243379879133097,-0.414576066356871,0.889840741198482,0.0350722137556135,-0.128376356117012,1.12791189705368,-0.00150333674093754,0.448222063421644,0.507357435109362
0.628093181306844,-0.739528487139291,0.40186367950316,0.607780205147852,0.538421540194639,-0.381117465948181,1.35123553008135,-1.2233762382987,0.445773761438596,0.197355696094159
0.362029154655441,0.772628966553535,-0.447131673405123,0.193095365386471,1.12808818303727,-0.282257278046109,-0.295992150519866,0.885200941433197,-0.470302337966733,1.37571554262484
-0.455018879387618,1.24603044998042,-0.494068995912957,0.738492935017335,-0.244493071787542,0.235493959273149,-1.14019783659491,2.15693289645628,0.197781871241172,0.811829293770114
0.806684043259566,0.105819598878261,-1.49119599864949,-0.248625992864861,-1.15130863943856,2.00868656006399,-0.905278156603381,-0.093905221966961,-0.51721053595562,0.609548653911796
-0.133249272157599,0.190192864334993,0.889940866957727,0.788021155482388,-0.138586189174629,-0.0517669092652285,0.856811666280742,-0.518277073368184,-0.0576592115496578,-0.166787151189453
0.109431269399125,-0.925800189986814,-1.34146134646102,-2.28991810923496,-1.84409565285667,3.10907177271726,1.51654135942419,0.151698700393947,0.815361892288802,0.746608369404148
-0.766268398310108,-2.73133587221792,0.808091391352107,1.82122894808321,0.193196287773873,0.436378098451763,0.814971184314963,-0.629248927436844,-1.02799275925564,0.560696626810971
1.96406922612128,0.010976132958859,1.64386985257399,-2.10169141867796,0.968433972227054,-0.254067101467706,-2.05904083208343,-1.4485981229301,-2.214578481065,1.87873199973525
0.0785494721478579,-0.822533837031365,-1.01625461564877,-0.902530204453445,-0.557268099910924,0.822089859544147,0.0292954536100725,0.924455839740617,0.03920689263105,0.577097817838039
-0.066347353583142,-0.174956039261035,-0.581680290081858,1.06015881659617,-1.1044898061848,0.263940679027953,0.604366085506039,-1.21257097012837,2.07637699998589,-0.951589065417042
0.322009779686983,-0.198348186644299,-1.9343300679343,1.45098830990053,-1.47796951648023,0.537365356648785,-1.21875244737504,2.93176905696713,0.445717308637158,-1.35595818167358
0.536925693091782,-2.55211802635229,-0.391545658967532,-1.67827396126331,-0.463751327875094,-0.13963278169505,0.451019446555471,0.318613926990966,-1.58956560016484,0.381299325833021
0.0668874646660766,-0.103765609854752,1.15538541638223,0.0607120503064243,1.37627062646941,-0.697585573034307,0.33776257447039,-0.164776592008013,0.773429178743578,1.1729562922316
-0.0700581100367908,-0.20643067466243,1.9144187323317,0.73075212911712,0.779827143654353,-1.53579188728277,1.48093701775763,-2.68002776811407,0.805668090128649,1.04247920768112
-0.518318347441887,1.20576113972272,-0.765139982705133,-0.365450804476443,-0.832600081769792,1.6432621770866,0.635185638811697,1.0658592114051,1.73748768576904,-2.93595435958608
0.896977851761849,-1.31643007661364,1.37510492503582,1.33280034685046,-0.140999968518832,-0.235466236271441,-0.735365148693971,-0.972715993114585,-2.12925609228085,2.08978849635108
0.586442068428883,-0.500498516479461,0.801277523908348,1.32540845323747,-0.667182931075384,2.28718893132043,-0.500295773906585,-0.312142915680362,0.28093097354798,-0.148587763975552
-1.16908668116124,-1.14212388581376,1.78047358994527,-0.295063786873519,1.30624214615718,-0.700229732979794,1.26647763684447,-2.03203389923009,-1.3561955701807,0.828689895838216
-0.296112854481049,-1.90178932485903,1.35176889352038,0.191080221713242,0.824948355472346,-1.41073355185687,1.27885010651611,-1.54420544611737,-0.998426350444269,2.96525651180411
-0.175699007854039,-1.06286357426319,0.00472542990270653,-0.388915833357465,0.550724836346979,-1.20224348966625,1.72339238529613,-1.03970864212227,-0.497593123729486,1.81511437093068
0.222455506109078,-0.50464525130173,0.428756917557948,-0.00446699427463581,-1.22375651113551,0.680322214507214,0.317024954041378,-0.374425915679052,0.645805072169842,1.66790747295548
0.517724124789054,-0.44501823833042,0.999028576898583,-0.000474866248744265,0.070133389943266,-1.580639910837,-0.29830972396116,-0.81985607434169,-0.724114585914664,2.24611717031907
0.33728515516872,-0.91406121914753,0.189008530601272,0.240026226228198,1.34490719201665,-1.46375914345509,0.9932428261738,-0.704318886200651,-1.24201657044622,-1.43925139265005
0.314058875991974,-0.0305395136257971,1.3852282327532,1.50675985597812,1.10797158889951,-0.580190627531666,-0.0453298824781932,-0.735152223533728,-0.586364671755181,2.03215094811407
-1.39143239815563,-2.43286677436008,-1.05797882732338,0.582281822911284,-1.74806217372727,0.0467049829459823,3.57958338925411,-0.346304844231619,1.55991949285006,0.788383365335745
-1.02108971066611,-0.248460095520055,-0.41687989241278,-0.688107343721193,-0.583903238166821,0.513958914099427,0.279971347026574,0.500376800292696,0.461698388912868,-0.415836060629071
-0.842998864931243,0.69835404444685,0.191935376226882,1.0554428628575,0.899981369620923,-0.888254333526732,-0.415798804112723,0.962156759801934,0.726124092912534,1.52116175150726
-0.199520602732716,-0.660423293220958,0.860627939229605,-1.31162732628265,0.768964508368709,-1.27397826112892,-0.299936146193705,-0.908523178816763,-1.35420963184579,-0.0515964390705664
-0.70859628468121,-0.576214503012285,1.63335453250965,0.0536770736215993,1.05625325044426,-1.48991293603138,0.496362028207475,-2.2523861545963,-1.3982715485978,1.04977431292311
-0.82187036623926,-0.201404221234199,0.918886937831436,0.327553962460396,1.00049209507591,-1.50593996175602,1.23646711996268,-0.760895549556561,-0.532980402717129,0.85097296927697
-1.7802931073873,-0.159708787837763,-1.20918237048937,-0.601317159305937,-1.26916631519528,0.31360584765034,2.24779436782349,0.668714252410367,3.33113985123918,-1.52027881042893
0.794277101319217,0.0860050684859501,-0.611809468832686,-0.772969249420731,-0.946508706829621,0.0599959960647952,-0.88446781591657,0.736700472640026,0.251623622610022,-0.470176111358734
0.0628651898601314,-1.49094034930935,0.504678041239402,-1.6977216820874,-0.100966322333855,0.48081361135182,1.49846800439735,-1.28813709417088,0.00461179683559859,2.28517695659892
0.972493427839387,-0.384089713653084,-0.937733531587512,0.340593099410012,-0.16599477300712,-0.2606639013231,-0.133771644416469,0.0509364444319366,-0.812974732459814,-2.21433045592052
-0.237925549715739,-0.279296922027916,-0.236677956103452,-0.953297988687595,-0.203631367924805,0.448950372174744,0.190916458555997,0.684204967958089,-0.035775027258936,0.612117831646632
0.716283528593896,-2.25282245264071,0.324094362542033,0.861299949227986,1.05455978871041,1.48892830156497,0.819077781494213,-2.05032979981601,-1.21491947340445,1.05448461732703
0.185122559576031,-0.154117522122647,0.222968816340756,-0.754246271102386,0.706207000339196,-0.228527446537727,0.313353230467766,0.654681051323057,-0.552051227272056,0.641197746942786
-0.980187900401474,-0.88948678242294,0.41283854888485,-0.523372849852927,0.0292594620314594,0.933187454159799,2.20135547489271,-1.36341297125966,1.93879338034683,1.52513731377667
-0.553566668612965,-0.423545389567855,-0.45955742365232,0.845824423945854,-0.523352574263572,0.34611834358754,-0.0444269445833615,1.36302490379879,0.0475626332515515,0.52544498022586
0.600958966899429,-1.22901453689999,0.277064213975783,0.990776190254748,-0.243880787055588,-0.267095935538993,-0.01172285548456,-1.00948796043246,-0.800652228524965,1.35123198726064
0.215751034563204,-0.0389456471834621,0.54805777846034,1.01363337397027,0.362205794094183,-0.554896379940452,-0.906518903289159,1.05929675037603,-1.6358515120347,0.849905386481612
0.0578043185509983,-1.23613319117818,-0.012543567859735,-1.80722177680403,0.568523880465583,-0.341427336669299,2.11314275082366,-1.50596851638107,-0.658129327473238,-1.54114669779505
-0.164062708432276,1.77405128211048,2.12871386496764,-1.16159344210112,2.61498968815022,-2.12188220123636,-0.470738241411108,-0.961801569236559,-0.765416923508847,1.77807073303561
-0.175609393188519,0.262413254176508,-0.28906242010608,0.797074589410712,0.00366596470766153,-1.08751774341563,0.940058429130945,0.608202476329967,1.27118524126155,-0.662838031114675
-0.94868108639074,-0.916328033297407,-0.0895216397723861,0.0820010674232566,0.497590316218479,-0.0696470807536002,0.772667025267399,0.105030500563141,-1.00394541852485,0.550080194523108
0.315877926468716,-0.356264690056821,1.28107735734816,-0.1215025679554,0.863455369244276,-0.0631237958370405,0.594985821624825,-3.26567149154455,-0.544147899159412,1.40810401056826
-0.843466115835438,-0.445329184628248,1.3881558557199,1.18092089272594,1.66350666576206,-2.21539515718485,-0.184336422570377,-0.958606013281098,-0.0628466791266265,2.5670847316432
0.0279052530903261,-1.80600097816981,-0.690761872276061,-1.25609545789223,-0.686367250552048,0.685192141272505,0.798646666367257,0.192174547204695,-1.34440581982657,-0.0336280848439803
1.36789233328438,3.18009777945219,1.66226919975492,1.07006169302218,0.23677834096784,-1.1490816400192,-3.20594765499787,0.0250102865456976,-0.564297297508123,0.160556096050202
1.35337276521001,2.69168317591873,-1.52015287457327,0.0891083437319749,-0.573546461465222,0.353040089306785,-2.69345241479738,2.98455799659828,-0.37831184574409,-1.4980053441383
-0.75162991313885,-1.36371423266394,-1.53331868083392,1.21689189124781,-1.67679747389801,2.55109231016068,1.88697318354932,1.0788593122969,0.424045703081905,-0.647471523375908
0.170259252526822,0.685301534935717,0.522509130602373,0.983420630251053,-0.667625911716301,1.05188403406863,-0.372158930290641,0.0366259070165404,1.33194304446163,1.80296313989161
0.152714331513337,0.210218441481448,-0.771271176461012,-1.56052004874159,0.475773941264675,-0.483573706825836,-0.175722368472294,0.151552158800565,-0.47032752680446,-1.36296316687129
-0.519143594073851,-1.24802420334982,1.50817993113225,1.02878357603985,2.03546778804699,-1.24047633249047,1.34024358512532,-1.01020955318032,-0.50881921403866,2.80505227917319
-0.107269962603503,0.793498891467348,-0.308825114945823,0.348368812175939,-0.707882482076306,0.251703581696276,-0.147018341187788,1.33523703371302,0.741416267526164,-3.13488957441536
-0.761380677812068,-0.682058351788413,-0.852088927017999,-1.12866552080055,-0.42484483604688,-0.59974585948503,1.06694456735762,-1.43574965970339,0.198294412136544,1.1790069876742
0.627488567156122,0.658433694137581,-1.26323239089116,-0.330310508153077,-0.89374738146337,1.16148251490362,-1.01047192158446,2.02768329212092,-0.442926289363164,-0.874739473770794
-0.656444648627553,0.287709381779947,-0.995288040731879,-0.474807079241932,-0.222859104685938,-0.715951292843026,1.37259769636071,0.42089911693365,1.51818961734373,-0.260894534432833
-0.656319740106907,-0.593152401921593,-0.725046739399201,-2.56398727391128,-1.0456975229449,1.11981301997071,1.84215284736883,-0.188774535240427,1.79325968088118,0.739778643923177
-0.911726097645211,2.01086979517944,2.02071984672831,-1.78557343335588,1.39364919223917,-1.20105484396047,-1.35729744289129,-0.439206882982137,-0.078585749619828,0.746365334981948
1.02543810063727,-0.00329360860649978,0.607881239886013,0.308740505211528,-0.273095197005473,-0.256113587113638,0.159152816487184,-1.59347294202731,-0.826976390253744,1.10495152166907
-0.172805238711685,0.618999344276102,0.498915368519548,-1.18316834835769,-0.152813514116282,-0.72136854035184,0.644763235617495,-2.05084573941646,2.68499898379936,1.33987628498183
0.657309689682623,-1.00867055947193,1.50506808105836,0.529811300513276,0.943404994857969,-0.558939771693377,-0.175775515825999,-1.68974017536034,-1.18606638329261,1.15735285294501
0.767863622809149,1.17476616946685,-1.10234717715841,-1.19159393466683,-0.233825289940765,-0.443728509178904,-1.02367770856999,1.88467672770979,-0.369828169947776,0.924999153954598
0.189696609561185,0.262243328987601,0.28931512874122,0.453677060346325,0.324409664875001,-0.814643960480641,-2.233857669175,0.622883447806553,-1.55499104395719,1.13797582034924
-0.268338993827419,-0.279734231207612,-1.41272642330444,0.804987093210945,-0.59481016624259,0.946226743930261,0.651156834199409,0.83033215140792,0.658802016467789,-0.396859771415397
-1.03146535165435,0.69869434156878,-1.51823927747251,0.252777158861935,0.336726195350804,-1.00082867409899,2.06484194238088,0.913729795243671,2.80324221768645,-1.26657636555816
0.0720628695372525,1.67567399113078,-0.380366844411315,0.51255338342272,-0.385712963742976,0.301184850528094,-3.12054563830864,1.96171690636386,-1.3210537855434,-2.48562752553969
-0.243444932629692,1.18145466582775,0.31497834778618,-0.212618627197428,0.774992943372068,-1.26717581775963,-0.872312404918925,1.20662692613527,1.19651419890535,-1.06010390528832
-0.276978705658171,1.03157728972039,-0.551498024948804,3.01580581312846,-0.39984431600346,0.163453780371688,-1.51462239899552,1.01822325140517,-0.11392564182102,0.696553325711391
0.242185643198594,0.707278295831902,0.13929473064952,-0.5496059031052,0.202564470799154,0.388619790109194,-0.904769560959003,1.22386444477745,-0.921531522512343,-1.22669699222344
-0.413361305174627,1.17807684259086,1.8103715823934,0.177479883695367,1.20976674686726,-1.73426813234072,-1.0451086553405,-1.70800434814744,-0.290893268630976,-0.386554947914357
0.219406566283762,1.86739659022062,-0.0613365742388213,0.859164984314003,-0.178371123564805,-0.804620453189626,-0.4832733127336,-0.088933763100706,1.18200942556808,-0.666484287007765
-1.22225714633109,-0.962026621154796,-0.290418005439141,1.00518158564516,-0.545853704128665,-0.379505200525183,1.97950976693729,-1.65654932988957,0.745782172916363,-0.681378448921409
0.468917066514986,-0.278841722275059,0.638325082725226,-0.719967707933875,0.984528956955513,-1.17424666816171,-0.825508751341818,-0.385065754839915,-2.29667560905719,0.330363509979651
-0.0613311035422971,2.09041602270191,1.59867458725225,1.24980951839359,0.274470699669965,0.664151522115714,-1.66889108700196,-0.816264071769264,1.31259645640343,-0.515324388711145
-0.711894611189161,1.57795392471743,-0.737801595782136,0.725026131286267,0.134335029995592,0.321766120559504,-0.559019661320597,0.754105224001481,1.31827790652646,-0.15037445568848
0.126352002310255,-2.00132794461072,-0.796527017437903,-0.985939942431735,-1.16814766121465,1.721835512949,1.70322843136809,-1.03020422643841,0.746127617798572,0.583683867410444
-1.06196512098209,0.98196083838259,0.0245021767769414,-0.77749302442093,-0.294087903038628,0.342565711953821,0.450065830569337,-0.00338221505105931,0.929562752620483,-2.18535677702871
-0.569424415239032,-0.597745105427454,-0.42438808995805,-0.311475063511002,0.602802732112043,-0.0822452657695013,1.44211385029903,-0.00201965312822858,0.252421694216383,-0.137873127364415
0.842500623050802,0.544432229370605,1.31694942494204,1.08978906696703,-0.217371900125312,-1.05333686971456,-2.02918425564714,-0.70052028870725,-0.307526607308156,2.47775229314958
0.820013267189825,-2.19080355625365,0.071571636383221,-0.85573600121161,0.656214259228035,-0.98118072750137,1.12511606332597,-1.57185915980302,-1.02472829046112,2.63492472888175
0.434649949401134,0.511195330006989,0.498618739010176,-0.458021654137976,1.46294639327101,-1.43331800308462,-1.66795889052276,0.466038104103792,-2.06151555259131,1.80848913614333
0.634833805662253,0.462763207287899,0.178480518165651,0.587558876102019,-0.350608991825496,-0.159541989373863,-1.03925298846134,-0.396161769148096,0.628553379230754,0.626550477185293
-1.27001775097858,0.332590070135651,-0.942745591312523,1.6981195864373,-0.834081985769721,0.628574860581977,1.35677340841683,0.992548648558829,2.31036390492928,-2.17999671249645
0.496356946494769,-1.68100535850451,-1.83483595471745,-2.19114865877537,-1.49166528091029,-0.375809570264945,0.0303973387182087,1.25488056120803,-0.722800256608,-1.35650595533225
0.633941997767624,-1.62564948884563,-0.287666493109099,0.164225289419426,-0.433463331494653,1.07853359665313,1.55241090050271,-1.10575904830568,-0.595021037688036,0.92563599276109
-0.388821061096038,-1.62168177716238,-0.827756622377531,0.287510477619792,0.338272836325834,-0.268141093780667,0.652035525106022,-0.0650327654097358,-0.178359523297176,0.841268058521173
0.416001299395149,-0.419740434457807,-0.00303929592602096,0.0609845118665037,0.863099786461997,-0.294704198143992,-0.165506154162691,-0.27235194207889,-0.483188655788927,0.0135054012185753
-0.872303189261812,-0.622595356853363,-0.328433151481124,-0.0651098644231384,-0.272598035410686,-1.68388949826971,0.227575854353683,-0.323507614534804,-0.520714827357482,-1.3778791486424
-0.219876129558616,-0.091692534803573,-0.163978975578113,0.149184195628712,0.584846358069466,0.252280866881137,-0.26870737674782,0.808951284235788,0.054765824438036,-0.0194186967787522
-1.02081600994985,-0.161760251048387,1.61942325888232,0.487406276147848,-0.100765809223351,0.834032538241888,1.46899543258205,-1.64805887949183,1.33971733276234,2.00185919417941
1.21880796013774,0.317458903664189,0.586334403329913,1.51439669151606,0.468469747286732,-0.890670662347504,-0.91134378714609,-0.109608635921817,-1.447369045472,0.172931135416094
0.363502353006327,-1.66837837310276,-0.0294605742021253,-1.01758009263627,-1.48624936959462,1.56265036821015,0.846782837013535,-0.547173817965381,0.21482207058439,0.346565127961022
0.887411711692326,-2.42747655008944,-0.57008588281662,-1.47721602922,-0.177105877924241,0.118093083700645,0.86529163224562,-0.930658749504528,0.125658936112345,1.02529793359523
0.707904573018394,-0.0157941410014881,0.158002073250464,-1.66229368289677,-0.515318559874815,0.68941283944784,-1.89815491792513,0.435099604946197,-0.447568588934752,0.538573635916084
-1.03364282927148,-2.04191436601301,-0.737727190331298,-1.03877432299734,-1.50445902107375,2.13522332188613,1.71333221695909,0.691785750219839,0.631654402588892,1.78157921379934
-0.847431824935606,-0.406338749623758,0.192326436198425,-0.367880063487031,0.546515195673867,0.87479421165201,-1.04796515929771,2.37892567594684,-2.06005041260841,0.0794259403052577
0.599351595755115,0.447125809117466,1.12353980631221,1.61078397578823,0.776466250045593,-1.07933554722326,-0.758073038515677,-1.13387071121551,-1.19745567607465,1.96754180990866
-0.323107318181761,0.533903670820487,-1.37246676693322,-0.195368165185723,-0.4964446763898,0.49097145702702,-0.830942378137683,2.64746814198614,0.484315257363765,-0.403324730801728
-0.598726372895594,-1.30855990909453,0.425371882919905,1.44680275657874,-0.198943940967279,0.592110406224777,0.731348467286428,-0.160755067183075,-0.287591723272937,2.81352900086345
0.189892053777056,-0.508983190819493,-1.12014166324666,0.966554165498274,-0.196494582235502,-0.411578823089017,1.70541806001494,-1.22858212868668,0.721557358520854,-1.81661102789058
0.288153247292156,-0.105043404768393,0.268512245700591,-0.537061333101408,-0.177721975999259,1.12854035203611,0.846071352870717,-1.62913112577235,0.144567016014005,1.4801533344052
0.387626617052853,-1.1302642074792,1.42048767816673,0.866423973597709,2.57451062440326,-2.65656628208819,-0.236809977239249,-1.41388254182342,-3.23316420257594,-0.0556461433821778
0.710604313968742,-0.181548401248951,-0.241599735379909,-0.426264359867521,-0.503960113466494,0.920078516416559,-0.24094471753187,-0.68492200375389,-0.0173448046867617,-0.504565363207328
-0.233231828860701,-0.28148992529189,-0.636582551191878,-0.74611983357227,-0.712311205600518,-0.00239003324382887,0.669911918175817,-0.191104829974927,-0.248825503709255,-2.01559416793538
0.341160162878573,-0.0979971557843085,-2.02408796435456,0.432229381699319,-0.208851866520471,0.762174167732035,0.443639349019469,1.44022762967559,-0.689705748359056,-1.65007021266971
1.00661931054034,-0.845812072676323,1.80968229050664,-0.103472224233033,-0.175737761639065,0.157487552640181,-1.35654708608157,-0.841224404738727,-1.48666834189357,2.30125356551093
0.441416712671432,-0.875659092318691,-0.491717865652281,-1.53743237572902,-1.36000900447299,1.73469550082121,0.146907768245557,-0.817260323699748,-0.543920611122722,-0.94791925421389
0.392611281797787,0.816922702291252,-0.413950225623729,0.0620703295162025,-0.776235716609935,2.12906609968525,-0.59363236703225,1.26646445666861,0.122880103725948,-1.3383483113755
-0.61083617269131,1.85888755771229,0.32188627088741,0.528968035392608,1.0139854032667,0.209213991732896,-0.41284522309012,0.420318625713526,0.615581107333625,-0.245732164454396
0.147769943691027,-0.688425636463189,-1.70581271172311,0.152473544695408,-1.38110709006525,-0.0482306544287939,0.501835191424425,0.260206653372628,0.556581223060463,-2.06754785109242
-0.453098821850593,-1.28820222653882,-0.526606344046989,0.31290674084164,0.0771862815882313,0.23296305355337,1.87735990580886,-0.972487877075883,0.628681797405537,0.710088559855576
0.454919320145641,0.55846111459133,1.4663023215314,-1.01416809105535,1.05348410847571,-1.8153259085711,-0.380203108174936,-0.823584170887922,0.395122790904521,0.155721539265028
1.3960213978295,-1.07926501627649,-0.406180900927128,-0.299881007130676,-1.13212257197138,2.09968117006425,-1.35687155448487,0.785525678377902,-1.51388509616411,0.788344378697432
0.52065914427635,0.68546041914152,1.08215461367454,-0.175633323092988,1.35030987035142,-0.809722997299892,-1.9187114069887,1.93774432332829,-1.9091466179514,-0.762858533699092
0.269348563855031,0.657972164283579,-0.0770863961718055,-1.03739844114478,-0.263634732274719,-0.63063573183505,-1.84177650193313,1.46678308128112,0.141800105946378,0.265730409399501
0.231151560600193,0.117107106366936,-0.713232788054104,0.398217528357607,-0.0869552383260366,0.616130692814093,0.173958506016149,0.878355080337694,0.606049215369365,-1.19218510095646
0.413401049245652,-2.13100278873039,-0.0384262292250999,0.626606012017702,1.65106347054887,-0.967792157292746,0.898916861878809,-2.07205499930021,-2.40212397192344,-0.510027202923294
-0.646369246381214,-0.6496807347225,-1.33901885581341,-1.01367341425405,-2.05836700834781,1.18957979180654,0.302119747504843,0.638997511912099,1.02227828865754,-0.805443581594784
0.00479438425181781,1.56042010383797,-0.898604182295109,-1.09572323667113,-0.31181153467359,1.30227807482812,-1.06467897870835,2.38424887231113,-0.950150075751608,-1.68128130075803
-0.927253327148915,-0.715861785943732,1.43830972888727,1.3021316063403,0.944653016319627,-2.0478931417937,1.76736361613351,-1.23106071302987,-0.312902731608925,2.51715266841819
-0.169557602039249,-0.249131582248404,0.44349002886459,-0.549457633974259,-0.814802567901238,0.377191150351831,0.0510381071294801,-1.21969967463337,-0.104321334661702,1.51609549446053
-0.626078022780547,-1.6055791777507,-0.508218592717616,-0.206447553602285,-0.26053682378639,1.09657976302933,2.55588423950375,-1.2998955318565,2.23779182496042,2.58867231178824
0.596398132006173,0.586324115060157,-0.394389068580783,-0.179522698591104,-1.03487864188647,1.33238809294487,-1.7455672050014,1.08465069718833,-0.673985146993628,-1.40606135449283
0.601292835013034,1.51345517886852,-0.692353474134826,1.26939272311081,-0.533666654857815,1.29407373557418,-1.02566886225081,2.58417490018914,1.07712234942799,-1.19702707775911
-0.0352295770084848,-0.0368431409038013,-0.749833649680473,-0.662487254576565,-1.14132124010913,-0.319082973734676,-1.51194372130733,3.49111261285773,-0.7595340038434,-0.369050858137205
0.90062246813516,1.15787895087615,0.290442591454227,-0.910744008639856,0.0462343925679706,-0.975035815526711,-1.00747925194371,0.143658000273201,0.0143784128859881,0.501341554473155
-0.243908028372927,-1.39076006739114,0.0406041419116338,-0.429053274360159,0.57686053000714,-1.9267710575654,2.47952924074402,-2.27381491933209,-0.814099152494619,0.582971972066018
-0.537710443024857,1.13840200972338,0.912297109334857,-0.523213883834383,1.6125067064462,-1.08164811399333,0.423311664393246,-1.65917005928854,0.658540996129435,-0.6140850465631
1.52368258835895,-0.848874745298143,0.334858703740485,-0.335172909021054,-0.120018882207323,-1.48135410647296,0.604705966755237,-1.55311725968737,0.55827101581272,0.269989227068516
-0.319126353932478,-3.44078697035661,-1.28427990150015,1.45572483864011,-1.19821787925214,2.07568842773053,2.14857114439286,-1.26996138191016,-0.8780397119489,3.35806243947361
0.356384164783091,-1.48581250726478,0.30792060312134,-0.655797315083181,-0.521959461579687,1.20560390288607,0.353657788992076,-1.02564303530732,-0.362455657498953,1.27855173409206
0.31232647868098,0.464053728724096,-0.388817092987077,-0.592849303665322,0.257187085492473,-0.0236485962154288,-0.068601398419345,-0.862150613699136,0.869377776091802,0.592947239763862
0.39383075012121,1.45012894750547,-0.90395226465417,0.592775592473388,0.0642705460980632,-0.965844727169947,-1.44213629999186,0.979072718189983,-0.931660714309914,-1.70320754629655
-0.324312490475506,-1.78152582328573,0.0422143349462559,-0.115242760631572,-0.54347313885333,0.424776399989895,0.351105273037657,-0.457884712839725,-0.978366695916276,2.56230129264247
1.14796773096985,-0.232806688676638,-0.336096773317891,-0.871512480230924,-0.274996226133194,0.253607469642832,-0.421945474227704,-0.0932586731177324,-0.745839664377051,-0.287611475544041
-0.75001915636602,0.368336101602911,-0.127004558295479,1.30422811886716,-1.1062176724556,1.22296521963167,0.225156922079311,2.04206716128489,0.794295874144011,0.811831145282284
0.205017250116933,-1.56167011018072,-0.880371827517019,0.160205481345231,-1.19537320388218,1.3580075699745,0.000245186863578923,0.814889384478949,0.501994164266963,0.538472060191001
0.623278055791101,-1.63624181269628,-0.279529195886945,1.75025484545388,0.572328419041231,-0.480149287672911,1.00674806053201,-0.72799053344587,-1.58150319185519,-0.556392370103219
-0.139405576104818,0.328672920873715,-0.753710814399763,0.952442530440668,-1.27708262492499,1.07221607475599,-0.729884099062971,0.628731854388206,-0.241810273729104,1.03210035217608
-0.28341410694384,-3.2393627210974,-0.835412277523637,0.2034000073479,-0.0916388843116287,0.883323549702985,2.36432498021357,-1.24309123543247,-0.0455515747415469,1.22632816134745
-0.0101011773268673,-1.1548166394816,-1.3754015861681,-0.845391390062848,-0.400667534574589,-0.776449774103154,0.774400153918055,1.59335176901897,0.563746871457926,1.2106235396988
-1.4095188815601,1.94738196641442,-0.564109267856031,-0.524478580000071,-0.892951872135424,0.739845779313939,-0.592699143622027,2.03053697602857,1.7904696152772,-2.08244284459106
0.0808895313845469,1.38521948998591,0.563204953227488,-0.835711851016914,-0.498986847798917,-0.329153613889406,-1.73784936248619,0.631707937136144,0.160790489315301,-0.778527540409747
0.250288167254269,0.277335132232458,-1.0284857235844,-0.420820883331562,-0.419068217538956,0.142402783780177,-0.381302109584169,1.80232305366925,-0.321661855387524,-1.37818163163047
-0.142234974939722,0.582816215147208,-0.612124495174505,0.557371398159461,0.0253953313282704,-0.363417871880246,-0.622445618164365,-0.58623880882358,0.733037126115595,-1.17888074549437
-0.449203505812772,0.179944411364273,-0.592452547446618,1.70008632824156,-0.835352999858935,1.79702913290699,-0.117103375738557,0.497509035383518,-0.564036392246472,-0.787169576392245
0.132774761921276,-0.0257347020019011,0.350339020587563,-0.812775095170783,0.505361698111184,0.915029833677692,-0.0580518023477483,-0.273005779197624,-0.0210945246375733,0.797949467291254
0.601719815741738,-0.761071257357619,1.79301796379518,-0.799658424131655,-0.187769137742285,-0.231295197766266,-0.144214481252815,-3.82228444830338,-0.865474046912692,1.34144056841233
-0.555598094145317,2.08419685465963,-0.342914915399122,1.53065361432787,-0.973637540487314,1.28020580844875,-0.70467009039913,1.66587876812408,2.08858961344542,-1.11790940137502
1.21319374913284,-0.273991045941123,-0.237476662541408,-3.01199802444374,-1.32470367716672,1.43084923789041,-1.14615510350383,-0.550318390216349,-1.30757520850094,-1.40039570427998
-0.432447550149178,-1.03633864894244,1.64819006860617,-1.37706794251804,1.31163308894132,-2.1254452572302,2.34335719327537,-3.10587603359581,-0.350721614163417,1.12976968416165
1.29346039965668,0.0961033543286547,0.817388595256061,0.21179695524377,-0.215553830578622,-0.688388509117822,-1.57668708699134,-0.279192731625142,-1.18596314646261,0.197753664022094
0.65492953787328,-0.827788108168068,-0.895474411284049,0.146602751720011,0.556269499049626,-0.149425287022921,0.317443215415702,1.02365689420097,-0.523238868604454,-0.674281471070931
-0.0115855709008786,0.0396269454754332,-1.60381122755377,-1.31778163821902,-1.56780655233893,0.333901204401468,0.740236903838182,0.12854645269799,1.62906894470741,-2.02292305580584
-0.0365764199428923,0.656910948347403,0.428660924027006,0.813125524052157,1.34430139865527,-0.632431590349427,-0.420694123745046,0.0221461742049969,-0.421928515879736,-1.43924353862831
-0.340870401335339,-1.62447023842775,0.746504335000369,-0.333518837388517,0.465798645462092,-0.675304816821203,2.14745283735148,-1.95043149437578,1.0720651417888,1.95925222499154
-0.256160016770513,-0.372165010371682,-0.785722862713105,-0.537968944323903,-0.480137568251384,0.286782552720228,1.20859669798597,-1.01912799463794,-0.185651601006582,-0.0967109568022905
0.376483249265985,-1.10440763879464,1.14389673480731,0.613079635968814,0.0308069993303097,-0.315781128066061,1.18252595568959,-1.7362606939238,0.462434926995626,1.33889646419053
0.355021061762638,-2.06226140328948,-2.09952732416065,-0.496071568657975,-1.4595920322333,1.95615875012237,0.488344356357789,0.284244782022069,0.28897479618987,-0.627790502274965
-0.298096575265344,0.13033302145744,-0.81128410554428,-0.14744685874528,-0.393778019735926,2.61151622549672,0.228123530094049,1.16092205141094,0.578728475341313,-1.27902140582228
0.92876617911776,-0.718397779920206,0.503861763746662,-0.751262300934826,1.28986738684822,-0.432225417741233,-0.424645882105541,-1.17701238433423,-1.57580791219475,1.07548150282346
0.48098030983534,0.837922160251222,-1.18185777586674,-0.693768843812152,-1.45641957057061,0.60036210461115,0.104591206007804,1.3002624567922,1.6728346877922,-2.5371745366904
0.0533934939446791,1.8767902651016,1.33912085420307,-0.574108639817294,1.03727199577824,-0.902853112922544,-0.338125890813488,-0.483338747065051,1.48905379539569,-1.11634882053614
0.235468098864642,-0.762996210688077,0.276486672563674,-0.454373349006728,-1.4618904568003,0.476160433541884,0.305472297766302,-0.524610301699308,0.790502992602809,0.966679426838853
-0.351092496500267,-1.07690398971406,0.96088753835409,-0.34594783736816,0.484132416704109,-0.742499111914563,1.82605798632181,-1.44032517821371,0.496804581928881,1.80664388222166
-0.41747547614798,-0.0617283456407404,-0.898697774501023,-0.512034462352131,-1.41188832097024,2.31893310512631,-0.580466998219111,3.02511412113745,-0.0910382403974524,-1.34317703316549
0.146502604246123,-0.79929769764696,0.388703428692867,0.638320382716968,-0.114535635683974,0.302844457791492,1.78423240076582,-2.10745729811949,0.487353841793739,1.4441323344754
-0.128242448364016,0.464985810974352,0.268536234411326,-0.313127216383885,0.635485059748888,-1.02178816127204,-0.919800139611401,-0.294474785645177,-0.510450411028813,-0.111790012936525
0.101093365110764,0.934829123174936,-0.802971490492708,0.726271276803365,-0.687558902450051,0.551101143405515,-0.872045594752966,2.27530665140902,-1.3760105696193,-0.198009091440437
-0.369237528107802,1.61632891707332,-0.261384716271048,0.449045318031149,-0.0196602858349928,0.479987286940864,-0.821712320496363,0.957047394273951,1.5211862858985,0.717207882717319
-0.817098737810859,-0.162107081297318,0.838667377314153,-1.66522985140879,0.889008628341079,-0.466432549976912,0.132556996485072,0.059364609693855,0.154463556163314,0.477654393079212
0.0500053002608886,-2.70130662118895,1.07919201427415,0.775241813559727,1.79231481119869,-1.00695746725381,0.312019736914989,-1.39102360677582,-2.55649205236876,2.4837340744213
0.571538674367717,0.186643753518902,0.99995334771415,1.42580552221334,-0.332111992929082,1.01201639636696,-0.617156688962194,-1.64357165467424,1.20240420278652,1.21427872645393
0.286078676878442,1.57711607627851,-2.65186843538177,1.48673825158044,-2.28500203270725,2.02308019071121,-1.84329223953338,3.18053584738377,1.97707842257895,-3.04312050762907
0.349898117768695,1.39399204959598,-0.00347324096172213,1.03319604309707,1.32055219467412,-0.376605211060774,-1.60679494291386,-0.34373422607913,-0.480315222568446,0.0922090964981931
0.851479707680478,1.42865805753597,-2.31715091022961,-0.159929685549274,-2.86019112969357,2.21559322577224,-0.892274625707846,2.20345330561294,1.54573697037232,-1.75928839302845
-0.115689405520367,3.55725161409155,-0.585543206765075,0.0907585232743692,0.514166044884333,-0.0368197997623412,-1.21302451911237,1.71449161292751,1.73861649418563,-2.91545242564655
-0.0823873627955399,1.32163119467205,-1.01943739135545,-0.721287093917292,-1.38413784102484,1.25877758039042,-0.535738836793942,1.69952984608841,1.55750258034978,-1.4258769954827
0.912535288935067,0.092957122360813,-0.211893693789022,-1.05413557865782,0.297782901000509,0.219765148443359,-0.963358698814222,0.644280696410237,-0.463162766217257,-1.21377832894481
1.44842265302929,-1.79986096750115,-0.62096951963968,0.662231370678643,-1.46528579879842,1.32436204414265,0.537821931124493,-1.5158778874121,-0.647407038861068,0.18844965206322
0.872830606801653,-0.518446401946784,-0.228629177152921,2.09486953739354,-0.826904023297418,0.447267800974533,-0.403256476115744,0.280934728663725,0.182441303237087,-0.608120199007309
0.0412277720526164,1.66707983943264,0.978854602495628,-2.20340468421483,0.486343202449647,-0.379050947905124,-2.34167658659826,0.379425854954043,-0.753430430576505,0.21440270360934
-0.315942624152652,-1.19804501968654,-0.259434078929699,-0.496022422462585,0.0920734064432938,1.46688253782359,1.02770832424728,-0.0403510823476644,0.332241044048711,0.674122486682214
0.673716230612711,-0.666691004176484,-2.72086065711647,0.00570328430985903,-1.45094940148272,0.0232415809085171,-0.308621923051606,2.27641849327827,0.257855776450259,-0.954030436261104
-0.372312640204887,2.21010637239813,-2.03469985983923,1.13800497341376,-1.76602500310766,1.90555222086324,-0.908385491219409,1.74543897937214,2.9461874658584,-3.31373364689149
-0.152708752139126,-1.22612675327697,-2.46878917193847,0.388212855026734,-2.29797023953927,2.34080916852855,-0.234631056078412,3.2278373323471,0.104299883150828,-0.604872634757422
0.618891589869299,0.207737486699107,0.639943500513204,0.770423442113368,2.35983994599191,-0.492222221925006,-1.11234440043534,-0.520945341457802,-1.93971924227938,0.346722414009819
0.595607824732264,-1.54591131583494,0.0509414938567342,-0.292274845444681,-0.577271093396947,0.771161994799983,0.96006313355637,-1.4835027859205,-1.3974240329019,0.408516917373919
1.66671762741955,-0.188046121691131,-1.56668282936787,0.67329621555501,0.0892817642544587,0.453109435484103,-1.41949869072254,0.216915456357427,-0.194611868866813,-1.00398383103908
-0.445772544273465,1.56450715057611,-0.131990046137675,0.360536218479165,1.09769116984379,-0.117113380301825,-2.11948727390459,3.27375689259546,-0.439989946305447,-2.36595889445068
0.719730594664556,-0.565101015435727,-0.679937206654652,-0.493493540760565,-2.12012531463019,1.95759596100523,-1.02626074889279,0.609611891470364,-0.898824593245779,1.23159938036827
-1.49470957008867,-1.2756075896753,-0.22518550169751,-0.554380980692459,-0.427311903149678,0.441948561194059,1.8295775417188,-0.142094102936568,1.23013693373998,0.408696851305604
0.10964119156032,1.11637844878138,0.0297394375812097,-0.937550465696755,-0.889480763400737,1.21374988299412,-0.402185192602877,0.325205875393872,1.0950693407879,-1.49389816444941
0.973878557495648,0.124837445367374,1.80854632913043,0.406697968902881,0.639892782900059,-0.910721683160219,-1.00162107599951,-1.95249675043224,-1.93316775798176,1.60962849273087
-1.34770933770797,0.408832050776888,0.249633378418389,0.0333831508347112,0.0297344582500589,-1.86142027508748,0.485346778998151,0.938372882025108,-0.193890794506344,0.375556031037244
0.130126419625467,-1.917708103113,1.27259410778075,-0.187368374193794,0.101960662406157,0.549792110026676,2.27795776611766,-2.60744952586132,1.37521946693303,2.37844302304282
-0.323441325216996,-0.818045635242206,0.124528858666988,2.60222705487064,0.647691091812659,-0.359036220798064,0.149981106798051,-0.0109872862268832,-1.67191581987235,1.12403259887401
-0.813902579897492,-2.34132827575518,2.20896096887912,0.650309293846011,1.76043179003256,-1.94587115120978,2.34148596989931,-2.77099351367682,-0.625429244979782,1.99248716969916
1.15734549060147,-0.642313828583601,0.307409769301658,-0.364049374750018,0.698005691625344,-0.437643994795147,-1.5647435226194,-0.388131425741573,-1.24846859029918,0.82319373295277
-0.128572057486609,-0.641655149886103,-2.47305764835963,0.679280136007506,-1.68399045526809,3.45859752743212,0.238488755431647,1.50920147782769,0.211756354025644,-3.11696634757113
0.575569155501634,-2.11101604015671,-0.957177132450149,-0.0854711456167524,-1.13724461668792,1.19216147969146,1.56476141772883,-1.5296263229679,-0.052640041577088,0.893082213302774
0.192714970553069,-1.1410108744215,0.83528646762601,0.634328924873683,-0.145467846119095,0.598661864581868,0.593214136357425,-0.254102441249044,-1.30889192857195,-0.559529763639481
-0.982650446254098,-1.06145532727877,0.275215309301835,-0.210742480953116,0.129072212752974,-0.308363606180965,1.25276559783855,-1.7498580457859,-0.929571684702024,-0.154156324068523
0.234295448168645,-1.16249334913267,-1.6827127480076,-0.0767711477478047,-0.908096060132716,0.217225801507884,1.64358516472969,0.399349166162395,1.09174499336268,0.573891187101343
-0.20236959008672,-0.201663819397546,-1.2831702828066,0.304134473169248,-1.18362127169368,2.5465227311758,-0.0530360247923515,1.02265649503098,0.14003564319715,-1.42537152916215
0.449467387923603,0.00465384082601551,-1.65177205561368,0.187753655825479,-0.738518159940768,1.89332587792551,0.325601976397426,1.02059223940132,-0.528496043666017,-1.54341631155219
0.0032930916003591,0.0328494930008587,-1.1553156764498,-1.09093352914638,0.0817573316402329,0.514399646088492,0.247010015589708,2.21045517362697,0.0475013073869989,-1.61429582315588
0.744277510078546,1.19548197985157,0.58406481690678,-1.05651837088031,0.446875640332913,-1.16296298731984,-0.320546044112591,-0.620132735355137,0.324134097505183,-0.787402766210894
-0.0463993050742767,0.657615402279659,-1.22799628344235,0.290767590018898,-0.519252261928348,0.847138429466379,-0.86342029296335,2.55929184466486,-0.409514578963936,-1.16813021019935
-0.183490450045468,1.2090829586002,0.93481062521245,0.862730034287964,1.27717589447069,-2.23226974358333,-1.19413249497283,0.192347681354097,-0.124399749595286,-1.54909289844179
-0.229673869116784,0.292927407355636,-0.540169348666758,0.203493684645073,-0.503710464684419,1.70599756383101,-0.655023867626895,1.38871128410267,0.83332621185329,-0.977756059149027
0.0767544839506919,-2.22375922855221,-0.0238101757833042,-0.219239277722258,0.483867366664037,-1.38541204550483,1.00034380662142,-1.4019865658165,-2.96824574008377,2.42805397101142
-0.166635649883018,-1.27927789527697,1.2779058333808,-0.60546177959228,-0.375179387035824,0.229083629236847,0.588908608222398,-2.38825529197375,-0.407302408450729,2.21893259620276
-0.26406033427787,0.16066962997669,-0.129698058150765,0.237592008312019,-0.128880162031058,-0.157225178726544,0.786763703068404,-0.454756730745942,0.531497728816581,0.729107651834127
-0.131905032734414,-1.11758283433697,-1.65428670418614,-0.273391599983375,-1.97182513393896,2.25423973564408,0.707797450800721,1.68302596323141,0.570554661735073,-1.49868479577867
-0.608861433165331,1.12918980026192,0.0945419770756024,0.738711217933418,-0.135296119869708,-0.599991900241681,-1.3167703073342,1.81509479291615,0.263602315416997,-0.380262962801266
0.889818126023194,-0.64143310147535,-1.02310678262098,-0.550725146608196,-1.14574063938492,0.906984276809153,-0.671884578129634,0.759855237592661,-0.633844061557943,-0.445186497244909
0.189487994292974,0.0257026934901653,0.919503301213284,-0.785231860734111,1.85054618058146,-1.89640427381094,0.0617617534472033,-1.37738033385235,-1.75104105536411,-1.02616293233994
1.70044888722735,-3.01634724376096,1.91194378511516,0.303825000175847,1.57186362068123,-1.40032566298312,0.328902791341364,-2.81967262757519,-4.4820670947133,1.85172946699037
0.215491126189252,-0.483788892273998,-0.832518582425907,-0.638276304124634,-0.954641041601059,0.590948056314477,-0.0548809141809505,0.480633431277915,0.383422558112704,-0.994071326410124
0.45415501958896,-1.68008939345485,-1.58603300948956,0.552761040132521,-0.393498277923216,0.764208471561992,-0.450287390417759,1.04926354610363,-1.56436789123287,-1.12203922257655
0.772335462694305,2.19835214038804,-0.939858448722215,-0.766651173640983,-0.443383528022129,-0.510380659546538,-1.50120024694223,0.645077863696222,-0.166383524470824,-3.05762786091058
0.552994861106505,-0.426566636501015,1.19023452369739,1.49733033109915,0.956930067888624,-1.70900661933005,-0.115199393336173,-1.96663678187903,-0.441047708432558,0.0132622961579987
-1.0716549130653,1.19255170290728,-1.68452834329145,-1.4583966995968,-1.60590646025497,0.806857017925305,-0.902611726160347,3.60035300888621,0.472639912197968,-3.06059042951285
0.00356549761069635,-1.97617198299785,0.424841865726537,-0.458031808814816,-0.529294327506368,-0.216175026001135,1.626285500127,-1.71628086234527,0.297334864863294,1.93603084204866
0.744890499857771,-1.2711821674787,-0.258829313733009,-0.36391223537802,-0.616571667487469,1.19994927463124,-0.25895015766408,-0.00542054891376981,-0.700598479512553,0.71452820038998
-1.61454419060402,2.3168060105987,0.897278520841278,-1.40229202716129,0.628755183467184,0.0256124463109711,-1.26641122124661,0.687931676830288,1.07980814058543,-0.201423312609628
0.276953009445966,-0.873664951176913,-0.385787590731742,-0.845115800409808,-0.823010154677905,1.09145244834616,0.93786748372964,-0.51100382621111,0.834755463393152,1.01370774597106
0.237523720237089,0.0523928882552298,0.0225729430308233,0.301087564721385,0.4097511146047,0.173573740861164,-0.470323264864219,0.329778767960009,-2.05410951335834,0.300056288583523
-1.08925561157558,1.96289072344462,-0.015942743590601,1.06420215676188,0.042492653972164,0.235303741453693,0.422059963501351,0.295581482779609,3.15267336198981,-1.08006168038686
1.1521494658751,1.22588772722545,-0.459029854104342,1.03436206516126,0.619347220944799,-0.244430654031965,-1.49656101184459,1.07855741306344,-0.465628642983698,-2.47137605561781
0.835640374573818,0.807607744249,-0.348035724335084,2.20077009710817,0.634367769864888,-0.550590891601621,-0.777316787686154,-0.365581104966396,-0.815770376456395,-0.26126177405413
-0.0619587697550483,0.85912060754783,-0.388550174552656,-1.05164050805637,1.20011603947064,-1.07217552794416,1.01640261071073,-1.11337046611858,1.79691506731424,-2.1568601080782
-0.130885722349732,-0.264746495327878,1.05065226995426,0.269912950950763,1.03738837943494,-2.10694926160542,0.405287293576004,-0.930881899628483,-0.842214936043597,0.909892270812847
-0.347996581534576,-0.0324411111972566,0.2501670564101,0.138526865759043,0.10240945020873,-0.253855810014993,-0.254782933358147,0.418477282963292,0.949534674851072,0.0599945183559825
0.524241636772296,0.392387294707143,1.4297790983437,-0.959794225294571,0.144141532709735,0.677314967340541,-0.989541636763652,-1.67050263990097,-0.440662246623396,1.84484257294473
0.203830741949312,-1.64444373792394,-0.765491373042859,-1.24772108758968,-0.481096581478054,0.25021277696091,1.28601195142033,-1.17444949878544,0.426062918798427,2.65630498586895
0.64037397489379,0.362316023622439,-0.370767367441287,0.419753457596254,-0.688487048997404,0.725066147161513,-1.95973210393194,1.76668975087072,-0.741631952952857,-0.365727181695127
0.536338508143943,0.306586050570742,-0.640913810652652,-3.73182303491128,-0.0742267654349334,-0.34667317866907,-0.32006793259511,0.426404737634715,-0.363129414330106,-2.05039527909672
-0.83079166450969,-3.45594824741461,-2.2620716154355,-1.20817305169676,-2.22337830523345,1.31903317749112,3.07329070388949,-0.37886265148146,-0.389939379752082,0.552857846176634
0.530270706148445,1.05266995158737,-0.492185234409475,-0.133679219317857,-0.881507053806428,1.19778359337782,-2.58780888604451,1.11870906690796,-0.88497365137358,-1.91993610754951
-0.226979367020228,-0.959643179609344,-1.36485107776989,1.16995730819594,-0.73614534399663,0.545610941195282,2.05306637075133,-0.279065036520994,1.60022151973785,0.297098638033908
0.227942538360859,-0.00413312792923012,0.61459485316499,0.351925920832423,1.05193982785473,-0.119077192491511,0.801716387393427,-1.20467163584252,-0.15451135542417,0.0116740251639695
-1.59720763590724,-1.27793111445097,-0.233567623554073,-1.7405406964769,0.358028872082057,-0.8535783921407,2.61586404128228,-0.953765378177516,2.133788808472,0.467948859261116
-0.81834144422198,-0.829938927002194,-0.775281177414071,-0.653447763245568,-0.283813334509399,-0.230318823171548,1.01398164361312,2.37289621928996,0.726595044363825,-0.369529294297115
-0.128759580338674,-0.328370154627955,0.556071726504856,1.41338605771515,-0.102239248878894,-0.0222736246358125,0.0887868179560849,0.359481538472052,0.0586845099554355,0.901527297157082
-0.0369388324200967,1.51887451344267,1.25930557748283,-0.961087133585138,0.688492734887033,-0.576428632858496,-2.29775079747662,2.1590922596301,-0.794851750868541,0.236898385979259
0.780511474556275,-0.983915567274144,-0.0718595027979473,0.00379394473584212,0.416375430843662,1.29732434063083,1.14845482903193,-2.04861737172518,-0.616438423021291,-1.27073997505308
-0.166345730455874,-0.215441894913479,-0.276176642174673,0.265338693888055,-0.11346897099058,0.142215937891752,0.302086131654644,-0.0774222741219738,-0.187669311276424,-0.907275406701886
0.668976557958358,-0.600748642228882,1.25322880145775,0.145409788181925,0.0885384624732082,0.922389712906687,0.022781672774644,-1.54123594353375,-0.896055286809354,0.0435238163492341
-0.584871732510199,0.941977773293625,0.679420671951319,0.929165867712156,0.907084600851384,-1.03091251096904,-0.130110015489591,-0.542948211463176,-0.997327971624792,1.26897524229684
-0.133134190182654,0.294654643389313,-0.298084389413191,1.21091775293464,-1.79699644727878,1.88962554368011,-0.622211588991532,0.391552185540325,0.900740188380628,1.22238346848022
-0.696847686689378,-2.16727402684449,1.05935830510707,-0.808241422181269,0.716501276166153,0.511867001314544,2.89614221778788,-2.46436666034459,-1.05385696356821,2.58454159120332
0.0173469637831472,1.1716095005951,-0.469272042153672,-0.0158839848564324,-0.412138056109545,-0.369101819347814,-1.81617650034242,3.13477098299015,-1.30600235971708,-1.47220083382163
1.44690160217026,-0.292793446568247,-0.838715204643132,-0.220384494157464,0.0657779212499741,-2.06963894188883,-1.54175806696847,0.723757026525764,-1.79368562310086,-0.65584918377081
0.199743319328105,-0.628739426089877,-0.0616970778184699,-1.71902529097949,0.297540886575887,-0.317845715933892,-0.918601330984444,1.16914161023204,-0.0973865037047174,0.129652273123615
-0.963424248544004,0.857378175765989,-0.122188885402084,-0.582160322198192,-0.339044487642017,-1.51576670972486,1.82535401219703,0.066531497874778,2.46893240219415,0.355340823387321
-0.51866313634571,-1.46533221441744,2.50689750269245,-0.574191760271938,0.798910862129839,-1.23080935940946,1.05545268131196,-2.11531965055065,-1.35754889939305,3.46180637946176
0.135471572485567,-0.279451313725806,-1.38975667222247,0.819480387946776,-1.64789211637496,1.36446295097955,-0.833143950970376,1.49385403542444,-0.372185874560125,-0.621107726105151
-0.7464661657819,-0.336789277993422,-0.714101436149558,0.332099409573915,-0.156489310696432,-0.950133983116313,0.123536868759548,0.741458860024484,-0.0688505357062033,0.0536960795002491
-0.447522135969783,0.315192641401126,-2.98268640313159,1.77835714115439,-1.74214314585553,0.1444379589712,0.0884039746165824,3.04368998473896,1.09596193727428,-1.87669328992361
1.255133368201,0.395430008436473,-0.716714404081438,-0.519262954274419,-0.398745575804949,-0.60592171037032,-1.94372556972406,1.1106148549255,-0.704866242375442,-0.0538652550252534
0.815144637575027,-0.0245865433487775,0.701348942600127,-0.406836396003903,-0.0526570868487706,-0.493083515294372,-0.690082931126586,-1.34268431092069,-1.37339232138678,0.799052684114786
0.143645160723396,-1.69473521785108,2.13702950666516,-1.35813860741535,0.876344743525831,-1.25404662595352,0.508154333416694,-2.20563395072752,-1.09473859053852,1.7262406773463
0.782349024907762,-0.713083573018228,0.427537526382619,0.0713189847482861,1.71241939985446,-0.870672624427012,1.28982733446008,-1.50396114249357,-0.179307788576164,-0.560474393313144
-0.113924903081281,0.941388413220474,0.0970126835906582,1.77134798412715,0.422213941696507,0.347480420479769,0.79405554823636,-0.16447929392863,2.03902486331022,0.49326795394016
0.288675863640088,0.731328211071382,-1.1078301839334,-0.693415661775636,-0.480657369854197,0.743336678553617,-1.0728874839514,2.28615934585666,-0.654690077404226,-1.57998099933418
-0.28307836877987,0.013102793971577,0.525992387428114,1.5538631843366,-0.0275675768414058,-0.103912423428538,0.249464438774459,-0.56659414442232,-0.237208553999249,-0.116094519812092
0.942106808997654,2.22373447667062,1.64121753041103,0.840791547615557,0.0398463198619347,-0.319603082332873,-2.43547236062895,-0.91589591801223,-0.0163132086117954,0.759733669588065
-0.641022031525487,3.28117408832026,-0.214390732317066,0.322598754108873,-0.642957066750336,-0.400816940499447,-1.84308005412237,2.55167769774075,2.34582843315601,-0.740376665197234
0.438898024814366,0.232449980254896,0.813603104810997,-0.80362985548415,-0.643250299104897,0.639633845234409,0.065096248482267,-1.58009158239931,0.247906747044275,1.82224404824059
-1.23053195534186,-0.928626587041397,-1.81357304693217,-1.19773224180848,-1.0477019647794,0.527476908345489,1.2987656111348,1.27049641345595,-0.246945284533882,0.00204745370228019
0.190685731311558,-0.7982352737566,0.813619844167983,0.324631794844573,0.794696551705784,-0.0815015870272414,0.944500729790812,-1.33192053840254,0.391130831090198,0.976833818579733
-0.405973850147472,0.799679836577526,-0.18429836376421,-0.198652819464441,-0.281904022695373,-0.6150790795295,0.223994593647172,0.361371725070563,2.03468423702173,0.539951502352589
-0.0631128074491827,1.12674302631952,-0.224492412249569,-0.133761575601034,1.12429813610454,-1.55127126790166,0.0333599990229699,0.585135021265976,0.3628487010614,-0.219498907796729
-0.989847560926833,0.454883291436231,0.334495697734643,0.613119302268604,1.46661114238704,-0.841136871496724,-0.376247831190837,0.927281778077889,-0.858654584486717,-0.20978462965421
-0.510049815929961,0.106261194748559,0.844765717205065,-0.316703091878815,0.235539443871892,0.588819227744024,0.943460039282398,-2.43763387534469,1.28544345710056,-0.555619666606045
0.275852100526919,0.0758272925082479,-1.10678567789823,0.00357970427182207,-1.06437292940298,1.59544493097619,1.07527331227949,-0.30009639256551,2.50288093003444,-0.446513073438512
-0.485928116782373,0.560868205885913,0.38945418194389,-0.669609371958514,-0.844638991167873,0.683964223559021,-0.364808443827226,-0.235942405400111,0.754386802566771,0.065920485688361
0.23201207400532,0.638783325200523,0.08582754682915,-1.82317527182983,0.364765707907396,-1.12150232344672,0.135711157741252,-0.651512945147336,-0.228289413135551,-1.38638460208592
-1.03287978598931,-1.56924322070167,-0.797208387280374,-1.99166986440239,-0.21226059862688,0.672159633298544,2.70546780735298,-0.902441375954654,1.78563292771545,0.595132167353778
-0.0336315014429941,0.669961003674133,-0.421341951991423,-1.67618335932885,-0.424267867907905,0.583043674429918,-0.474801229365734,-0.264628003774297,1.11063779137409,0.477232235655647
-1.27092344754775,0.0863672282212043,-0.421771254012003,-1.41102108930064,1.12507851115658,-1.42517281394087,0.366918995045103,0.722558220328665,0.121125268869197,-0.469004398183182
0.223769393802547,-2.31822654229667,0.126409641599164,-0.730088169403592,0.511594203659162,-0.0620434165963638,-0.29479045882936,0.388039760248176,-2.06472803714309,2.3599705621195
-0.590983065664657,2.72617938582792,-2.10078594972622,1.49866633740896,-1.00589986240088,-0.670524428183655,-0.599066860216365,2.50607120185046,2.93859011982286,-2.84557434769888
1.11974833108128,2.64761326965048,-0.29564393781228,-0.319024565801227,-0.461906077792884,0.32862708429225,-2.01569957132024,0.281636513551348,0.766877721264905,-3.13398729193656
0.0144101257772339,0.147730710240674,1.05145208739628,-2.38290094017075,-0.771214142132442,0.0364423138263694,0.153270452870179,-0.620696049656819,0.0687578838744623,0.303263969702447
-0.076045129757241,0.931598883558155,2.14128177413532,0.710238459942182,1.25745551989914,-0.365290789524889,-0.302880954819522,-1.93909946206821,-0.423352456244357,-0.997152617958346
-0.0127992966704223,0.0997602724397155,0.979480330695418,-1.43547475113541,0.137565438989273,0.337379977491446,-0.998039075072716,0.374976355192525,0.0627942777730054,0.223582065590027
0.136510348804804,-1.02421946527966,1.91636461710593,0.348171696130861,0.618780782065891,-0.389903190553724,0.160764228542377,-2.48534328723618,-0.842341433210394,1.21239624895038
-0.920358491017154,2.27584623789595,-2.25314205717281,1.56898321516874,-1.56088224446907,2.40579741067268,-1.05121787680643,2.58352689012823,0.935651043816299,-2.86367513274182
0.429500073681905,-0.756166706957025,-0.36154882803217,0.0387116150436099,0.464054514529307,0.26654370704665,1.41360282456536,-2.09282342680046,0.732715061122183,-2.29616841391649
0.00356824337647879,0.194699902523245,0.671326133468254,-0.736835110175333,1.25613200930335,0.00937308002670829,0.859192869379447,-0.0333525855704978,-0.200573261067846,0.0346852938249082
-1.21954887213132,0.123655055205925,-0.639819865722379,0.0928757848206715,-0.887465373424995,0.90137937292668,1.27139070554462,0.288040197163734,1.20257881582171,1.8305851178376
1.03703126759114,1.00602774738868,-0.181781896210553,-1.34246881125538,1.43963375651642,-0.680471031113448,-1.21761047133786,1.26591298284095,-0.67007319259963,-0.718067501779743
0.489367543732837,-1.22828052239309,-0.0781222936457852,1.26686540470522,-0.666352867049243,0.762500052520389,0.34741707327696,0.0507725480501766,-1.84869766997899,0.623978730459332
-0.880923377096197,-1.01376971236842,1.50607455971504,-1.90812535786895,0.58884743835982,0.373870274900471,2.4284838604077,-1.49462368577583,1.86290455797898,2.42814613492642
-1.2756362169412,1.40185003955946,-1.7209216896134,1.5456310446744,-0.817409977167393,0.867023465516994,-0.00473965870905806,2.16593544599374,2.7403314801624,-2.62539464785524
-0.565527067231688,-2.35703734284574,-1.31250152621295,1.0596407350534,-2.16908998198587,0.623193526008702,1.86053158798848,-1.61298012072219,-0.280946202981899,0.69868692623293
-1.06029010193984,0.0894327841916679,0.838337168857151,0.507651592503557,-0.108795952187669,0.102481013679018,1.26166829209316,0.210223613580388,0.382242504429679,2.0543890489748
1.02463273260415,0.726685516119618,0.637470866709882,-0.992749864410369,0.388792507020444,-0.784229492505625,-0.582281869153468,0.0396022932308177,-0.590823398184124,0.480085998872658
0.127521106486347,-0.00629083816667048,1.23174240643778,2.40506999457096,1.93549193872576,-3.02972966781081,0.0438508867616707,-1.62320459102108,-1.00967204329998,1.048408267714
0.895443208753621,-1.23135780962171,-0.148715838750008,-0.27371926495133,0.121250484101776,-0.859936086623811,0.763151845506659,-0.165930172770844,-0.60421098615032,-0.379865107540482
-1.53705491071407,-0.548266303377274,2.37983622858012,-1.27843355834348,1.55822705925179,-2.92897165877914,2.68994275060314,-1.93281200001892,1.43444813101004,0.845770497993374
-0.12594238805443,0.0790229096798419,1.08461480066203,-1.01783797478386,1.27202275477939,-0.525359951467375,-0.105773311704224,-2.13344067121858,0.0209967633413032,1.4067592780099
-0.920551701960923,0.579444459524427,-1.68693242696239,2.53698759343718,-0.372605138903867,0.594413078312797,0.0964268309040495,2.00946741473175,0.541636044160828,-1.20083556349212
-0.917068523648877,1.9075169286419,2.37751153189059,-0.371535906790493,2.01369134567395,-1.67182229547005,-0.589959463933278,-1.59946003106577,0.329875044864281,1.03314682286226
1.84317296187426,0.984281297272005,-0.538020127442115,-0.56797186328691,-1.31850915011885,1.65021242444856,-1.61637760955227,-0.753363755904429,0.860029919611233,0.0744896018543091
0.536931985086428,-0.531735482744906,0.42471714246373,1.02177638310363,0.638555523468153,-0.435789846704111,0.676092066101545,-1.55270323988851,0.916495002421936,2.19567552220715
-0.859969116102949,2.66881197624025,-0.944054179559586,-0.864201890719838,1.10867079121014,-1.53581779863237,-0.94365014389298,1.71414812387041,0.132517852967088,-1.42478658472034
0.152818581657091,0.997161097215594,-0.0998647840284192,0.42107382440556,-1.15788822139342,1.91326613177069,-0.719818766964305,1.4841429897548,1.01402575413804,-0.410074716527078
-0.617868100074989,-0.380661717947574,0.711382844084425,0.731917533029389,-0.221532470438221,-0.441379472964079,-0.264077015320055,-1.15616544519993,0.666184328427306,0.985403418447208
-0.504914821317057,2.11089055812896,2.2386876716426,1.12152030057416,2.40144298463248,-2.00570428236801,-0.791100490366476,-0.97453106270801,-0.118128320929276,-1.44330452348817
0.116651275543216,0.846690929029732,-2.26865501833672,0.662366609971764,-0.460111466998715,-0.0702432971556902,-1.70225115813265,2.72395579667606,-0.93910240352819,-3.18025182227966
-0.69116992844728,-0.811753641630839,0.976119762011644,0.896304075965766,1.449645535975,-1.78881957972847,1.08300327818124,-0.64696318821234,-0.385840673012249,1.85167132701805
1.12575228680985,1.17522237278023,-1.5577621798819,1.15567575762084,-0.530843759079443,0.589349392645308,-2.05842358921286,1.98478301606819,0.273987469642809,0.154596417125614
-0.183605385101899,-0.0193882602074258,-1.54581208376928,1.31805955605021,-1.04317112780215,1.18406396433698,-0.0500673515489224,1.1407699922481,0.163560917739509,-0.919536978252813
0.221178238106038,-0.265662337990205,2.07647301546761,0.760648659901065,0.94928634797133,-0.593929863779586,-0.630475567629893,-0.960129820863768,-1.29953851923549,1.99489934794129
0.0772735377064074,-1.63714618760108,-0.192992886229551,0.26812610952204,1.49930948721385,-1.95810452698016,-0.12189938341269,-0.422047405645309,-2.33590548524814,1.78094296088432
-0.0025128417150154,3.06633072410371,-0.346102259725373,-1.29564254507607,0.0782190078512368,0.448780303886368,-2.07702004364884,0.693557405186553,2.01751148187319,-2.60944779499347
-0.248480538330997,-0.0498577529932998,-0.288369719364706,-0.955654769563075,0.146890386916446,-0.950078854730098,-0.414564135038341,0.336762414092496,0.217986711839325,-1.93705834840885
0.865362377559323,4.46005631607678,0.726671600804119,0.589112214679377,0.732760371595772,-1.30557069044638,-3.67935204064346,1.73078017264015,-0.151349584637588,-1.81887582701529
-1.87138195860263,-0.15651344044122,1.34957284913955,-0.0512048327334169,1.44508542476316,-0.173925656164099,3.02624036063393,-2.05280338973252,1.72881216021126,1.04521648925589
-0.0112419510429519,2.05031138938989,-1.16861365516111,0.201204172405039,-1.09344187729482,-0.854494327457031,-1.50489187057025,0.736111800777054,0.683626361109422,-2.77259788058542
0.265714569233692,0.490031636579665,1.24837726823225,-1.56624159552902,0.73696351382383,-0.785399420926078,0.661291919378105,-1.41350708383951,0.381408482397681,1.82044142403481
-0.814513249453909,2.44314619784454,-1.84170383095718,0.455673112562563,-1.06169829819051,0.153353297613859,-1.90931102823191,4.15403130745539,-0.47200609758402,-3.59590228466959
-0.994772803407139,0.95914310921119,-1.14287362296853,-0.932023107149682,-1.2864257857876,0.867623353347392,-1.14458954152083,2.75331893240209,1.20182232965477,-1.4962168076138
0.504145992734498,-0.580070336696262,0.0357955516214813,0.282040071936623,0.242291652356564,0.0529580108333573,0.665868440093455,-0.447709569835606,-0.849496001247353,-0.515352116330611
0.827005101516714,1.76541939918298,1.04187405418898,-0.327219580129794,1.03253378368097,-0.0655034214275026,-2.28637461061378,0.51529826782832,-0.977223167531258,1.17473741062546
0.372312921328062,0.242462353498217,1.57643979611236,-1.44015679431633,0.538351949218444,0.962247816942327,0.0198506571157482,-2.6116006042366,-0.74043564043005,-0.253550626297988
-1.27130140602195,0.453155087766636,-2.60148819079959,-0.55659939196735,-2.70980360203334,2.09387590251858,-0.0379985946778375,3.23750632704345,1.33206852004958,-3.57230782829518
0.4038617665578,-0.852629586724618,1.10290414268157,0.0789528496818395,0.713914518506787,-0.305055346749432,-0.411524307286246,-1.66338738979475,-0.851399365291311,1.16823083299785
0.0277692384770395,-0.85998707743074,0.111623547994764,-0.0894790983698081,0.723309938056847,0.281998248859277,1.38677662372412,-1.36957289259099,-0.954406039402828,1.76477190469364
1.30679897238258,-0.0123863062547569,1.51904825778951,0.197081212530585,3.00612337343403,-2.90509434191474,-0.434216993293517,-1.5220176287717,-2.56526583417231,0.519269629342939
0.83616213643255,1.31471066823326,-0.830552029756894,-0.00385034607631975,0.261924347274583,-0.0508443018789739,-2.07638245844635,1.7301744121703,-0.559559442696743,-1.32892804477748
-0.631117735327161,1.44990310110034,-0.26611473786802,1.927375219533,-1.39847773909983,2.18524940684666,-1.36208351688834,2.56145105271647,1.1491969842508,0.199146306748298
-1.13605785500687,1.82424685501313,0.199942721513985,-1.07338682997739,0.726602389221408,-0.264695345477607,0.253991072396392,0.269145416120334,0.664190581607151,-0.871631443319683
0.538749098085774,-1.18412377662781,0.217075764730494,1.1277098602495,1.09785034702769,0.125263855799639,0.0987706505908728,-0.7541984285095,-0.187512121183055,0.268753976880355
-0.708003256442066,0.0195952266965569,-0.0848880296016877,-1.30218072906143,0.0048039285828206,-0.228271017495354,0.486969852390215,1.0919717608501,0.961913448921825,-0.659618809115129
0.718306870435706,0.0825955361999468,-0.434533264025477,0.170922362909616,0.149664221500084,1.17629010475133,-0.654906229581527,0.885903315148163,-1.61892733589506,0.196007953107036
0.618894347047414,-1.81069532517483,0.326537327638142,-0.0428284361685107,-0.374182942981891,0.826655107430924,0.671884057853539,-0.628151670875758,-0.738946820548912,1.67227580497809
0.697198258368486,-0.0130719915826099,-1.18805416465379,1.22376089993436,-0.677462250197383,1.56009749169467,-0.166945897910514,-0.454563623448198,0.163950476978286,-1.08954624655442
0.344705585598139,1.71264014683744,2.18552144428053,-0.241806910639114,1.89246684692187,-2.03267266693822,-1.54182448814009,-0.994835764714117,-0.904534008053007,-0.242368617608972
0.497846584788127,-0.0655595072435074,-0.167046853440493,-0.287178403734147,-1.31738313912766,1.64675171201432,0.671659074943021,-0.583331804891372,2.10938754154125,0.271346756750027
-1.79594739895935,-1.26530600707632,0.276342043134562,1.35646161910468,0.71190410665264,-1.3007823265501,2.82092172369038,-0.976104939025702,0.148522920149606,1.67612963403628
-0.282543181620513,-1.05540382189672,-0.300851289976701,0.56760017804886,-0.133405548100932,-0.546275175147283,0.503655348333135,0.0737034914482767,-0.136067640268073,1.36737916818645
-0.858520232256125,0.711467194588973,0.7360331347445,-0.00863903288024388,0.398796473193685,0.592564576592613,0.139473351218439,-1.22878189540514,0.558518403722161,-0.493216840914266
1.45105323150393,-0.160413502627674,0.142245954867827,-0.269763143483873,-1.5492914864604,1.54854502950993,-2.63408153816372,1.30437748588781,-0.853853313171911,-0.58626595231898
0.483768918173658,2.39109955498197,0.324177355393926,-0.251793967857544,-0.905437047994275,0.640254758250448,-0.923203175208795,-0.510538528628071,-0.259350603860207,-1.98317852483682
-0.738417529469871,2.39492099856178,-0.152857958519793,0.353701528087521,-2.15825592835,2.5579452356792,-0.464093774102812,0.609547172899943,2.80073139176969,0.341212790552812
0.60978881278033,0.524303762168287,-0.229798774242407,1.00650073972072,-0.831045821242767,1.4120933871218,-0.807032104109777,0.424005572906454,-0.0117265518058758,2.07171598743657
-0.690202978564415,0.943791882815009,0.174433196835472,-0.158394432926599,0.523163330680397,0.166549462041149,0.736817368416398,-0.582001664889554,1.250282464527,-0.671488491225269
-0.530772447368231,2.04185512893851,-1.12635587434882,0.573792169692923,-0.78192109495501,1.1304421516076,-0.225109565174658,0.86717347523244,1.7687922270196,-0.245084227093733
-0.651307743009429,0.767095185161518,0.90068706192029,0.437446819150708,0.93776874926781,0.368083219563825,0.812104392272512,-1.50554220040443,0.599388481272696,1.251406394754
-0.15385363411039,-1.2495268313192,-0.683305682405117,0.452074360004909,0.464582832520655,-0.874094377897278,1.7725152563187,-0.846701960687979,-0.8894918752449,-0.400887725867546
-0.82773386397226,0.484083994958826,-1.57905589853039,-1.06986222945322,-1.06353173138036,0.939022023796805,-0.309381426286939,1.85720363874692,0.884083051632677,-1.50081212194567
1.26128751137426,1.39549841627941,2.86891296781821,1.09261493491494,1.62428323284331,-0.710597310196001,-2.55499776452825,-1.05320742377857,-1.16519826845574,1.8055826917254
-1.1959993622325,-0.473265815234092,1.51565937628139,0.909779994074515,0.897464078798824,-0.902405439028263,1.22718644063296,-0.632017177747208,0.0480850688293762,1.64649754624908
1.15339446666403,-0.467783093113493,0.981767863882652,0.284361819768647,-1.75746890071812,2.048992652752,-0.170332123784029,-2.71659554743543,0.854761672101192,0.581363891561485
0.47964713540942,0.895982229713282,1.5391139582319,-1.403414781908,1.41432435184327,-1.62286281351734,-0.904135904041444,-0.647015817255462,-0.760959830543267,1.52805437243878
-0.70260560751469,1.28529701992056,-0.164464377502373,1.14800174273949,0.980810448456543,-0.0107868003508933,-0.604570346623395,2.1231983696673,0.945753771938391,-0.609493822803938
-1.31626147459824,0.828071335749872,0.793921398467606,0.00568013311886974,0.34356203392157,-1.10112675221607,-0.706113848042862,0.26523925135515,-1.07494032282554,0.631946403764473
-1.26852782035205,1.81442807804467,-0.629093294989303,-0.87683845085528,-0.15456928135169,0.193108628755759,0.395664208460092,2.03723489387832,1.59986085955243,-1.02854232604061
-0.838811748677645,0.0592179054253319,0.181194211192208,-1.30048597669874,0.56449919158368,-0.43573529716775,0.07895510958088,0.590208044033776,-0.394647286765721,-0.749093571327816
0.342017999406727,-2.23221686275256,-0.551880886803653,1.66244065334351,-0.909864942941904,-0.611559930586901,-0.810042157587323,1.67819135876178,-2.8206738299512,1.70943209941099
-1.52994656225972,0.369193278800918,1.12833676313729,-0.271444816371524,0.467599016018946,-0.897761796486516,-0.308365334144129,0.834372111045334,0.461432582785912,1.85273168011671
-0.35076644944866,-1.19685857242303,0.456006330241306,1.31345322153443,0.0767638112828948,-0.306380022321373,1.9498202448688,-1.29028260423802,0.178033555531089,1.49690600532961
0.288966377287663,-1.44814314312209,0.598937437529943,-2.4531904035579,1.55464507362741,-0.214250675191828,1.35119647863125,-2.88790528758073,0.258945578163145,2.53200751671407
-0.0164125733779659,0.96798346623248,1.44110570833872,0.412961859376047,2.01219364353466,-1.59291454002453,-0.093696339776971,0.275299662503326,0.963899172514938,-0.4035952799039
-0.973003575147741,-2.58114005296819,-1.29175556118332,0.891871129941356,0.264356590466244,-2.13531505010285,2.3657758284932,-0.363552714219089,-0.366905405137183,0.384578137595279
-0.230415999103573,0.163450888047238,1.83332791656366,1.02902952419483,1.76706986661879,-0.380196678571614,0.796334291627272,-3.18787512734362,0.167800038753477,0.610902085355428
0.131385108789833,-0.693140225611692,-0.881546940946561,0.604587038264461,-0.185842364376795,0.499182567371065,-0.924503508423454,1.31012261741493,-1.15390288595576,-1.34610932877651
-0.771586789343762,-0.735880219155222,-0.319694846682866,1.12878120638673,-1.76313774051026,0.610031397739577,1.41643569355737,-0.877377263378838,2.43025549842782,0.293974279454335
-0.547478068184927,-0.895312255481696,0.0429987495800269,-1.23350189960528,0.236112788900355,0.517467419112526,2.60988192909763,-1.74582207581386,1.6644017858843,0.306937400173933
-0.0373172392642883,0.471608491537463,1.52452694368756,0.427130239898073,0.449587952025466,-0.410556847226167,-0.337454847359474,-1.37773498884978,-0.201931311720748,0.517003123178287
0.422505575561321,3.59715739587503,-0.61266710335839,1.03197246042981,-1.68013755547278,1.86548019630817,-3.24440390363791,2.6546488662558,0.586859851493082,0.96247735845017
1.16511236841168,-0.361683268895347,0.303168319417695,0.318085592501585,-0.559036126316027,0.90964648391199,-1.71815056060139,0.544969644304096,-2.2807818162972,-0.36328837514316
0.102300448580985,-0.81898991015655,-0.0886291349854314,0.0526219910752585,-0.323775555700901,0.572679218055246,0.681756218386428,0.762072617277838,-0.293128361111534,0.736630147642075
-0.395845436661973,-1.02529444392855,0.357199695970321,0.954674087309078,-0.67725409991558,0.73110533721027,0.024694719277764,-1.49497827133086,0.113877444375825,1.51540047479598
-1.03597244159278,-0.333292651906156,-0.373760775426022,-0.715925092605913,-0.524328011074043,0.0240745078890776,0.737595720548763,-0.160486568827364,0.397477900260235,1.67657616489907
1.15850469235779,1.56824182635171,1.24623422274315,-1.31541578403138,1.40096490556839,-0.43602966466023,-2.72969269507983,-0.982203912710224,-1.51589914092159,-0.983490830279873
0.896187218493994,-0.314759083674796,-1.17470524952184,-0.0637091322555462,-2.42265197538293,0.291771788073859,-1.0463596972029,0.806872830902234,-0.200037762764208,-3.20080673375453
0.120589541668987,0.804242880211528,0.496492287683309,1.35727147617357,0.593209690885083,-0.440296899494848,-1.03436501519202,0.105502642458765,0.447451265971708,-0.236588454663019
0.723638790505548,0.484188414955528,-0.684564176933574,0.544284450236816,0.130347585842142,0.211699728678084,-0.727262281002533,-0.159912002323941,-1.56305318688107,-1.06160585325294
-0.608856324318795,-0.938354582210836,0.243822504917166,-0.0150438767720231,0.617881462770173,-0.814858994391176,1.37531321326583,-1.66184086962748,-0.702772596623828,1.42474396081991
1.30621997892135,-0.997080773006958,-1.38673012769433,-1.91009626409906,-1.04046136414723,1.03622044560517,1.21229418622385,-0.652463307599164,-0.667679126254362,-0.201120915735205
0.773350076123327,-0.150331600594229,0.315700662392014,-0.82073260317943,-0.184630103722526,0.572325608827099,0.00519143708486409,-0.186274163765248,-0.583485542977037,-0.415591186698148
-1.05211584605889,0.519677505285962,0.741873085501596,0.400626060622265,1.17399829295977,-0.141302693293542,0.239603329601502,-0.870277068293194,-1.2105785845595,1.22770352092662
-0.0856711999924225,-1.23045151879876,0.289610855279807,0.379323417189957,0.731210511411324,-1.25906065757433,-0.545050716211317,0.621942395207594,-2.35310894788295,1.83781321859131
-0.360726249388272,1.11063004364178,-1.04102329739834,-1.72934737840162,-0.985927853576298,-0.156040045621558,0.082362828790161,1.16022073152786,2.44931266431789,-4.00001071862881
0.986450511987035,-0.75953824935034,0.785145925221764,0.797075060729451,0.729330952486849,0.247885942147722,-0.348012617009732,-0.647434739175935,-0.981319932235006,1.5191740997475
-0.243487715170896,-0.239521426738149,-1.61496138663026,0.640960141036293,-0.1956583153463,0.384326062854772,-0.411501789677259,0.480588178404143,-0.226550499580033,-0.144527870738251
1.37501587982272,1.33434694734708,0.0998201621927085,-0.0360529681263978,0.324517748906108,0.33737668606812,-2.07999954334088,0.704024244268295,0.256374742893801,-1.04713116849935
0.0273304734052071,-1.92078957244528,0.289214059231007,0.0449542052657784,-0.608947030956786,0.0958719409565076,0.183185381033911,-0.214087943088734,-1.0094157097809,0.643168201810103
0.443067677272686,0.054557648053193,2.47975344988601,-0.973734833909144,1.63284536100207,-1.5181151405817,-0.468959624203752,-2.33499164501804,-1.09615905660177,-0.379991580122
-0.695322681389504,1.42587977658546,-0.852159776655472,-1.83948375420575e-05,-0.839845017709777,0.714946096076405,-0.725042019641373,1.88407152106728,1.2036376695076,-1.98612084646298
0.0577937842959151,-0.128697553374731,0.415711903694372,-1.59251920051793,1.32285197103913,-2.27314963164342,-0.0588409485244305,-0.127924938052795,-1.37172169153864,1.89787599054697
0.274619179961337,0.660515125387414,1.14981854445253,-2.78438548336725,0.720927605648774,-0.751464073869827,-1.2651999276348,1.80156762846074,0.0941943986809477,1.08028350796202
-0.400109418177307,1.6035912875014,2.52725035853761,-2.02182976424984,1.61045677166087,-1.2418653418794,-0.628789718943146,-1.3962396989303,0.349072203139948,-0.0383209156488079
0.509651418967003,0.970015133605893,1.74380940336605,-0.75658509666741,0.697717073062755,-0.52368552374558,-1.0554302382362,-1.55958614789554,-1.12872373396314,-0.718269527252341
-0.0378097224790132,0.0404968048573821,1.84185063220534,-0.319125052920543,0.935144294732771,-0.908288719698705,0.404824943987032,-2.04107424318723,0.169201478338534,1.12181756737355
0.723199475385573,-0.432631011152962,-0.00170953166831127,-0.295867123757523,0.761005877144238,-0.29017126574482,0.175983098467047,-0.20580989401806,-1.1820945355122,1.42659210047856
-0.199016868122044,-0.397104680557088,-1.05802840480664,0.840980863066776,-1.21512018022286,1.02352444189193,0.531551666384155,1.17972202760693,1.0472316242479,-1.52225546090979
0.0695447472772328,-0.664866669561466,0.705230872020606,-0.490157393310629,0.534247448031125,-0.701705432280196,0.842806838255191,-0.467911979744044,-0.594817233225154,1.17681252989967
-0.200570872042312,1.16887698830304,1.75769822406109,-0.41760339662911,1.54842297248272,-2.14166695987763,-0.635770196390063,-0.0957596078800088,-0.45477914475649,0.0192538573840159
-0.410929674898589,-0.756824306742645,-0.944086081616359,-0.562581850496544,-0.189439535105473,1.07815031863522,1.83286159140186,-1.21875423864829,0.482526763861497,-0.00709754677089984
-0.0787560089671824,1.07684450209112,0.686259534837019,1.08234980800301,0.665774759626011,-1.29196702823994,-0.276907925573223,-1.38849254955966,0.775142844128226,-0.780097477689458
-0.635647375447128,0.156457337185912,0.824668215488526,0.417723830131711,1.0140758191978,-0.724124943265617,0.838048222232831,-0.553491338402664,0.275214471683517,-1.61196891031872
0.610703918327815,-1.26299599178895,-0.29884259091222,0.543549971299516,1.11641396120522,-1.1766551710405,1.01356140921127,-1.7629254942252,-2.1412386131316,1.33317781264077
0.69570574165981,1.50796705780679,-1.56780619872708,1.17048098434489,-1.91518707819836,2.17785421765197,-1.94047936616626,2.42493816708249,0.433487088443039,-0.35468279237689
0.353545858736926,1.60308640884522,1.23525731872066,-0.338640857154114,1.78469021424754,-1.04206263780268,-1.96492834257947,0.949073956986615,-1.34431255363721,-0.00855081904470505
-1.0597634812624,-1.77381648299679,0.159433380312606,1.16822300944303,0.262692987145518,-0.564249780384569,1.27827596900769,0.0865472271651115,-2.10147400300226,1.96550622004776
-0.134770951751184,-0.80417543695527,-0.249740452101416,0.175930330107585,0.958333072974772,0.043382271883694,0.898316854285391,-0.11194946207602,0.141865465192568,0.462237299212492
0.819358876908941,-0.50569614396072,0.140530263381148,1.67507744111948,0.096911453017865,-0.027441575509843,0.19947980812123,-0.255762437516189,-0.548470726954255,-0.34593640518454
0.343213775716525,-0.0291201963337445,-0.858645063200199,-0.733010703948367,-1.09128096665724,1.37496145559951,-0.202197559108982,1.11371770532736,0.965181187684383,-0.377937872757863
-0.569017172407327,1.43713974702788,1.7433536621335,1.50425885185835,0.596040006858756,0.693403457717254,-0.846881585582261,-0.568341853973907,1.05575932482639,1.13465944362884
-0.121309781870795,0.179331953406584,-0.369256947639779,-1.00434441542403,-0.00315418149340322,0.743540181383692,-0.81459804240169,2.81622438644435,-0.254335857444196,-0.618633099200525
0.278796304769061,-0.480670623347247,0.252958125652305,0.0464637758035965,-0.705274074712677,1.74874513430025,-0.403119985764091,-0.60426828549686,0.115495241689771,0.318276891868542
-0.747805708668219,-1.0566220066021,0.509179551894062,-1.02929966710362,-0.837771735161286,0.564264037858596,1.60883783476365,-1.60482655357719,1.14408372708251,0.834612710756605
0.764341659490342,-1.15770618284553,-0.0349097156355362,-0.890107995649166,0.793621864938003,-1.2438163384427,-0.33979850171664,-0.299833542961902,-1.32108126456008,-1.37689215629431
-0.326485258271913,-0.102946634157728,-0.241422127576482,1.19550121291981,0.774127272745446,-1.10757291696051,0.282279622045365,0.472557887744827,-0.143009265135494,-1.4222043060529
0.798274871521411,-0.117930567777296,1.98062753082006,-0.285239362235514,0.814218170157328,-1.47482608695163,-0.0850754565634543,-2.99843240180359,-2.83976641410117,2.3267849728284
-0.991396040838034,0.0464963944735892,-1.55420876374842,1.00623050819207,-1.16566366092185,0.462701608277095,1.11659768318615,0.762208531540016,0.786990876510151,-1.85137794412575
-0.181296764151679,-0.707475839098961,0.559809026542383,0.0860323610514244,0.333043589440044,-0.0992576195536547,-0.0985512014201491,0.432012928439178,-1.54179628555834,-0.19703656014379
0.258973772814341,1.63299651758918,1.78232429754165,-2.15340043868549,0.6971370848706,-0.902116280526728,-2.13793743780789,0.0342821744101334,-1.35040962662949,-0.124738128992823
0.829861219716419,1.6917099563112,-0.477440594596741,0.27741908875261,-0.871375794552366,-0.00728260734940458,-2.41366025727879,0.476015285366778,-0.0206238902088782,-2.94826965233785
0.0310747414649825,-3.52969364685013,-1.37340901563023,-1.2555662493993,-0.938864146178676,1.12423456263942,1.57443275531452,0.09711855441795,-1.30300183213749,2.95965885985782
0.284435391344104,-0.358081882831645,-0.465642037321749,-0.748903345701196,-0.976386379097495,1.44498666834264,-0.0461560319194971,-0.222869281022127,0.326086232077327,-0.546303478382184
-0.45361152162999,-0.33362233989724,0.299284753179516,-0.360972031500862,0.436661286389744,0.138694652823205,-0.152829303021841,-0.423207666590412,-0.309755681873357,-0.804025701755607
-0.859372528908054,-0.824024103556542,-0.926473702494775,-0.113469914577111,0.569783152428443,-0.337158825542478,1.1516284287421,0.386224141744048,-0.910521761495605,-1.86209732662342
0.916307481710933,-0.395995194960344,-0.721098143497369,-0.567921779509428,-0.548245869619336,0.812978020053861,-1.69692989125119,1.97299614099077,-1.69660829715308,1.32924849640723
-0.423718820375899,0.422218856862839,-1.03053886597303,-0.904926628213707,-0.91069453228583,0.10794498626308,-0.742838100056372,2.96305654106646,0.219854059117281,-1.01330923616533
-0.451542785565382,-0.150692404407152,-0.63830482827125,-0.72167621844933,-0.921521135798028,0.444709087649329,-0.383724522400214,1.65832761665467,0.192893438877646,-0.779791590627398
0.0374142299761112,0.108615821132255,0.45108668009192,0.993775278612556,0.778463836882592,-1.11627250205178,-0.143192928901543,0.493915818864563,-0.440381171186497,0.704887460762218
0.000340780252818502,0.900054327786269,-1.24444072541982,0.229228333427075,-0.599211654569957,1.21176047160779,-0.142700763739915,1.19245571638105,1.49358565478682,0.281230555995767
0.0696754433218031,-0.670784948941581,0.475451529785795,-0.634840986784594,0.337481161050114,0.554568602947816,1.08250053139316,-1.05861040572642,1.22246722410759,0.242827118678062
-0.280750132085655,0.807882978250414,1.0799983258933,-0.682172386064475,1.32313959222589,-1.34977402500871,-0.413412307127399,0.314654177784368,-1.35156073094902,1.64203236375823
-0.0819430869407134,-2.05981217265358,0.928930710489647,-0.0332823317616664,-0.612337099534234,-0.648688231819561,1.47179032923659,-1.89184588260274,0.234050699713535,1.44233674703291
-0.0712125556121589,-0.432928234747654,-0.90007807699404,0.101758066745548,0.370290979591944,-0.121457233361418,0.721895000896142,-0.436757529941524,-0.890467724629772,0.809804650802585
0.7136286470582,1.12555538873282,-0.0963221048984271,0.576255166329945,-0.742952553442549,-1.2176489101806,-1.14315652243054,0.385420483118814,-0.5631192827805,-1.02027137794156
-0.686507321880979,-0.718816760889705,-1.02216855038906,0.183341914534488,-0.200671754544891,0.827427882509177,0.331108449249813,1.50770870643488,0.399859772523701,0.292078169506514
-0.553555316328107,-0.275607949593033,0.629961678985057,-1.02105130877056,0.205470881778167,-0.505275463863796,-0.22659653301188,0.324010078972329,-1.92278592889436,1.31493006973511
0.106341248100306,-1.51815234200321,-0.638817965131944,0.376616187513168,-0.185182578426065,-0.604616710919629,1.67383450922026,-0.171582830111233,0.215890876099612,-0.481040443494148
0.213224888253889,0.264500414366638,-0.644405996070329,-0.536719950346346,-1.11682036064743,1.49379034354671,-0.191827857365405,-0.0517354210107468,0.181430019542206,0.624614653859498
0.883087206056074,-0.748207859135017,1.04605808127029,-0.325966559413924,1.02595705621213,-0.410788224242851,-0.197873328679,-1.12432094519566,-1.87436803497809,2.46160988246261
0.419567554843717,1.11950153401552,-1.47016261894508,0.284950346888851,-2.16265473848779,1.15350067118462,-1.01339445304578,0.884961524095553,1.6636195152165,-3.01930014621356
0.89015927840723,-0.509960050843122,0.749368662026148,0.796335392071618,0.971208461653223,-1.32254205823642,0.802887320828956,-0.317974120121653,-1.20957883879185,0.846901450034946
0.181447565573096,-0.32383988863488,-0.299190405932488,-1.58893670327842,-0.0370956623735243,1.6861179429946,-0.0980808678826504,0.249417482704536,-0.0816175817901735,0.235656733119518
0.0409882740465409,-1.70312726281223,0.478059954372378,-0.761286261716577,1.15237604118486,-0.623639480171001,0.302556088651195,-1.27653518441009,-1.387426044984,0.991647349788657
-0.10714039171522,-0.165200806280394,0.254778927547438,0.623861350986887,0.135275020464804,-0.423809606221181,1.13570168838631,-1.36288669506812,0.772533326562578,0.250646949399766
0.133165868507434,-0.546263349164927,1.03182733217713,-0.947228490201699,1.0559362588237,-0.373466583219696,1.12449228262144,-2.64254788679376,-1.03884008273263,1.12901639570941
0.339351767829206,1.46241507880472,0.466826461380564,1.11466418436127,0.132061882572685,-0.510930925742867,-0.191508370320071,-0.0673064140999302,1.14987137050376,-0.603299118753035
0.127089989102628,-0.0759573649309049,0.599080060123567,2.14147838316089,0.847697704248536,-0.243626094138336,-0.0419969522354218,-0.848861091014222,-0.362568315931558,-0.950386237450537
-0.684431975048536,0.436806686495206,0.92470239485715,0.175448448944704,0.411110395011933,-0.759155339716091,0.222822608190306,-0.710471967818528,0.81075661153481,-1.08362012668365
-0.0516728900338725,3.02379049285174,-0.281541740007391,-1.17981291704137,1.48412079692248,-1.50088064064398,-1.06732740785343,1.2524744240936,0.27588490829764,-2.3434161575463
-0.19209513683836,-0.25958096119132,1.11310289166676,-0.801347548382127,0.095744240580218,0.218373296907379,-0.846357859993562,-0.936103687749547,-1.70555373841517,1.83273808158497
-0.120993162146264,-1.01208302113596,-0.249642504753273,-1.06624283103088,-0.0665986560019488,0.0129056521737874,1.40099595964022,-0.95895924306207,-1.24151194344217,-0.666052602267401
-0.234963701698128,1.29039217890895,-1.71805397341034,-1.62622428974431,-1.87788284984278,1.89868428101704,0.134815649425615,1.28144618354553,2.89982016361016,-0.99644584611284
0.613546011858407,-1.11061458944033,-0.34690884354661,-0.681553806971226,-0.868694454686706,1.66388727472641,-0.407393578476302,0.606540450382179,1.73983864383992,-1.11496344344053
0.355621509955218,0.517365333017239,-1.69948553688462,-0.750185699584509,-0.697954651846411,1.48336577262183,0.19480437048339,-0.653873679875171,0.991830272280093,-0.891510589882778
-0.489604578935144,-3.31353158801004,-0.592861340746657,-0.760009229271035,-0.150960879129914,-0.864856781948666,1.49609685617615,0.163500199765025,-2.06622300721839,3.15414255494759
-0.163685197389538,-0.135728344155016,-0.539091986558567,0.320304853491314,-0.794827561271941,-0.746206771070398,0.124068736952389,0.66478263079482,1.06931777644369,0.86661851654109
0.116981701321407,2.58638060441133,1.10006398992138,-1.26284213468376,0.980280977494209,-0.796233963919106,-2.32585618999736,0.776940768640129,0.73195585436564,-0.759722638859658
-0.859288423798481,-0.509797603731275,-0.8679285576928,-0.567100474309321,0.61495656883625,-0.0478409017381059,-0.21626599604088,1.58556962730212,-0.738407610169823,0.159740374171026
-1.35766708874456,1.45826453418782,-0.00500091280847406,1.23975571036219,-0.0469930855495308,1.2376554735775,-0.113422263169582,2.76982450975718,1.04251117018725,-0.631340168772995
-0.692513587033592,0.42082153443657,-2.66574956490799,-0.960002009722306,-1.31069182154665,1.00499661620357,0.243591612600166,2.11620290642954,1.44612154414964,-0.650664015731534
-0.103347911298055,1.5246051540649,-2.02141759754774,-0.446501982161914,-0.777719132280244,-0.702473729949636,-1.13101175743224,2.91162149819168,0.573203247385592,-5.05102099418208
-0.876147021081778,0.131610909200484,-1.59887999244146,0.915573321982033,-1.30202999865202,0.920615342352885,0.549372584201501,0.42576385968767,0.758526779726511,-1.82117339547693
-1.47673455634935,-1.12642111639344,0.298624705151316,0.0365226104559493,-0.344585894165175,0.432619312337245,1.73206998236277,-0.841651825414731,2.27074816598911,1.19426130826487
0.436410261756119,-0.91626488356821,2.49199497199597,0.0895237488837218,2.21019514279867,-1.26191070760844,-0.884476832241246,-1.10640529605426,-2.77394857627547,3.8095932333293
-0.0380078861430525,0.0851164315093556,-0.43254938998302,0.970567005715928,0.764642307491765,-1.08474451265504,0.137254580712808,0.454570107061644,0.33636863517888,-1.32242521779324
0.180068981917775,-0.359814229333251,0.732132488042889,-0.680110225931692,0.955977745313176,0.41471770799249,-0.167635430052071,1.23966076887834,-1.02141399709129,1.28007542030459
-0.384601361959564,2.06599026273033,1.41415937226232,-0.000918145313181322,-0.447505399967662,0.911544873989186,-0.989139822955583,-1.27431800234726,2.28591160815414,-0.835570261188125
-0.0878441467223781,-0.50566743172961,-1.14420733240193,-1.51433100900815,0.0318390368167595,0.882601996094817,0.483819549017497,2.16388065298109,-0.30735494275938,-1.62712821941427
-0.0775473840920344,-0.0979364549549035,0.367146048701789,-1.34415095421682,-0.770606302784597,1.33374776909068,0.343378007840152,-1.26938374957514,1.29026407038471,1.19481954801503
0.898117513962898,1.03226576419999,-0.427235118730282,-1.21979976483558,-0.739603793052755,1.00904017547404,-1.21459387375699,0.906906193493874,0.496398385448317,-1.0175190378196
-0.470194079439194,0.75226359346771,0.901491887497999,-0.609178826441902,0.257358349645446,0.104003158700296,0.216822983185058,-1.05967623573464,0.840875343522098,1.4397930684562
-0.033422241388365,-0.123902447270555,-0.174835958712364,0.661565891111314,0.359169065150865,-0.758536271122153,-1.6542212251595,1.95676270816307,-1.85360035798655,0.145761676016271
0.118022807287812,-0.95123879314196,-0.93103689213564,1.21766725516896,-0.673967420474579,0.365052931641819,1.13560200946846,-0.00866305927667139,0.478327664924974,-0.999728403731162
0.495406730440273,0.553915734729423,1.12626481656813,1.15369223582895,0.791127708094287,-1.09958427094784,-0.0992035148306676,-2.00413248807944,-0.241941720601068,1.09449683922825
-1.23022366122076,0.937216001611411,0.576764180224001,-0.828737342778528,-0.0533897696058457,-0.797427237467748,-1.08080279123306,1.250717288607,0.68620361901951,-0.704662945573008
0.144059734653629,-0.443462125059064,-0.48352190857219,1.26179286769163,1.03459935308573,-1.68003804234278,0.419850671064407,0.183988027973136,-0.795262069724576,1.28584462565849
0.390880492877983,-1.64481063995759,1.25703874903354,0.482005471241594,1.10823889519247,-1.72846023237874,0.0895287637834226,-0.281412651576477,-2.67870978109995,1.7776903010469
-0.623787287471661,-1.19346034599082,0.262557868954247,-0.155860330507229,-0.750208479890036,0.905813245881965,1.63632145484796,-0.914184729207253,1.07309688509898,-0.377149557160652
-1.34792032731933,-1.53425654853474,-0.0785083954200627,-1.25868540776989,1.70808035535091,-0.335276718621314,1.72142193379084,0.787223998149582,-0.927881898088957,2.39612846815258
-0.789136583367076,3.93666304028861,-1.44058535211073,-1.73729801923872,-1.27383351144047,-0.0457302468406586,-2.61297238649374,2.01225615215379,0.930456647237225,-2.70819868712385
-0.437549146115529,-1.42544937472647,0.958100238575749,0.173895812973618,1.20473375506015,-1.42514562386897,2.1362680628082,-0.948558037359418,-0.413830022537009,1.50015509889895
-0.558181307747623,-0.952604304804903,0.508781220535048,-1.93001733356908,0.835391466773924,-0.663596838346035,0.760813741110051,0.288922686866925,-0.80195352862987,1.94670636895134
-0.667948522237667,1.63970866535388,1.46350362532446,-0.539019091955008,0.517724785381676,0.463492642088917,-0.787606986198707,0.837463259507686,0.965695158358185,-0.190739148562684
0.75688779843598,0.686437762408531,1.40718793906331,3.54095799983466,0.215871734964381,0.0130658739376819,-0.752258574859464,-0.540915278744796,-0.371647168168499,0.388021992078073
-1.2978814621677,0.884508179694333,0.412153600376197,-1.25895322022637,0.453603750763423,0.0628679661746574,-0.35117589495321,0.831635766959501,1.24954127022324,0.756274397250658
-0.922009554984306,-1.91778154226484,0.923253946423907,-0.144178140573109,-0.0151005949262545,-0.915969956857804,1.35287749845474,-1.64357951942346,-1.08858201302746,2.19252436128768
0.457159038226783,-1.55846588060006,0.524192772299861,-0.168996988733174,1.0113390645602,-1.45736362057255,2.0549613633254,-2.02712966801252,-0.494126786457924,0.926154679714329
1.23757120109836,0.85625289520967,0.689469304404137,-1.35205306915323,-0.656247349496728,0.0860552752035366,-1.43867718894661,-0.637618950190747,-0.628218266715609,-0.645975835153047
0.444361941140638,1.66019008274526,-1.6137567852485,0.70013609590691,-1.7189420906017,1.67843642231266,-2.00742682400471,2.79519958573312,1.79773258505967,-0.81919796106869
-0.303051604933103,1.17516390315542,0.7361701628113,0.820761260877545,-0.331364606602499,0.858894786482767,-1.05645422782629,0.807389423344508,0.332828196895211,-0.25530562175971
0.159040923984576,-0.691592922241556,0.91803108782466,-1.00232755738674,-0.625352822861367,0.485103564856616,-0.49885693290233,-1.22288930121591,-0.250259976785399,2.31488653236072
-0.534923080832886,1.59480722120867,-0.813259296641285,0.389862114556582,0.238219665349411,-0.0388953446238093,0.114147037499165,1.72753122426283,0.638992632186801,-1.62103909395012
0.173482638129232,-3.01425543644786,2.49661655576862,-0.457059597044871,2.09639230487468,-2.49510153610719,2.18774613171742,-4.54237005477983,-2.04807463785898,4.15769057966955
-0.45611781627527,-0.791304954880196,0.832650240656187,-0.572602589159149,0.160259105991651,0.375816913886591,-0.0987755673764201,0.34484281446792,-1.45689610037129,1.40602561935184
0.375133865774935,-1.96938153052976,-1.07746781319141,-1.27623268168958,-1.82388300475027,1.7135038703537,1.05889536881022,0.661697211597877,0.201884967250885,1.50871060699496
1.31194710252718,0.557453640687077,-0.312309154683223,0.743024642379657,-0.586043580955002,1.02250965571843,-1.48227925722233,1.23698594799559,0.50862770839991,-1.12282149495033
-1.3066588522817,0.0034812772799939,0.645823147791212,-0.0311165149026082,0.429947199105602,0.581751498455962,0.498645374623057,-0.0536162098933945,1.0061402391933,0.566537721299252
-0.740761197090918,-0.0244634078623511,-0.266709930500934,0.743380623622184,-0.562920614401964,0.343208224013432,0.25931780510045,-0.0173716601990351,0.0840225371319282,-0.725417447251943
-0.0616797588527188,1.23941759395674,-0.117286332887479,0.491237068554569,-0.0915946839278562,-0.564664820329031,-0.910363768197042,2.08788695847693,1.87953465178496,0.92495224097754
0.646538393357414,1.29518362293611,-0.270373126278015,0.0685539515439918,0.259204584208414,-0.453796720752455,-0.736294874049152,-0.353881532478341,2.12660119618369,-1.25454243555354
-0.783477539159245,-2.05375264834445,0.716938656710107,1.12740428643836,1.15813277293836,-0.846146991827615,1.4045425267729,-2.05574306336487,-1.56069603598442,3.03859655968432
0.407424343849639,0.554529195396039,-0.425569529558471,0.167387842589589,0.40585948645224,-0.312530256511161,-0.757188448461853,-0.0760862944569696,-0.381069228093815,-1.26074891553282
0.409470826386498,0.389634332327236,-0.182520180000284,-0.473294087716547,-0.149810893591869,0.693821873335866,-0.991513017391771,0.679627069826632,-0.00100983634158304,1.15867985238471
0.78433257224223,0.522210325291847,-0.0674773056993505,0.603445901741121,-0.286951711641602,0.221984880250207,-0.92996243170167,-0.110571254766217,0.360891397920444,-1.02214153805863
0.160282202376094,-2.4033546605414,0.720640501118173,-1.12190404354516,0.216752004429964,-0.0883728110979282,1.54520035593132,-2.28442000147932,-1.20743055887536,0.554987536750198
-0.696985107749894,0.720596482661758,2.1880822182642,-2.23133230122819,2.32896727821497,-0.737561715149626,-0.642219166996865,-0.942080318002761,-1.07955650711573,3.31206854174696
-0.399498918694341,0.925193003439321,-1.01979323104075,-0.586059906029418,-1.36208764793498,0.21811803894826,-1.03626367493087,3.54638729611612,0.996718850354313,-2.32687033004844
-0.627060061154437,-3.0206403698505,-0.222854825872033,1.8747496335623,-0.593737551589957,-0.239190835208289,1.55114361307477,-0.62575803996496,0.552696867925763,1.37208508620615
1.34741919434029,-0.167852807871271,-2.02809470025259,-0.525816217224397,-1.46150920529041,1.39810122009311,-0.142300385764778,0.72361742723055,2.2366728783416,-1.54067200164051
0.174420657262054,-0.0460118189865501,-2.27257782419588,-1.31329833054825,-2.96223412608807,1.6365982141492,1.68117014694383,0.353668490387089,3.28288693926331,-2.95706114044047
-0.102548388747669,0.271844582736207,1.22869510061855,-1.16080198717896,2.20753061194592,-1.43285399471276,-1.19669252100151,-1.4071817244435,-2.6255851733495,1.61212180274654
0.501167212857772,0.790946795181551,0.173529875987973,0.156563868796661,-0.425876021850149,0.0690776513922937,-1.12825922012024,-1.01615223153213,0.100346100406319,-0.397098018643315
-0.670934308396432,0.984665707716949,0.818216332825542,-0.498323720655966,-0.572123550501972,1.75765741342917,-1.39888386286435,0.631040517664659,0.339907867787331,-0.383453143700257
0.988254016272061,-1.82090412810565,-0.696810608995775,-0.603341593220692,0.551599781282971,-1.70971785442476,-0.651559413599506,0.48551984161609,-2.46289360371459,-0.858851688091557
0.430584019653047,-0.276742656117942,0.548128453437822,-0.724940746324336,0.175410013118348,-0.493448284897755,-1.0565020842917,-0.368263764215193,-0.514853443750078,-1.61096424357944
0.639758180804451,-0.919895066629796,-1.14171970274125,0.128968690679191,-1.07550117019247,0.347660937537284,0.513207081383414,-0.195812341833997,0.324307985882655,0.521906683925616
1.38483077255601,0.721784991213585,-0.456401456090095,1.00090179568677,-0.474589024054571,-0.387571207407424,-1.59386480733403,0.0921646372860037,0.415463230470091,-3.1098382721639
0.0604283845708533,-0.314728934786702,0.323551934226812,0.0634695939897181,0.497590059692475,-0.192099966231053,-0.394663759788751,0.051391940905114,-1.01187877502058,1.07879358591483
0.430756994218851,-0.482447445089936,3.44166729790653,0.519313794834489,2.42238485083028,-1.60109032134649,-0.103931003023462,-3.0650880456698,-0.638032432315142,2.13635551505393
0.24073118988032,-2.97409290719906,1.90929530646526,0.713783716158409,0.712550390034446,-1.49553842084153,2.33278396698733,-3.7056445694845,-0.173952375581428,3.15702080757717
0.526794103261717,-0.898171174233245,0.892782016311835,1.10408528477891,1.05564944038729,0.126136278474105,-0.185067934675787,-0.642981860678664,-1.25204265919018,1.48251524956659
-0.987686579754363,-0.145661873391294,0.162997922569067,1.16530985411009,-0.341397346922801,1.68691424296181,-0.77955732025633,0.978618007186831,-0.219342722883448,1.45078155130349
0.524989158789213,1.95768332030357,-0.627496654336631,0.847402891307294,-1.1044799738093,0.677863833866261,-1.30253585049413,1.23748779364013,2.46119900382148,-1.10411693588559
0.493307850519599,-1.52417993673756,-0.964399405427299,0.89566236933783,0.489682559734058,-0.334665011566439,0.432033653995172,0.475109065768413,-1.28073177833144,0.169896934562036
1.02298856336653,0.155848594671459,-0.488820883342681,0.459994808184257,-0.267120459933271,0.492066622443418,-0.451208892083158,-0.930144875981022,0.782503386339231,1.35967940399018
0.142709741080328,0.199335494705728,0.579146540815274,1.02926030764489,1.19371589751048,0.121081907539755,0.248767877470164,-1.37801161185851,-0.713624275074659,0.457634455233365
-1.04219929902113,-1.2212382189968,0.550638888691675,2.06066667716414,-0.730546076793298,1.75432625632009,0.750948849344722,-1.20975606772254,-1.02833448371344,2.72199477253535
0.0890258101365317,1.44662000301692,-2.03851339171696,-1.18890708519789,-0.527583111917609,-0.00167988739894133,-0.475184826774675,2.39758207113502,0.171653101621536,-1.44040483062122
-0.240606998786221,-1.1115720035661,1.15519461106482,-0.39236143727281,0.653480411810922,-1.31807269217195,0.188931747072336,-0.679912763761993,-1.01953100902905,2.02754193796249
-0.0465335287792412,0.385005754194205,1.05272167455968,-0.634774967143051,1.09205079322835,-0.770114486836089,-0.132346459368012,-0.346226612332331,-0.0652222968208781,1.89777726739148
-0.247510800270953,-1.68892024112958,1.29843812382451,-0.933902969919833,0.842983280912734,-0.689500672751618,1.21995059344531,-3.02689052131616,-0.9747233473591,1.11615210350715
-0.581508131551964,1.19269663576844,-1.7456510286248,0.804589020461176,-0.990863958866702,0.445429793665487,-0.250269274681598,2.2468594344591,1.27879849588368,-1.48946709404739
1.45568812822255,-0.564542966666794,-0.227154969318614,0.823996135596683,0.824756056255347,0.571573167463277,-1.32883480913869,-0.136410081380068,-2.28313616035499,-0.939460171467688
-0.202744602972909,-1.39574149012453,-0.0157388865206882,-0.745927767672033,-0.665362481046434,0.434539193812171,1.62680854185091,-0.877357724089404,1.66771111054159,1.9126821476117
0.636886485670734,0.214577189897731,-0.756446424616083,-0.800774727358792,-1.40971980336427,0.366306026139411,-1.12761459606176,0.588104421855814,-0.366801942080745,-2.31919828217532
-0.389186121156113,-0.325489510851268,-0.0209342041811634,0.33068926652923,0.504335914457952,-2.01265121476557,0.553056640412786,-0.139885582753727,-1.09279481417955,0.241379410669393
-0.879234715945217,0.223702339943685,-0.392081069156218,1.18990778943257,-0.363453419809476,0.190485852226649,-0.231276268357466,0.396883750693388,-1.16562199046135,-0.537699451499201
-0.0356457952215835,0.694935554671026,0.211168301713851,1.05855783433403,1.44861847471103,-1.4617150033651,-0.5753305930812,0.652298164295019,-0.926314174440174,-0.258233592746958
-0.419046937869443,1.12156023681644,1.24914216071937,1.27635327958734,1.29277586951316,-2.2430740943458,0.519793547311039,-1.09744853280799,-0.00249922836321778,-0.350672255274591
1.43934020196475,-0.09296585053496,-0.375368202198896,-0.258104785229747,-0.702743592297014,1.26755967007753,-1.05031667713127,0.31050350115047,-0.772628795272155,-3.18691462979322
-0.0413583330552989,-0.552546891381344,1.85691515862805,-1.52834632515386,0.658222934178218,-0.982355610996346,0.654326162063839,-2.1220545200672,-0.797030064243191,0.209771798486964
0.122485061840336,-1.18441822091097,-0.671248499101647,-1.9258785673102,0.409902046144241,-0.371185612926622,-0.52911387391976,0.922358026756211,-2.05186316099845,0.635064866913747
0.194520849233842,1.58911355457153,-0.525488920084025,-0.571906076700348,-0.792724580224997,0.432126938316175,-0.789589907316275,0.463361465181482,0.487663787052819,-0.386189474256777
0.0328248863584408,-0.0906583356282453,-2.91021551701195,0.676078559505821,0.0187073011906951,-0.10798843214718,0.512773730055731,0.904890048476076,1.25355667966045,-2.73250881313747
-1.59068062910304,-0.834037939978994,1.31238125309389,1.3563381960333,1.27812640738383,-1.89790004174615,2.84839659391092,-2.4448027119218,0.128608798818756,1.50603844173644
0.0401850151950258,-0.733402252147356,0.414065836787294,-0.278193850086409,0.3712293549927,-0.405945818054559,0.0103736164517812,-1.7176857870992,-1.1403182887711,2.10616252622196
-0.291879846261509,0.247388550591404,0.593683668946004,-0.947708594471113,-0.459446952914364,-0.637927338282503,0.115918132822929,-0.653118958459198,0.925821485146253,-0.660157734201075
0.503455541843434,-0.500652998519941,0.640103450505053,0.366456843624762,0.156627765363398,0.361669226527535,-0.176189675276366,-1.99157849644035,-0.094754789904671,1.65425740639352
-0.373103255159612,-0.10094473401321,1.03712784276265,-1.69079020764647,0.474844489164495,-1.33638054064414,1.72357537071397,-1.99807152324331,0.654290963370794,1.65410691695074
-0.693821378974086,-2.34965417699051,0.406632166869118,1.00793587127513,1.07386324331811,-1.29095237437587,2.33158609854654,-1.35556160582002,-0.55356547084112,1.91185533591457
0.532341414845829,-0.564560634919063,-0.151662774713355,-0.651581898881217,0.419561782198333,0.0470612992133882,0.077827383480845,-1.30347891162392,-1.72295161962144,1.37968898520325
-1.03796301591427,-0.037153586038673,-0.790047339243901,0.635385898189193,-1.15639534449743,1.18590244167132,0.504591847811524,0.896702142332222,0.47037323279014,-0.805243601033488
1.15013487255405,-0.269583839985931,0.767489636858623,0.308817875834855,0.752032452220254,-0.0773717114101785,-0.0240805482090476,-0.763138304085748,-0.83970578672894,-1.47074459338764
0.418022400782101,0.789879993429224,0.156475821183272,0.151484211219492,0.407900170272723,-0.51889846620562,-0.624848931277218,0.262251871881107,-1.05420675679174,0.0366507769504004
0.986953781591155,-2.90244979033625,0.0582262861737295,-1.6790562394393,-0.166065746876298,-0.568993268815871,0.401591483642083,-1.25375276388693,-1.80838519440372,1.52751594170561
-0.0652911484542779,-0.840884592445805,-1.07111584976637,-0.366669312022604,0.0983710835937203,0.106923324381728,0.491065545339677,1.29306775462083,-0.324158991514549,-1.35189478951519
0.220442227915064,2.23904169741295,-0.625513382092813,0.340362065401473,-1.30316117853646,1.84779817084148,-0.962735371809064,2.57690921699333,1.87337393269262,-1.67629125338268
-0.43004282283158,1.54924571960435,-0.983464264642816,-0.959878412170139,-1.62438168444656,1.24287310427646,-2.49323162338771,3.98916091933742,1.77354034179018,-1.42283879615644
-1.51047248003718,0.972647679592373,-1.32116099011252,-0.4511968280191,0.418557979578988,0.0088286520947884,0.57202965147565,1.56868859494885,1.24691739117044,-0.383143719802819
-0.244008266130889,-0.998490235603902,1.42200488001591,-0.486017304739521,0.537924652459234,0.482738948702532,0.27025402511613,-2.03282647739941,0.290081791333787,0.781573751607921
-0.649776262528074,1.04742846588273,-1.16484969436634,0.0839961495753446,-0.123271029431292,-0.50517512289394,0.532074690127452,1.00488417886438,2.15279942330487,-2.79328424043084
-0.754581961854053,0.602839717249268,2.71035235441772,1.81303111145213,1.42054066930795,-1.23273438524272,0.76651028098171,-2.71243907719526,0.543180505229439,2.30403207619424
0.584708042177572,0.417498767395591,0.392475862444039,0.46840516895947,-0.231693133224131,-0.159461505547727,-0.94831423361533,0.745861142322811,-0.987879841795895,1.41339288459393
0.398373997571563,-0.0829373317892754,-0.818621186774357,0.0261804954065262,-1.55432345066969,1.88479797027854,-0.266647999449715,-1.00162804580339,0.437330204758203,-1.86446947994067
-0.806824249902817,-0.0232582568025096,0.293652674486817,-1.55059018618566,0.788242085457409,-1.69235506848148,0.481854424819007,-1.81229020720106,-0.247353934428646,1.43152315944448
0.443310363981128,-1.77358902270899,-0.768265480815637,0.463084915342037,0.23035773897412,0.488344451278771,1.33794871841776,-0.57366317871849,-1.00472418819445,-0.190825298858226
0.639729902991828,1.34057127318267,-0.0852628059320176,0.615844674173062,0.447334695083822,-0.651843075564477,-0.423702771725475,0.539936033798166,-0.00370384685685851,0.00933964772260725
0.0895351552912536,-1.66704240858804,-0.812863140826667,0.181957909329735,-1.49416630729705,0.102568382369377,1.33997915393156,-0.5040637790531,1.16050833140538,-0.187242280384865
-0.485656959959521,-0.873711834025778,2.02573578739415,0.00753232039705749,1.98298723755122,-0.137653824213025,0.313246366396452,-1.38258563907998,-2.3368866860453,2.39790049290825
0.286378263237114,-0.685807811381063,-0.128340536556343,-0.43444796674458,0.545228341870771,0.409118073111184,0.605983935736638,0.231134651316079,-0.189871721761957,-0.597516774405934
-1.15006809440044,-0.10109403142683,0.225533333196732,-0.281697759506997,-0.587226711959297,0.819527922964462,2.36595849978289,-2.02134054799347,2.81677351005793,2.04742447410747
2.3581664287356,0.44744083921678,2.0582493567162,0.412785678033975,1.58772833123762,-2.03716411307652,-0.52504223102302,-2.84824381899044,-2.11275883295184,1.86614724533283
-1.08832505926954,1.05586487647531,-0.519186659523311,-2.04950981178451,-0.203854896715683,0.572630629768162,-0.0728944237385751,0.825948006217722,-0.146727934608086,-0.871239213301757
0.158224113436042,-1.52314446090523,0.161739689164801,0.170704194994654,0.590266549561447,0.194957427041227,0.67232572714361,-0.465083331604877,-0.451703276522511,0.953147013245303
-0.768415362204041,1.27328319628896,-0.898890878427201,-0.651685968501615,0.682342044510495,-1.23843839381523,-0.765889773283381,1.2932016210404,-0.2668021466753,-1.49063806547855
-0.0756968496532715,1.96745376590129,-0.682288861181917,0.370021550108307,-1.61424322456347,1.68007623975197,-1.04367730931742,2.61669825949506,2.21300783814099,-1.4236325235849
0.584193605369391,1.60348767745953,-1.85378250543473,0.998671978416681,-2.34949653129279,1.66037735234122,-0.92011953973794,0.618994100818155,0.804896754766035,-1.82866330187426
0.361320749942657,-1.07723971852261,1.68626514537475,-0.719634131249091,-0.0814818611232934,-0.206849247575024,-0.212299396400635,-1.97056237124744,-0.963956551951667,2.20138483060596
0.598745478190453,0.663964428259999,0.164887962253932,-0.317361666106548,-0.439566039979813,-0.0971589909696723,-0.99654604610241,0.687965912558418,-0.530529417501452,0.67958126640267
0.331373763070301,-1.36280415981081,-0.642984188536901,0.994289631255833,1.49429693580675,0.102032181505055,-0.29069051043815,1.16776792639139,-1.16640793736782,1.11260589225078
-0.273240112585586,-0.425965809257619,1.45417233934768,-1.61682720850062,1.66209980012234,-2.55592232536813,0.613772440401573,-1.71749650011392,-1.16128500512652,2.99808126235802
0.745083556281416,-0.398017114361733,-0.426773392868425,-0.180470995739185,0.569004568197328,0.415807261060996,-1.66187836013999,0.255160583927691,-2.57582565260211,-2.82278254582741
0.642608137546616,-0.191513263062147,0.576052684783493,1.087164341769,1.61988987951589,-0.344820118982087,0.125787765308483,-0.643483913322841,-1.58704867133093,-0.708435997084342
-0.146390988243501,0.443565790217841,-0.534719970646199,-0.152906509783673,1.46800177510879,-2.42801380806855,-0.301594621728013,0.501076173858153,-0.16922752813882,0.693213295182919
0.107416144273066,0.181872139442173,0.98699207548239,1.57691393194104,0.100809475906061,-0.363976533362869,-0.251933711723977,-0.455300818300335,0.0690166881141261,-0.65877578563514
-0.40432473688014,-1.19060524304836,-1.05073346609093,1.0557622318181,-0.306175729112033,0.465325304346447,0.63407502699643,1.4601538479459,0.147829582227361,-0.0261348689622316
-0.650065775934028,1.44124263087184,0.915273684801221,-0.241932889856739,-0.611601523816312,0.279519860006115,-0.382962145586712,0.104667687861156,0.134160200908932,-2.00577802230992
0.749548698482443,0.241852539376597,0.874483156469861,0.197609930270971,0.727424764030961,-0.0109644225320184,-1.21267903579618,-0.360068538081958,-1.34703822509151,-0.775586627031932
0.561172958182944,-0.721730435944757,-1.05608606206029,-0.225141400171942,-0.52070534592849,1.06650838904487,-0.0958589963613627,0.666855544409842,-0.459268891358055,-0.420117366913815
-0.781647343074829,1.34349576085328,0.0836160857991732,-0.989850872259714,0.883435140619027,0.121687549505509,-0.498736501819034,1.6211074715859,0.508116553958031,0.623587891429961
-0.0331442196540816,1.45423979727638,1.34845909491995,0.168474114913712,0.0912750681000752,-0.256060165819511,0.100583532646541,-0.309510879306384,1.19867877877941,-0.265229908510488
0.436404508652483,1.33413001028739,1.10442999191658,0.954635461194705,0.424570079620249,0.694027769287233,-1.155789502563,0.652268129985622,-0.377546159621244,1.00111111585444
0.676637009336992,1.22175158159582,0.374306100019446,2.09237681305568,0.791732584514129,-0.666062155695745,-0.40971537662555,-2.23229664316765,-0.324325805431609,0.431027520437693
-1.01038592959207,0.14473080699353,-0.437820263783745,0.155496658001368,-1.0329210319439,-0.579986946492435,2.15795113442796,0.169171681769639,2.72399812220232,-2.25526494222633
-0.349754672348488,2.29683963834299,-0.369660637265699,-0.484037497086539,-0.366746930907009,-0.755193022408069,-1.46011178680856,2.63430841452852,0.567351799944867,-2.27607422401713
-0.537075446938217,1.61161827448038,-0.934489726705331,0.825444847040398,0.147106196401376,0.112222212760748,-0.830317293693229,2.59986875219387,0.804882748833041,-1.61179803864592
0.710844038186104,-1.54864844163557,0.37721075396064,0.322239532033612,0.690449597604955,-0.512976028098817,0.478733024475229,-2.01508729724319,-2.8439795934883,0.618042777243974
-0.457443084039782,-0.788166737982872,0.130603154999626,-0.746923378381285,0.680634282205469,-0.595265717849706,0.285698381077707,0.485949117091424,-1.48011557316768,3.20228098137472
-0.283937123370322,1.22905911156396,-0.628716712846968,-0.118356893506567,-0.523609288699794,0.0722585670065598,-0.288636729494952,1.22500454991318,1.00649045900317,-2.15758906845129
0.141525092431344,0.498161874175469,1.67159324018641,0.569399031452368,0.936890028845133,-0.623796787902461,-0.146037152351064,-1.88961077094378,0.23447402867049,3.44321546208817
-0.164382283732897,0.0757370616181801,1.27179147288623,-1.36501505299715,1.57613155808625,-2.60217754601224,-0.15711372300138,0.146756664385991,-2.06742779824103,0.905112736326277
-0.51776023385094,0.859761912690487,0.27223608990819,-0.671345320934279,-1.29540143579995,0.855665552111234,-0.943928700208775,2.14835872878204,1.48632390027423,-0.426692713950916
0.219831632423925,-0.666061563191586,-0.0717009625219077,0.263774646215583,-0.522449534098359,-0.478183365523918,0.408210823891033,0.23013791341941,-0.887582535592638,-0.869829689472636
-0.172285284808789,-0.0895743402080563,-0.868718414446849,0.704779973894185,0.285271600763449,0.279403274837833,-0.475498935310939,-0.195709343090053,0.850665712649401,0.455145603004229
0.167259995686021,-1.56558472651415,1.4109711011952,0.0478827711831685,1.30275253792258,0.0171262701654756,1.99325116216277,-3.30203467389555,-0.633711441207033,3.61643215821947
0.735073220469319,2.31034498176217,1.04805646381755,0.338169121002587,0.653933905837129,-1.43702896391225,-1.83722794212595,-1.29629924871631,1.01931330477653,-1.14021147075554
-0.146108631316473,0.149037689226131,-0.308330671501275,-1.56128116475179,-1.87558766478529,1.93053034830739,-0.635178136551964,1.89789411569258,0.696524300033098,0.433637683836449
1.00870197723711,-0.151820052658183,-2.99769989245042,-1.4357360485777,-0.662760049438865,-0.241252087397518,-0.317215075695941,2.015113577407,-0.531018922080158,-0.794313777308616
-0.101348620433547,1.22772127798897,-0.649695639815446,-0.429364677968792,-1.59404809397835,1.69211761174245,-0.197920672131121,1.19705663476164,1.32857138852824,-2.22291394861454
0.0414418056262278,-0.0733413612763213,0.454301529977527,-0.353837585614975,-0.300730648789297,0.453347896506314,-0.368502479568402,-1.20320218545558,-0.109787951047128,-0.0347512045852048
-0.318871728232572,-0.0512290577434824,-1.16508797464747,1.3350173249175,-1.44254027373635,0.381450276615994,1.7803348492585,-0.105929955595382,2.9570253754237,0.024289551465071
-0.637719858237198,-0.888110868569182,-0.505689646175265,0.509630840044419,-0.712067809780313,-0.246066292758805,1.53575357803855,-1.70650208431439,1.79538056609358,-0.171350100787835
-1.13091962489915,-0.618710937984297,1.64629406060911,0.434652007018381,1.71016715412385,-1.73226434900993,0.80623529412963,-1.13272208520595,-1.86316421767012,1.14569616427383
-1.25778045939796,0.133832597659452,0.158016833828348,0.533458146993304,-0.301499356005617,1.60505505799915,0.336617990780142,1.41427901427346,-0.172506759364844,0.099189481459726
0.502282921329045,-2.04429628663404,-0.821839592454203,-1.31839132097949,-0.627827809523247,0.807792254256179,1.07547683277366,0.518836246943777,-0.82527309422956,1.70096970200236
-0.142902247335345,-1.23786003332312,-1.2427197420388,-0.0676910218974059,-0.62184157522465,0.98114276528516,0.167404885799962,1.15930776237402,-1.09730237406828,-0.945310347701982
-0.0952523636478074,-0.917632001029538,0.264359580164497,1.21812552194226,0.605986464894037,-0.495342056103206,1.2723432160826,-1.14685921858467,-0.372066225456182,0.122593492717777
0.475689367798591,1.78360327706428,-0.328528705624121,-0.56942365154569,0.182405045272182,-0.0588398063140167,-0.350830311529048,0.660063685773199,0.700673904906376,-1.45749523767015
-0.444270579463685,-1.05656325998048,0.201711964810529,0.0669123611321494,0.0407434109822749,0.555917897755193,-1.06205813566521,0.319790551481636,-1.92721496507991,1.44470311671773
-0.364759325637147,-0.709187465086445,-0.74302097019905,0.436824880150653,-0.533047795280715,0.42517414243246,0.635083689232673,-0.39867287092086,0.172440599767622,-0.0425654343646201
-0.285441146065917,0.840455247752746,0.0310974398399494,0.680485498181998,1.58322333739761,-0.838004450448374,0.104660669785842,0.236966940902444,-0.0931852161027456,-0.334562931578936
0.530246797043061,2.5264591883011,0.311524179412208,-0.332778849388626,0.352981863097138,-1.17333015390669,-2.35966093865305,1.30470876322034,-0.541273116671943,-1.39261852042089
-0.0881198127307363,1.9992803501109,-1.12068660780736,-1.02087189786791,-0.348384829944251,-0.241964925284468,-0.904723840387424,1.39385861194958,1.58997155045831,-2.4421303504353
-0.667293504928714,-0.00104833557272291,1.76031205562903,0.698113642553099,1.1329210248537,-0.936416254381979,0.117050948908253,-2.76828870555041,-1.63261688115885,2.78178203851736
1.19675750609566,-0.0319579033416659,0.692745022295168,0.505870227634301,-0.398413567426645,0.189123477355871,-1.24880798607123,-1.75672486151739,-1.38550446403574,0.327761465214861
-1.11391703353587,-0.00272710356006009,-0.900288743124552,2.25652897298461,-0.592753806538759,1.13312374422995,1.48522967283744,-0.176852301060949,0.481973379038834,-0.228879827191553
-0.11335400202474,-1.6385324810389,0.731610542635104,0.605929150619064,-0.321610515024177,0.316019156079958,0.43300307830122,-1.07935900989384,-1.70429467752324,0.735738297630787
-0.526930411014563,-1.05266178113006,-0.623513504354782,-0.165982470418586,-2.01832346760779,2.75929267271561,2.27352651011614,-1.53036276771739,1.88856936414913,0.655564057767405
-0.75755738500915,1.34083098046754,-1.3483645339723,1.14708758132335,-0.693782751714035,1.10145037943378,-1.50663324738476,2.52602730276728,-0.120208244342306,-1.79727297293441
0.152055939200957,-0.0822236713701955,0.889059620910862,-1.04055322364204,1.62107630652931,-1.50612609240418,-0.320331025484907,-0.8330062531073,-2.11118393214319,1.18866522683461
0.643142464269678,1.59189040228488,-0.963084065264688,1.45284205408215,-0.0014071987366579,-0.31498987114046,-2.82750580164602,2.77481817566216,-1.74674622503845,-2.89865939799369
-0.159838121444865,-0.58521577553223,-0.283878279453476,0.0730560653269773,-0.66928855102964,0.208182186131227,0.153431276786992,1.2147326361294,0.338076741220759,-0.837879320145628
-0.462736952107235,-0.508327776030927,-0.358644102900937,-1.3802584257985,-1.19592701860749,1.9071657707717,-0.559573514257325,0.384978267726128,-0.179844790021107,-0.798243628705625
-0.158300665001112,-1.5158436443447,0.679817008080481,0.578338059642687,-0.0620850907505709,-0.159995980661853,-0.583864555607005,-0.399514794488332,-2.80093779930634,2.09596585047676
0.962883136770449,-0.555073523440883,-1.688882671979,1.15268426291678,-0.642270211579182,0.81319201599917,0.361958752964487,0.127135961647745,0.588930892413667,0.136121759614199
0.0535009229141318,0.925877844559596,-0.837350821432015,0.482043851112303,-0.709198013402126,0.815658242434458,-1.23395930508237,1.89368692099587,-0.306873030730821,-0.722693675747225
-0.376461334143723,1.19655755345106,-0.0761561380028928,1.25146976097913,0.727822513004177,-1.54002486185818,-0.256462419126131,0.872871704329931,1.1134863509279,-1.46322895054818
1.82271793859907,-1.66109175208073,0.77039884715663,-0.429638206422249,-0.476080930876732,0.923736071747566,-0.136826557832467,-1.95831627600094,-1.16013373696439,1.97274744577217
0.407093386043516,0.0156920681696979,1.55264144181656,-0.833727916934629,2.57737906004618,-2.09131412137588,-0.367612543095256,-1.16828568437536,-1.30101228667847,1.94329132468697
-0.359716529678129,0.841708949869958,-1.96023441446564,-0.212550752413469,-0.639231237417083,0.338214489270438,0.391208135383294,1.42293183945042,0.185113816513197,-2.60212791923927
-0.669084377836437,1.03282240259139,1.81712402805839,0.403457397729195,0.143277101360346,-1.04216654810284,0.176218610093544,-2.03020449430316,1.80004167597305,2.13728592603546
-0.228884265931761,1.8499551630282,0.691780162999707,0.421484904986477,-1.0368218750423,1.75026704895219,-1.28635667579465,0.889040927466961,1.03809927650695,-0.246867378395716
-0.0019298414228541,-0.802616821324215,-1.06150281630458,2.20028472936579,-1.15137962328233,2.58080869468758,-0.0271175975752504,2.06861864429888,-0.138018188462103,-1.26910554505504
0.201171389334494,-1.31005523803587,0.444357190486344,0.302890145535734,0.61501896787206,0.145216670091524,-0.524128647345333,-0.353267618826218,-1.99404906707725,2.30702571310128
0.651761420180915,-0.744590501836687,-0.194741072193342,-0.672439986247947,-1.34630522185475,1.84635374628011,0.270852122356657,-0.196611596677495,1.15165373690849,0.785583888440903
-0.150200139162379,1.73091324049811,-0.331307350946336,0.537921522809968,-0.362676406768544,0.362675096493262,-1.31023123174965,1.527100241922,0.969516325166759,-0.625710148440027
0.592591030768166,-0.794127846022287,0.445794207544306,1.47370239419138,0.745643205727504,-1.66779739174808,0.358519577921439,-1.21714195797265,-0.609381843816974,1.26098083023617
2.09724494640128,0.215464018129274,-1.79720342709115,-0.114224033329577,-0.704702602862052,0.00346830690487239,-3.00156912295207,2.46464159452747,-1.53090180157046,-1.45842285879768
0.132644167794033,-0.839747330386968,1.55726579216786,-0.806724947898911,1.13699833194286,-0.962767422085546,0.750160867343183,-0.672152122788387,-1.02494247229456,1.67728735877416
0.0652782385733121,0.53980362840141,2.50709048116871,0.681026360550092,0.887898051417662,0.853451094172575,-0.375931249483024,-0.984725761847727,-0.596179666014254,2.74343268396521
0.788164382759846,-0.357109660890958,-0.0853986231991562,0.854627517367133,-0.503681159762155,0.674472115788643,-2.09309910660583,1.58569912589353,-2.04375797731451,1.10650271325851
0.812805431062137,-1.18034318501463,0.093822454114056,-0.198274485057971,0.906142307764501,-0.468604166605841,-1.19269940776353,1.20838575706776,-1.75839643186118,1.33461098434993
-0.315311913672822,1.58728024497729,-0.236895263417422,0.00935970422029034,0.954574374582501,-0.280854008499612,0.250387241859498,0.979578108875719,1.44267232905346,-1.88783555430445
-0.247261374180828,1.48932310057149,1.84735778939862,-0.787427743691614,1.71534097264766,-1.43191834466665,-0.962088458094449,-0.497549871182426,-0.346056885038915,-0.911224769699639
-0.184528523131427,0.64460207833908,0.541696498162217,0.436152557626944,0.800989326474907,0.4455969490705,0.410936869818936,-0.53568576177948,-0.635204696452417,-1.56223479795228
-0.6622735367804,-0.0846129147808074,-0.333265293938852,0.790552086209612,1.29006452150857,-0.159800582357001,1.36840942229359,-0.647073452161852,0.127772728794805,-0.550006782195227
-0.411283619056375,1.39515994077047,0.275222201258955,-0.330822447286481,0.662210389251982,-0.465282267161852,-0.767366479644298,0.53459918600433,0.0740315177999871,-0.708613624381674
-1.22755777836888,0.0691156815763231,-2.15168754151008,-0.438880918373017,-1.85907745801047,2.75353244473529,1.26058440196135,1.16754840066596,0.676775234164714,-1.27506279564963
0.0605859332259284,-0.399204466103682,-0.0510813794338158,1.39638853928294,0.964023091417425,-1.41906440054983,1.17453131581597,-2.15153566729394,-0.128441371238391,0.64791389627949
0.201554539603595,-1.65223396213064,2.19912685038519,-0.573513051580865,1.70216242566775,-1.98808977684303,0.144994390666455,-0.885659611130668,-2.79846347522912,1.05190954707345
-0.0367289884562545,-1.63884693631346,-0.147555314969306,1.03083471015846,-0.287483377304062,-0.230725346389868,1.51468464384613,-0.245692652770837,-0.630526890054079,2.23957003023776
1.03931863734095,0.712469756700031,-0.987041703343741,-0.770131449979608,-0.976866686634377,0.292305518445587,-1.02325276752908,1.37361860797174,-1.32776001908127,-2.23582166103706
0.242451798849943,0.36185151751445,0.835228735759881,0.453490277463395,-0.564376524068864,0.333869168375307,0.37564509177271,-0.588387742025195,0.635450414714074,2.08561969738096
0.281563258241129,1.01336348942208,-2.20780004448685,-0.462037825660421,-2.20341014447774,0.489727246911779,-0.418343113379365,1.41513018740584,1.45965514247023,-2.93741500904953
0.597874900219982,-0.197716101728224,-1.20370906181941,1.12450472677038,-0.319568391381117,1.13335965058788,-0.505692209723577,0.390438671519924,-1.17572886141516,-0.0120929722109719
0.908428155945276,-0.432099598504303,-0.463653900064144,0.699570669694316,0.0120107609555569,-0.522873437460254,-0.626472125619115,-0.438838066468396,-0.718171793466146,-1.70782136183496
0.049817213753167,0.681715802137689,2.23716817062494,1.4110548131926,1.87326099100717,-2.65631368662994,-1.24449561778731,-1.53882630086797,-0.995159964194454,2.07940722876179
-0.268836200591955,1.20470219357789,-0.621239001500866,0.113771151036756,-0.931866684344528,0.380265678649749,-0.496879231353855,1.96474158354679,0.428315770975416,0.314308150848337
-0.168531247453006,0.61520980066319,1.43980025607945,0.809633436562791,0.425537887436379,-0.109067726271108,-0.651939574649146,0.125393957855531,0.0429399200047598,0.497592439217792
-0.957156748654656,-1.70358094625476,0.575250459587352,0.996392951352016,0.168044091514722,0.356585237382171,0.984203012471934,0.346343939428424,-1.94583522010996,1.5929252062125
-0.712844197482719,0.0634326566824998,0.0986642212195614,-0.193364441643006,0.805801365175265,-0.362243548083726,0.405859222169974,-0.275535939411568,-0.905807150319499,-0.547449684310729
0.547495007931803,-0.899370449184793,0.599318551328695,0.561124615208315,0.654505820637855,-1.00831911956336,0.565927311293803,-1.08120621682224,-0.987374374249125,2.98053220253369
0.242443906008884,0.801674503611477,1.23815101100785,0.161073790223907,1.36597621392895,-1.27899524552854,-0.0628164728275221,-0.728894099972305,0.0371474596136673,-0.775276361203632
-0.35097910897358,-1.66562855759182,0.91464272489149,1.15351876012896,1.34644863750069,-1.53530252648669,1.40932013768481,-1.37329608313534,0.353731703827529,1.68831630545728
0.682847718161049,-1.65692322983052,0.539145965114393,0.13633126334407,0.918095374236387,-0.808055191740812,0.363860487097316,-0.920047802707579,-1.07520934978235,0.964003242118429
0.0441989296378952,1.1555572632724,-1.39272763614986,-0.704076800064043,-0.760028687902476,1.32449572411293,-0.523626189048399,1.403078081585,0.0975678391135722,-1.44529444564629
-0.234327936132799,-1.17060967676029,-0.147272621628596,-2.12584885955076,-1.02199491061825,-0.164523138195091,0.182789127137003,0.049700989545014,0.203181471326672,0.298644340730164
0.72537158832505,-0.065157624330954,-1.0180828630111,-0.310081042392246,-1.46734766312302,1.01543299800506,0.172855589587892,1.30761935924138,1.88059006132396,-2.39099660567361
0.780075246879298,1.27356969927129,0.339549202842632,-0.764539780409733,-0.181652402921579,1.07697065312537,-1.24471399000602,-0.8107418084132,0.399573891297444,-0.257648547367832
-0.365206680975051,-0.298272166834317,0.312400594831666,0.00911901703223967,1.05814278603193,-0.855336349696398,0.00281951232492702,-1.73086726838867,-0.783618991730805,1.19820668721791
-0.23483734704832,0.488877607120561,-0.267636671195425,-2.56201637207756,-1.187417433154,0.630373204162074,-0.725111001151048,-0.378391463592497,-0.555163830751042,-0.510975274999316
0.563527884271095,-1.66235426162625,-0.254885891311878,0.0478989099093084,-1.27704196678672,1.14984979449547,0.0967818203354568,-1.29042201220147,-0.922217694842997,2.26251846004451
-0.410913581997976,-0.053389688696871,-0.973228192370424,-1.04147785625799,-0.818349974198939,1.52068440311605,0.307928314158179,0.313853901961699,1.39230097401761,-1.4844063164577
-1.03172722459583,-1.66429276598056,1.16269316766498,0.0622348650879572,0.967970437214491,-0.625855377635952,2.49779593045013,-3.00820441600204,-0.584109643711501,0.104236290554227
0.00534223311072682,0.236788362524825,0.548125123468128,1.15580453885505,1.15581127808091,-0.738386961859356,0.0516060396286507,-0.126745383235494,-0.349405479348078,0.542353994178458
-0.369417033386815,1.13077871424528,-1.11955767315533,-1.23383830504897,-0.323526646296142,1.27123143195007,1.45408518171791,-0.520075119903495,2.6603344616428,-1.36589805223933
0.536773813619755,0.239891040335783,1.43820061141824,0.27562582801811,0.874036721833206,-1.19073149653803,-0.719304907575547,-1.36825980021742,-1.84280217073114,0.272068086015841
-1.49747379075927,0.36974467293992,0.750099398653296,-2.72619822794016,0.778739534573766,-0.692793240037663,1.0203129234003,-0.432189602829913,0.215646699674158,1.29593193318783
-0.642063460079944,0.676055961113773,1.19216683867672,1.12225567318595,0.995958257386304,-0.821692399708466,-0.142100343764265,-0.680124055086586,0.958788841483186,0.727349482110908
0.827800764095703,0.8359595976472,1.56524322222154,0.421980069614774,0.424121265566608,0.250642191305951,-0.951706173995095,-0.985983694954829,0.176863418724897,1.50863758106551
0.498602922237217,-2.61534635555995,0.546289654541932,2.11293556870042,0.43846240386014,-0.842004331684763,1.84369316967902,-2.4348477522556,-1.34180269221852,1.16816478638224
0.95261970794912,-2.15254985144678,-0.977677136375701,-0.424612010744072,-0.612406865510962,0.735093049910178,0.855516793672943,0.0126808268737382,0.0344706189755524,0.430396428106967
-0.639421764785456,0.674671371575518,0.0992711639377277,-0.22109772989973,0.664871490857154,-0.35268544078058,-0.173803314657056,1.48207188875743,1.31660142067904,0.747759552332823
-0.275563133467557,0.98578791712607,2.85734691040857,-0.15702481243491,1.78761966157817,-0.168027704012745,-0.00697554820654069,-1.85210529846767,0.195151097258502,2.03514847552126
-0.82544455123091,-0.372785570492135,1.69257628051039,0.644398022921018,1.36704288804908,-1.71838436660651,0.244395213322956,0.149472777369927,-0.545728796009465,2.09141338667501
-1.29382999863613,1.16792267336867,0.58043532530587,-0.470816958683971,1.63583141507442,-0.960715857562434,-1.17419901090452,3.11633485133018,-1.32462939715246,-1.00119595075832
1.26754277486493,-0.400839883512413,-0.597341975176677,-0.0315394328250808,-1.81462427819244,0.39512871259382,-0.65179984122365,0.584740937772929,0.92396749915051,-1.0393125512848
-0.156985134214391,-0.97276919360813,0.873894334438266,-0.556360631959606,1.1748232280364,-0.970269920354891,0.687990682950603,-1.95900717755797,0.264402864355334,1.21968006365229
-0.800391485701249,0.220121918384893,0.761596553955038,1.14172438298831,1.56433133964975,0.0468096976399431,1.36322171513693,-1.207701805249,0.422485569709099,0.652677577162506
-0.228969679144799,0.0740667166093769,1.7007703635859,-0.519285164810817,1.4611993236916,-0.934389806190882,-0.377419689098179,-0.605704007866701,-0.12432122190286,-1.25551608592862
-0.775763752676596,1.67480327238083,0.517094331945454,0.740742826684964,-0.359567885627184,-0.29229540675951,-0.845915685758401,-0.140089075492524,1.45658543922145,-2.08440319406959
1.5133818783876,-0.00925250000641722,-0.476073437230185,0.35539673970331,-1.00073692422004,0.664966900921682,-1.423937996143,0.398236461423206,-0.939042822525203,-1.41244998456031
0.653140376923044,-1.51868733287405,0.104940551860012,-0.325244464288812,-0.276987588475871,-0.495193728671039,-0.154444883988194,-0.817935552751248,-1.58253204240033,1.62898160810465
0.762818276551108,-0.374933884432123,0.269543147076566,-1.04365031368568,-0.14535750016011,-1.52228226645321,-0.816022345022996,-0.427058898342554,-0.767718147104464,0.95381088018363
-0.240876296796026,0.507623298810878,-0.202572087919549,0.469586104742954,0.394592717325968,0.0107013267778081,0.144516135123039,0.123592794708243,0.188448765938311,-2.35235074467963
0.0799279544281301,-1.02744391336626,-0.343607672214846,-1.48178718012465,-0.964457857328368,0.38413969889246,0.578185553740718,-1.00734995057903,1.48324958700448,1.12140874880112
1.025997063888,-0.156469248710387,0.694991207563966,-0.142401751503759,0.938934022445754,-0.660904461005794,-0.736863166797222,-1.87744514328514,-1.67312877001499,0.660011311391838
0.207480082208738,-0.47620022309399,1.85699041600075,0.159251715681238,0.286582881192386,-1.82923810909083,-0.607975772343635,0.223494215721187,0.541338620377645,2.76853295996946
-0.0851479238035766,-0.307757434313647,-0.493916380302562,-1.70363444980747,0.659852235600199,-1.214805366053,1.09158266937903,-0.856300241997666,0.515039749850659,0.818949311986278
0.814927860963102,1.22832576488384,1.25389275890254,-0.668941285149991,1.99985525478386,-1.95139583828971,-1.33949324547381,-0.463192308200615,-1.46291460378233,1.22415220319032
0.0260158465867552,0.701858054744224,0.261017741420844,-1.5982345934335,0.458027912386301,0.183778230119867,-1.99315207688649,0.867241432729793,-1.44870372154161,0.745783138895118
-0.973549041233063,-1.99689464904784,0.570573560938003,-0.794413903827269,1.97896742489767,-2.55834661803537,1.8085811776276,-1.28276704558366,-1.12258864932161,2.04421506188034
-0.125374480982876,0.603005265992197,0.101933994094108,-1.08447942856801,0.351264991797536,-0.156726789471917,0.096078268040115,0.519571969775615,-0.479799012238279,-0.229962550898029
1.19043911096725,-1.22087285306017,0.659994787821702,0.227052353673557,-0.519998613917482,0.362584397257362,0.225966630002483,-1.38791745644965,-0.0304991203307378,2.20742868249967
-0.233207624050065,2.46687758679078,-0.365754899270227,-0.289048296756892,0.815677558927303,-1.16662998350035,-1.78166716465607,1.51259288896736,-1.16260431064586,-1.18964094468781
-0.424312041217508,-1.6394355727024,1.14631031715009,0.12733957791508,0.807456080553604,-1.13941855752496,1.05076306403635,-0.46717914032657,-0.290973755261451,3.26181115439358
0.171504634820295,0.354800198689281,-0.761103678306963,0.323349080901479,-0.800785191718154,1.61512777040747,0.706042758529154,0.788150639181318,2.55722049722479,-0.192886270384439
0.551520501207854,1.32089144091692,1.24111117500472,1.67600638851935,2.03998463328578,-1.40401775008173,-2.14161669593022,-0.0211722686922916,-2.37525085337033,-1.94889321333358
-0.589658923788157,0.730529834057639,0.378439237695641,-0.311276817781045,-0.252015558985977,0.164351783633286,0.402426648071977,-0.848173562540126,1.51358355274618,-0.516792225083294
-0.159259807083005,2.40613647814328,-1.06875453726951,-0.207207785532365,-0.918127406588729,1.03236443348173,-2.23331745708779,2.93743101694266,1.12134728416469,-0.609812265510126
0.0542869627654971,2.11145987293002,1.93574940539791,-0.159527940774163,1.15216327000945,-1.20728307043946,-0.960098807148335,-0.777186881579132,-0.606793732418704,-1.71414159448237
0.113986130365736,-1.28477032139213,0.0535197052394255,1.39174235345275,-1.55376815240723,1.42266176787685,0.691065368839263,-1.40368099989441,0.340453742846888,0.493125267422866
-0.681612253196659,0.731265630204471,0.196601674027667,-0.956517887611986,0.962705928192242,0.700598880963024,1.42695798991941,-0.693362136758707,0.482658117854292,-3.57647085214949
-0.0841267188723414,-0.819412996980647,-0.235396909017473,0.396137693931854,-0.422463345495373,1.10376712584795,0.644798522036554,0.0558750852473626,-0.538583604833219,0.90527805740911
0.409327228974318,2.94951972771811,0.353814570309545,-0.431716582746693,0.680341394803698,0.418078617870438,-2.61433261250471,0.719402205696315,0.514585175648425,-1.53190753151837
0.535442354287002,-0.874963804677696,-0.522255919760794,0.125884700365095,-0.68613319403081,-0.214344358188623,1.70613662408185,-1.67233172796451,0.389384104079177,-0.853943431108119
-0.400001054392525,-1.39186459515724,0.807231179556159,0.194153391083749,-1.72429907539053,1.54952083031035,1.76813791687406,-2.02997834022719,1.6074800375084,-0.189951166125421
0.498715485623476,0.713610516267319,-0.0318524681113168,-0.242555728353656,0.173848149858122,0.0382115422083335,-0.423697301438319,0.233131993273677,0.606660771967182,-1.24405033787715
-0.354211106587936,-1.31140267768452,0.644191570059644,0.640219597699796,-0.800926985823765,1.06119676575095,1.44039032151246,-1.72507808034967,0.0790803637413365,1.6738723616716
2.01247356169534,-0.715382144353751,1.94697773303642,1.09362281643883,0.667532950338684,-1.12644048300845,-1.71094593681149,-1.16239307151653,-1.83315836659568,2.18559660909431
-1.96399587082267,-0.964564811408811,-0.220581154153206,0.0349800629550645,-0.993807211141035,1.57753906053429,2.16638611475753,-0.779496399293855,1.69950956462644,1.61524959745784
1.23904918618721,-0.118379310636072,-0.0363484470209925,0.371808178298106,-0.193186388352507,0.412025912017891,-1.62095638916786,1.21092582105954,-1.23150877742457,-0.0468974733107668
0.118771575216444,-0.636761804767741,1.35167919618343,-0.605754869124351,1.24576917247775,-0.724597776242996,0.0632143979295362,-2.05687125278206,0.629270498889338,2.44512856431236
-0.373594240728407,0.768239350888779,0.490788887741318,-2.47744152101832,-0.123935675272442,-0.218946187088139,-0.834005178357643,-0.0707581864623812,-0.0480420753203211,-0.0443274597979856
0.324383953823434,-0.381209467471967,-0.0404815100765498,0.154874035876307,0.195564114560246,0.00758940386640371,0.149893465249454,-0.770037333364747,-1.00506760412816,0.666009148070528
0.0287533570901543,-0.348209760944563,1.09649696028642,0.65735003780351,0.421349796909119,-0.595083028225205,0.399134803372972,-0.89410164126531,-0.498670424419461,0.400502712596325
0.245896248375283,1.06306850228328,-2.62707474885554,-0.1583764277628,-1.98426901950131,0.625625432769227,-0.665759071351133,2.28588004449675,0.753692159011197,-2.33951148349426
0.269513945122879,0.351008058173939,-2.11215035716274,0.293819785896059,-1.46635093848798,1.12693430995934,-0.186362734667907,2.33200226455853,2.12200732729308,-0.747229112051343
0.888756316146219,-0.554200826097096,0.783846406121517,0.197142042016737,1.23944198583589,-1.07216999983235,0.0791244499149428,-1.35759295325777,0.0889926374588901,0.971813529245731
0.873684538895477,-2.24831731267988,0.889118750529428,0.244208666867222,-0.0201270526426394,-0.162697879424001,0.619928962379728,-2.95994621926315,-2.45596279788692,3.93347634746449
0.85845956514787,-0.615603465038624,-0.715500093033453,0.31126071276337,-0.519946008222604,0.912400397077962,0.674878850798233,0.408786363385863,-0.334061456212509,-0.821764933351464
-1.48624754988567,0.82216366453062,0.575016490892562,1.06837731825674,0.128557604992015,-0.105068888580181,0.337613033071603,0.0387836011617027,0.675985439036979,1.19571188774855
-0.233923633635493,-1.21431122831388,-1.0399973447025,0.293920963914144,-0.31402508170501,0.702115617381808,1.21491301393552,-1.1915711869086,0.717839663157791,-0.439047798628785
-1.27512531611446,-1.70086321309761,-0.403777610614259,0.874529878865663,0.0286688894279168,0.234305570067816,0.706674684799738,0.0984741109380905,-2.60854901684166,0.805993598304456
-0.71188871162254,0.899444259136873,-0.523085721205041,1.06482033374717,0.559493990883274,-0.367611053500098,-1.70018254466962,1.57976691618073,-1.40630783991215,-1.30721701157702
0.859915946536503,-0.964203226762312,-0.535447256421666,-1.0015967207534,-0.515945194165216,-0.809787556997903,-0.587132186587128,0.32074113096318,-0.667013520337204,0.438684727156499
-0.21257760509743,-0.91757769123962,1.04779604928323,1.06295737742352,0.0556045088131513,0.501898829697758,0.888464489058019,-2.65851839953313,0.55972177787312,1.38412724132131
0.962221707565061,-1.4703812885122,0.128297297316782,-0.477294025386933,0.129680895162072,-1.02827302180065,-0.893373399074156,-0.845329224019047,-1.29132216607801,-0.192362921062239
0.632408595127909,-2.35067878137454,-1.06842228212796,-0.746049444799843,-0.994227330133316,0.611654203873361,1.59867928455161,-0.898652428051213,-0.915833860199324,1.03840361240941
0.0197402722753602,-2.02920755035184,-0.923728544864072,0.647523850987796,-0.693995162664589,-0.0493038844357695,1.52382792381483,-0.346111662579635,0.637061869658851,0.87978079024598
0.0370169230102537,0.783943181423661,0.720774980357419,-0.0371598130848565,0.442401240891754,-0.0414831436122253,-1.43697113077572,0.43759751436727,-0.307021156536598,0.422800758997403
-0.869617991948531,-2.29404624446959,-1.12542457987326,-0.120822136440766,-0.206674585999867,1.36335668319705,3.05500165536798,-0.0131817318249605,1.75834042569815,0.364531566272077
0.227418174946232,3.629889272558,-0.184453073723162,-0.171270859770795,-0.715837110378721,1.69713602046722,-3.24589545798657,2.99416579154926,0.23539238356021,-2.76041600593139
0.111239031756014,-0.699580958990452,0.124269622847247,-0.151030179527886,-0.0078631530358354,-0.2682662929642,0.502253730926256,-0.45419075466005,0.385992897998053,1.37716735338922
0.912125850485151,0.232852228432761,-0.0316663547274646,-0.982844980026227,-0.527507198691497,-0.384062953185596,-1.16468090484154,0.157793971495929,-0.874986324323058,0.0874437556218379
0.574786806114593,-0.325461323245758,3.06960361035344,0.647743682502746,1.6472961537003,-1.14725514039915,0.0781370333255753,-2.12664013780657,-2.26396982838269,2.65181146568526
-0.107214751483463,-0.169427597069507,0.872577399643914,1.17276385078758,0.722873685358075,-0.314127245344559,0.477774064188444,-2.5972375875782,-0.650533655355428,0.647789056198734
-0.691911537368106,0.0798006926069745,0.346710711872318,-0.762795518791721,-0.329210332406926,-0.133258096757367,0.510840682921152,0.584042860680634,0.94916113188669,0.724211551336559
-1.72537250308302,0.736007858123984,-0.616745231982588,-1.14266225363434,-0.644718075167136,-0.553782592404115,0.0156719265790445,2.28788354387009,1.33563085916804,-2.68018995753934
-0.467195596884062,2.8564839988467,0.412324995439529,0.0793307694202235,-0.131560762034894,0.56684060725601,-1.56058749325499,1.62474187948106,1.160132513167,-2.22787681450031
0.8016775359202,-0.164527736420878,1.21159467834558,-0.113866943009393,-0.0645823481865709,0.113553354169031,0.475765154123874,-1.34656201049372,0.640728957685403,4.28757117110606
1.02340646420492,-1.88791863281391,-0.36567928964059,1.1670172817373,0.237260133647983,-1.54195931483541,-0.310929053273727,0.515561941282698,-1.60148004844753,1.34908944259049
1.57249758109744,-1.24490349816468,-0.520578364618115,0.934679098911002,0.205603159436531,-0.981031937085704,-0.46667844684703,-0.490133032003697,-2.35629524373055,0.902981609149357
0.144598651906593,-0.0410153589954804,-0.902042559032214,-0.375833996273348,0.00602419964128599,0.0863408407765373,-0.921638782171811,2.52769674619643,0.052859820624848,-0.150620462910106
0.713152446467523,-2.52547035814359,0.0852134932971411,0.935385052628881,-0.518604425653726,1.19269089151222,1.05304493310227,0.008707419289283,-2.14796849742233,2.44780776638834
-0.0459020612364236,1.72308454046894,0.651830520738998,0.552582183619088,0.4896673335118,-0.80653655821892,-0.792926632111628,1.25853862174876,1.25290176183459,0.106574043560687
-0.794522935488524,-0.286176202440902,0.470492688185341,2.02900249492637,0.176174244300952,0.0602201102379963,2.23551359324711,-2.04613693259979,2.1318833600892,2.78172680184835
-0.267136282697833,-0.455778996174602,1.14821401932711,0.317215398033989,0.507298228214413,-1.24552983475181,0.92827001420616,-2.29903543462406,0.812532901096985,0.167578994069786
-1.32928523312058,1.19495765631951,2.53215894212339,1.4545481676218,1.29241241452619,-0.665096694552472,0.66227150206982,-1.68095530534373,1.22488291776809,1.06060733407574
-0.919765670776449,0.0624167846159314,0.0156308058367829,-0.271740924119556,-0.340624694663639,1.19972686858897,-0.0447999305703558,0.695795186114511,0.837772449563579,0.235039954752814
-0.147558617446663,-1.01013994922699,0.629041835641034,1.52091506583384,0.87656041755191,-0.0821994740105846,0.737617134517531,-1.38123450421148,-1.38168364924448,2.40546600906387
2.46101216044885,-0.952989173202499,-0.0854060840722962,-0.079498686289564,0.0186210171558802,-0.107726490542443,-1.44077606046753,-2.18304884122959,-2.102976257746,-0.923586522226042
0.316754171803038,1.37803489703218,-1.52872979440148,-1.50404303658231,-0.459855652479836,-0.235352135355793,-1.63703399778809,0.513812290838106,-0.596979783522457,-3.59888321214911
-0.813626795202858,0.25082241616496,-0.570867111080888,1.01120863530603,-1.05782609219258,1.20042368075591,1.12294746321132,1.082155794683,2.39188579342438,-0.843422139915597
-0.219951496195375,-1.95338452896387,-1.27474889955177,-1.78758040177626,-0.312035191046764,-0.00318617135612796,2.17565708020111,0.711483505038762,1.5057102668908,-0.789919966714495
-0.0216712256218666,0.533762793102576,-0.631282877800286,1.46672804801965,0.583914313134402,-0.382512672964128,-1.52008979256748,2.4434366202673,-0.63104450989579,-0.707192024574485
0.982180968347214,-3.13464370564023,1.52689525144271,-0.702882105137501,1.02771863283008,-0.169146643391004,0.188577574206376,-2.18155794031994,-3.1876449915936,3.7320578369601
0.408302932115423,-0.48775019346204,0.657094196697703,-0.824277710972017,0.0806166352494074,-0.170503369834748,1.03931240996831,-2.10704103765175,0.279457088338793,1.2209289228554
0.243570044935364,0.756028069183559,-0.126390975937884,-0.424727333374859,0.168706377939202,-0.282072956811984,-0.630075884436383,-0.352587057593324,-0.0681979742021876,-0.803001036585101
0.380289967396008,0.194190958289818,0.201981373929231,-1.51614370940834,0.48992737787538,-0.484369534860318,-0.709995693315834,-0.374278090623571,-1.54475060336243,0.294349386072655
-1.11728867500173,-1.08235956277209,0.381092610277793,-0.940920363692438,1.33780183827887,-0.618870713449521,1.30684591072629,-1.6298424824618,-0.485121130607274,0.210208672125311
0.136518108677191,0.954883063916357,-2.16579194279045,1.74389372812868,-0.560295819217171,0.382053606288827,-0.423538992336105,1.93877357509785,0.559391741563684,-2.54818325694675
0.436393080635247,0.546831988849134,-1.44246736086053,-0.749139373466795,-0.182390400861297,-0.824654538955489,-0.338530908566854,1.78492153975264,0.234946952112258,-1.25191598980551
0.182580958572821,-1.75425258334374,0.080936947120558,-1.48395234246786,-1.27465151584202,2.23247600665231,0.796926849780291,1.5922890836377,-0.389416823038102,0.329576363292223
-0.34270700858027,1.02042828128139,-0.711561470353286,0.759042471926299,-1.72943256746373,1.14989516352401,-0.98001189363604,1.11563566904673,0.781204084050795,0.214908409784167
-0.313371216220336,-0.508192611610582,1.09086324371931,-2.14972110401212,1.45264406045276,-1.93276860947005,-0.0684003506490124,-1.12069497602945,-1.71170789315638,-0.0204804973461257
-0.101774541807099,-0.69330406576745,-0.534132463601022,0.380796125084792,0.554817405218433,0.160530513634793,-0.622547588945786,-0.838854237877568,-2.69639355997246,-0.896876488398076
-1.09801804742372,1.34900455957222,-0.805562463534048,-0.827007809330175,0.238672356100793,0.437009676775494,0.578264065831816,1.07411166397127,1.08824505728733,-0.10993475724708
-1.15567499675466,-0.714646015979967,-0.593275806151177,1.51332458643846,-1.75138894788302,1.28406526678443,0.379031353066199,1.6890897932437,1.38586687616781,-2.69350862166307
-0.22114170308261,0.106614826844781,1.21639187713467,0.498835465333875,0.894532038299025,0.342231279148503,-0.392908440703794,-1.00138096659961,-1.75123419300456,0.821060727037029
0.73173239927558,2.03185922853398,-2.45359056224816,0.535953712091943,-1.92638503462348,0.288886403934321,-1.49050227896808,1.50817089418683,1.61260481623667,-4.02593070121594
-0.560423500722342,-2.10892428730179,-0.828932136002039,-2.2790215716237,0.593444784991178,-1.11374638086954,1.37097843148152,-0.603531921950062,-0.324611681070348,-0.924530436873125
0.0831771516497717,-1.02192336872435,-1.29512679977756,0.326512434853728,-0.173021729973467,0.351385908400697,0.401481661996662,1.214290283481,-0.556247424098953,0.941737828124795
0.340728531604957,-0.563012718886027,-0.198119459384761,0.52202431079685,-1.10021569800479,1.11438719414008,-0.391724430354088,-0.119949205185569,-0.254692360051877,-0.1291318401321
-0.0574103666686593,1.64829448515244,-1.06800015275283,0.939148725522406,-0.744800824476486,-1.02395256488135,-1.4172426470512,1.63334729572073,0.446865709537224,-2.7441037916559
1.11158206441816,-1.14753112471374,0.308502969031633,0.0141859732530035,0.316211305249872,-0.159121581134463,-0.357519152031043,-0.929207585072864,-1.2143805589134,1.39793495214024
0.434514650311072,-0.518810871294602,-1.22797299734565,1.00230736164662,-0.268377906745697,0.719117343599572,0.496045495018928,0.443466755149253,-0.102887034281372,-0.426180090291947
-0.247680395389811,-1.24233739786697,1.8261443676741,1.13556282531925,2.81898713018644,-2.04256025205007,0.611777511561108,-3.07368177021,-1.90803700718163,1.27109010538541
0.0276107536900687,-0.433205788411199,-0.564857914917468,-1.3973629840796,0.145179468951986,-0.897852296995018,0.338658810733451,-1.07015445919902,-0.839725319375725,0.570122555127801
1.11438677616651,0.567976953916621,-0.275181188146321,-0.566383183531668,0.200763837377411,-1.29248648294203,-2.03498845641483,-0.161819153113145,-1.62029021552085,-1.92142220853601
-1.0265676912318,0.319820033851696,0.0484715370727008,0.538519284938039,-1.14291062366555,1.09006281212586,0.741598177080302,-0.649980459904878,2.79617369970463,1.35445444538978
0.0621949460266904,1.20727685267499,-1.39922286223599,1.29501695278003,-0.228949275606047,0.381827764146907,-0.361378942888814,1.53874299333036,1.02058798015052,-3.4354332821178
-0.554765254456068,1.28719119124542,-0.0838676210046002,0.170250197810621,-0.16321795062123,-1.33453873757787,0.2901553574099,0.0284329866537593,0.997380548798066,-0.609917342210623
-0.541262272004255,-0.00161861896210506,1.73130511804708,0.578315416832298,0.488402521526355,0.0575774076711762,0.305940873776114,-0.979125629644479,-0.766427134364514,2.69559804270058
-0.467051901143636,0.155867935714777,1.82753195664225,-0.462164807085978,2.70189600223206,-1.51189279066302,0.0344218791359681,-1.56489856128607,-0.519792088022671,1.37161676549675
0.17842358483353,1.19416386441158,0.33199018192775,0.889358365930774,-0.11469227646733,1.6716616902539,-0.586273932006231,-0.566527313004848,1.3999234973155,-0.617105584714649
-0.999483631125324,-0.543663078171494,-0.139175500955004,0.846845451084967,0.285261051692984,-0.0392678966010488,0.278549918295937,0.0775437342318867,-1.31922862030187,0.229641944565758
-0.233731288060843,1.19343205554582,0.615441858766843,0.457524707908487,0.179269750081834,-1.60500334896954,-0.278856299256926,-1.24049930884342,0.264647945704406,0.736748759369872
-1.33429126303709,0.152132478408772,-0.877611998808933,-1.04341699008184,0.289495552675271,-0.184924596532256,-0.0220662621817701,1.75234205163435,-0.446998786279393,0.283871126964974
-0.0431300522333899,1.42186082543371,-0.0504564911918244,-0.32158178093532,0.901976466675633,-1.31455561629247,-0.0201520305140398,0.568624229415808,0.349746352435952,-1.22240187198108
0.937333363384712,0.138433833393988,1.17425303651734,1.00403420797889,0.223573607167237,0.69457195596961,-0.868831099531314,-0.613168492406364,-0.648012041846387,1.91706419288511
0.765239539186757,-0.791390411959004,-0.0987806999545039,-0.0844386543896479,-0.000339341659540457,-0.742818599917231,-0.418110431756502,-0.865625129441065,-0.933704759523558,-0.327752594272819
0.809640926472432,-0.687455426106176,0.463258562934875,1.99846374621875,-0.259193306139887,-0.478498439866967,0.370054415879108,-1.10484331981258,1.14668717379618,-0.918558682053463
1.54654135617479,0.348974786799483,-1.4147179595508,-0.111708149629967,-1.20979242295299,1.04228156788116,-1.89799258463585,1.81355984875506,-0.853555585843575,-1.35781964111264
-0.429599874853142,0.729511329052366,0.861916295723258,-0.602931220766805,1.37988981960354,0.0281168317294622,-0.698554963285522,0.93373985900355,-1.36906188602403,0.590181931150051
1.03089784098956,1.48403507051349,-0.267165650121868,-0.113897806876786,-1.02254512001766,0.64022988843113,-0.207420529559213,-0.32311319353991,1.38585711009877,-0.28827634817877
-0.613856954965114,0.685863088044062,-0.0290365172880967,0.332065106982438,0.397920256616912,-0.859577528508961,-1.31207940092615,2.5803204167493,0.757239334559422,-1.02598956636772
-1.88791335614832,0.467572790426742,1.65826400543973,-0.857578999583858,0.451344118403065,-0.632288947791048,0.476297573848453,-1.38461958911837,1.09355376481402,1.22002603274161
-0.162511840035719,0.378014175566222,0.0798308542796759,-0.963755748710855,0.0340008274676383,0.198200646218207,-0.269838140368125,0.958185012317681,-0.140061211767731,-1.29619062103102
-0.796732972335058,0.145119153596484,0.347988790485716,0.313660558669234,0.517540608809355,-0.553132883373316,0.734499984553284,0.553413478319623,1.52843976578934,-0.431582134312676
1.21805197706207,-0.17148603704034,-0.998890344883962,0.730113024002134,-1.36852779450223,0.728673162514445,-1.22427512035807,1.63172643526944,0.673364360820312,0.449719369735149
0.702467531476773,1.85593877540873,-2.59067578941341,-0.201100772613488,-1.74363596881488,1.1413592390006,-2.24800511834229,2.81923448975185,0.804236545374632,-5.20958967336883
0.264897214101567,0.0801757372110611,-1.0777036530793,0.14802249447027,-0.646334008744038,0.728899962896853,0.344800630182712,-0.012367204063007,-0.331209923976875,-0.278991655561663
-0.369552961088622,1.03996535369001,-0.056241373445643,0.674331261597894,-0.891464490664656,0.633658742119259,-0.518506868505358,0.698907541874808,0.88185856746504,-0.960042310426716
0.124484991062347,1.58134626039121,-0.928635427862674,-0.956455393888956,0.0560577592297939,0.0548417126946769,1.21798381763066,-0.167423751162767,2.27972811325975,-1.22184352976857
0.242228103337548,-0.677006317302102,-0.0920502694534356,1.38346863736701,-0.723878066640948,0.449238128511834,-0.516271376234614,0.865290084212943,-0.189185506968156,-0.275629940421712
-0.449332741564549,-0.82329732272257,0.029500062806212,-0.593433640361959,0.248456613025526,0.242768227146014,-0.219510874335808,1.2473289840757,-0.522923919565719,-0.0291680487395458
0.554823030606621,-0.575552452873579,-0.608230859974303,-1.26231244155037,0.566566529481371,-0.68118872589617,-0.753347559027989,0.422076527633881,-1.99933229958749,-1.86268388496228
0.878841505113942,-1.92085998646584,-0.114882748960506,0.154168807944719,-0.823595536858321,0.692298843980899,0.535227689398009,0.987421807618595,1.11617607934916,-1.02931002761339
-0.337896458042021,-0.590885111657669,-0.0760586955922173,-0.384398925225838,-0.14978766115629,0.303298655852671,-0.635061374598163,1.81571630811157,0.740196207005497,0.16200918285649
-0.0306852485102889,0.734440245760227,-0.100580889206714,-1.23242932605183,-0.169180082573628,1.14615944344011,-0.370646335153098,-0.892268548868417,0.84595477193341,-1.09662479933855
0.21385464780294,0.683011068904183,0.18120281816131,-0.135425686916208,0.597310244654266,-0.512979518887627,-0.756661657022889,0.0853287854090317,0.0155068932853413,0.937089048572843
-0.520297719417948,0.434128551677755,-0.237844871728766,-1.6713801276491,0.897106807358794,-1.47565167420308,0.357044653008998,0.882425130570481,-1.0313015337282,-0.576189134247363
-0.134334066591915,-0.265543206483715,-1.22897237598333,1.29758800158373,-1.39771102048511,0.457154117657949,-0.383911211782986,0.88549196950234,-0.996077779191702,-0.576334472659612
0.664382843649686,-0.56177949700063,-0.980364802845916,0.0346399003507232,-0.493070934840121,0.956910522837917,0.225821978198848,-0.266105515586511,-0.835319675876602,-1.185804486568
0.376644312045746,0.0251680691982331,0.659919521162167,0.477068816939307,0.976453905943993,-1.77368447141694,-1.01449067687763,0.119716280990087,0.0753302392785855,-0.128875727217064
0.118189867837314,-0.222593262433613,-1.17527721758748,0.131229625134788,-0.946388133139349,0.187526446720342,0.241871544040804,0.320723258369116,0.48346579894669,-0.620590934018305
-1.95624086794931,-0.402966806024481,-1.06236072984462,-1.03481244230585,-0.442751390131402,-1.21896406477527,1.70669273878828,-0.160846194982492,2.49299159841927,0.638949945920356
0.203207571186552,-0.147677129548516,-0.315167935456944,0.405339195534756,0.0243149657172315,-0.0190937582329076,-0.636281806221162,1.30061859374407,-0.276093996985981,0.0939737819182064
0.0166233764627068,-0.566727616467905,-0.0531883121877957,0.202405985393422,-1.29673076858669,1.18851480311983,0.664109960515598,-1.07076286316478,0.836012651448022,-0.637177611032526
-0.688868462025419,0.0706264263220505,0.701828612145469,1.18683749286018,0.54411436819917,-1.81750542779667,-0.059511499041004,1.65834483618862,0.455686117899799,1.76300541847764
0.146797494450704,-0.76292371200982,-0.280493194423998,-1.51982616172416,-1.24679801035988,1.4243902716179,0.425245107718283,-0.494694694487431,0.514488715828458,0.543949939698762
-0.562903165056248,-0.200218927898293,0.78213804365659,-0.974319052605946,1.52663478279611,-1.07230768570073,0.0768543155305413,0.271856460314815,-1.97540138486086,0.331900930747645
1.05634417561305,-2.15122381452874,0.114744514007163,0.283903732837203,-1.36931026063737,0.198734240031433,1.28987035864999,-2.01476393352955,-1.14864941280878,2.01305331322831
-0.259486118857899,2.5611449350225,-1.71695540233518,-0.589945772657908,-0.821884038131567,1.61335028786152,-0.226934213531021,1.61449429073315,2.79387791034722,-2.69745930051645
-0.568431178235496,-2.3011982104978,-0.304260195830013,0.201671054915108,0.493177251606847,-1.08422422117057,2.38187377416546,-1.23836436013416,-0.398644621792077,-0.0451824316919659
0.29767879860155,-1.8212088215535,-1.1632751963041,0.288625154958427,-1.09002159875018,0.276036957365605,0.816331826196274,0.939859605302846,-0.37813250251221,0.915239256607213
-0.904808126191669,0.302021010307733,-0.565672838341198,-1.8010089362542,-0.515385851773139,1.49863811707858,0.675877130641598,0.418125128870952,1.99887600157354,-1.60011273946918
1.06743373291682,0.0663889182523834,-0.99524290710308,-1.11274328012185,-0.0728976400451988,0.43666948644889,-0.835393431928693,1.170561262129,-0.423328489774203,-2.51417306293407
-0.773271157845045,-1.54033418438232,-0.202319344940727,-0.67811200348454,-0.368523064907958,0.767582569485204,1.48211040616478,0.0543949020139328,0.447077278793907,1.05953164792713
1.01371349497746,-0.868487463075472,-2.15836334115883,-0.773146412416496,-0.857890219656266,0.546850296435496,0.51797313019448,1.71595728845926,1.03903273167815,-1.52602359487988
0.00351212395450654,2.81360181937805,0.549072881090719,0.0529370609890501,0.443226474659349,0.889908833846285,-1.97179733619184,0.79019091458894,0.597653483919315,1.83429366665973
0.519419592649921,-0.335891177608617,-1.00479697548234,-0.526600055511171,-0.829368054324299,-0.0091043402091054,-0.962835224524326,0.115666746237821,-0.467314951275198,-0.737750476869703
-0.401226642600817,-0.164234040391577,1.66815683145134,-0.144218240422747,0.719327487347299,-1.3307421507788,0.235188103121299,-0.353084565752325,-0.885457010071516,1.88725478065973
0.375248033405532,-1.13251463612708,-1.61409760525309,-0.474375915756365,-1.85985010018278,2.4921114084906,0.889080216740452,0.95288902139195,-0.0418124872653143,-1.10161773194606
-0.345443547622501,-1.20603401670999,1.16106577510529,-0.569071120875579,0.79308973533191,-0.629887859205435,-0.440326331323471,0.698337679889112,-0.399206605469146,1.96922899363248
-0.407529793268361,-0.00438646010731576,0.574145852867043,-0.674709787218904,0.411492109033844,-0.220358750895741,0.263723621638935,-0.0462151671286688,-0.495269189047043,1.11738519281037
0.195877967219229,-1.58263630657349,-0.271393230624714,-0.519702877338143,-0.720912299824754,0.942024687103939,-0.385300308246993,-0.0643848312351043,-1.97609433353221,-1.26335410788358
-0.160646107493127,0.483353990668325,1.57655356359269,1.94444283531437,0.720682589208378,-0.218167644677764,1.44109836341041,-1.8706876014673,1.45015881223461,2.89006551020014
0.645852501973181,0.275351605781231,-0.195303965797203,-2.45497308007298,-0.293249312635107,-0.350080783866225,-0.825148060061255,1.33341515416222,0.455093956380113,-1.26012762782109
-0.0204603707065669,-0.9028325449238,1.79898246462076,0.0282095580612461,1.86893956893112,-1.16885641314347,0.0765104743483635,-1.19289758576698,-1.54963995884399,0.599457307117053
-0.0919384803682809,1.83538796562568,0.758033562240061,0.150207991052521,0.45442709665334,-1.12121417114538,-2.58251806769914,1.91587793034914,-1.37321044224491,0.777869811577552
-0.261599852176245,-3.62850695664137,-0.101498335150173,-0.915229909178377,-0.0744460066273329,0.221845119691379,2.51663469397591,-2.47236085900563,-1.09144733858701,1.91780014473479
0.068440475949184,2.01913413257951,0.0318798660498673,-0.294528141326867,-0.414049516275875,1.43162442726854,-1.08239796918167,1.16653343985022,-0.0472884246385143,-0.211756182165226
0.113585763868391,-0.0790541021474948,0.446286793636304,-0.121378648317438,1.69410264838619,-0.0746336261895999,-0.121500767401452,-0.513084266681268,-1.17729446682254,0.764558735346856
0.112270845235271,-0.529231052339276,-0.437921254778304,1.70853298129377,-0.357828719832122,0.0740112598842348,-0.6036578824727,0.952333271362968,-1.3728908840054,-0.229665597591955
0.973506304027973,1.45229884755673,0.673937319690242,-0.628524770406547,0.499002205893121,-0.0911640021856318,-1.03300996463776,-0.0153191713036924,0.438900845605629,2.14539817917622
-1.95031592516244,-0.77912053417782,-0.544924728814269,0.0360113906474032,-0.139844890782988,0.772181113996556,2.00519162679168,0.25651791869476,0.334036240674009,-0.305498377139423
-1.16062673983722,1.73344323600528,1.22034649214524,-1.43456726600403,-0.262727296524449,-0.95761928082279,0.193892429283915,0.314246623065324,2.28156981323308,0.834138123648898
-0.023905669538203,-0.659544123344509,-2.45231854832352,1.29652554199168,0.154993745658713,0.253387430458794,0.0223009308292788,0.76508865541566,-1.57164564299665,-1.29488814530738
-0.231693040524911,-1.49646950786571,-0.952448161544895,-0.99379143016836,-1.46740737095965,2.08449483962667,0.829080736167043,0.276220984125754,-0.316965612985914,-0.254212951993805
-0.0565219293251968,-0.633417379157596,0.225296472007176,0.981482697154443,1.2959004042868,-1.2905754134637,-0.229560325125319,0.330770581826023,-2.15834773981679,-0.590223214703948
-1.14461653124861,0.270537002371936,0.198470210677552,0.566500452810364,-0.33729477149542,1.3180417491213,0.277329896779324,-0.678299365287913,1.134024371666,-0.737772946659377
0.404785708114083,-0.640656048629036,0.286574063103186,1.5569214069079,-0.295198666239665,1.40598756264077,-0.169833372131147,-0.676462474289378,0.255167772301111,0.213877964456458
-0.489399481751076,-0.722285505156828,-0.96743545082662,-0.0810762078613962,-0.675397729299708,-0.0968498511704361,1.70873297017399,0.315412690320651,-0.017605273024722,1.0630939962732
-0.767718946713742,0.293321565616955,0.299046698983568,0.985272368934277,1.40292342157437,-0.266537683499282,0.387186756470812,0.192184035949988,-0.949430305429369,-0.0211332334223421
0.141950098374942,0.225815447209592,0.255038523587558,-1.07838693879265,1.16466701811275,-0.243367468654966,-1.58194351275822,-0.316373501046709,-1.500580290191,0.406102752757554
-0.0519843566402457,0.191056975334006,1.21805908488709,-0.161723057869921,1.54810260237282,-0.782559919241958,0.153082901737009,-1.38526890786824,-1.69815577839267,1.25623723407462
-0.00983955150241889,1.53093471350211,-0.897498232441356,-0.373995584221138,-1.57843452695735,1.49691595088232,-1.24102263805515,0.497512300764854,0.620171519016915,-3.72632880187959
-0.447991301928823,-0.715353500849603,-0.301162804871777,-0.642673991709373,-0.110427272095567,-0.692602148002244,1.98834461228646,-1.32677508175099,1.357801318206,0.930591642181088
-0.0167157077302301,0.611050860363644,0.0769982537376225,0.0964929326490434,0.555581875770537,0.216686007158929,-0.0947765099420551,-0.0602650309214698,-1.16446322895876,2.89002447722951
-0.347014349328631,0.269684618186541,0.0840730654753234,-0.392515502924962,0.885438410759529,-1.18325463675359,-0.68230757952027,0.988293500011456,-1.25740506228448,-0.333972533274412
-0.715448908817065,1.98908206085869,0.806584520019696,-1.45761128175989,-1.16918600401163,-0.151522087488112,-1.32360559711862,1.97716334574862,1.23353584736438,-0.647946490715776
-0.880754293352412,0.796795714220957,1.05276118966773,-2.99371628668993,1.28000405952707,-0.440457559382949,1.06705148410711,-0.905417558980598,0.781919170707305,-1.87790208328026
0.13118493101766,0.72982025804636,0.529411601694413,-0.821536603720928,1.68750875699093,-1.51701259121957,-0.680784089526231,0.218723107659267,-1.70089528023571,0.085360835885675
0.795759100127605,-0.578003715332497,0.769629038692801,0.972170078776004,-0.389670817594822,0.91443631788,0.276648088055156,-1.81263073642045,1.23864536852121,1.73103523752208
-0.49695933881743,0.354748269830904,0.590727707427961,-0.384699099871158,0.385480532219506,-0.0251744145664334,0.688498251789787,-0.964968850025344,0.272158617714554,1.25228992898517
-0.909191663055891,0.819249981038852,1.6499245764615,0.339616294523696,1.03396165860132,-0.224358289813537,0.0293946932076595,-0.64320950831183,0.756343001678644,1.23896279409835
-0.0913862988059677,0.606139488824019,0.0162758789139172,-1.49532123644264,0.0358562984195579,0.366709214928271,-0.464701767676306,0.0595484515819428,0.609734759169829,-0.526954386522567
-1.7252803813472,-0.1311989714478,0.15968733692621,0.357774300424068,-0.578168273061106,0.252862246768893,1.56204608792291,-0.282421229134513,0.889781417348113,2.23795634660689
0.169327594834064,-0.869035289418555,0.926722911593453,-0.300651132618758,0.442843244248412,-1.3554952415408,-0.162042888791167,-1.45398191579956,-1.2029783625606,3.20861178430147
0.991725155195843,-1.37762550730068,0.675678355928523,1.11343663390877,0.863904286008654,-0.747574633432931,0.0791857351974212,-1.6357854260893,-2.20916088666789,2.08872771720671
0.734033797682391,-0.227379515690638,-1.04631848579073,-0.652080570571515,-0.560018264916838,1.72504523822959,0.798138964613325,-0.939969769074126,0.464439346093027,-1.79364229765199
-1.77890929008169,-1.74624063958824,-1.15597240909906,-0.208174230208415,-1.64349116725631,1.25197200639077,2.89111327325356,1.17102952889891,0.655578387776412,-0.419596548743278
-0.41127693368533,-0.77053977497373,0.203703182036169,2.64885745627302,-0.345982970674096,0.80197050924183,1.37490343076981,-1.26295907699322,0.267775252197494,-0.579040513913833
0.215137746059399,0.410074780689299,0.341312438504727,-0.25053807952253,-0.585024236840348,1.38092427122637,-0.736686986333057,-0.679169764756159,0.909804635386966,-0.804352770948004
0.2241504118883,-2.74730301519225,-1.29528226367174,-0.333305735416597,-1.63225749152589,0.730276256799646,2.22352559243189,-0.426449129813548,0.964030676378444,1.91248342726058
0.244123621556395,-0.716828030175738,0.740137673549625,0.32693035327525,0.637095101698664,-1.49735018603261,-0.478125618590725,-1.73791335851614,-0.921299944357376,0.0733828851942378
0.302993500428221,-0.299142843806037,1.16194193440366,-0.0184795311105786,-0.644720557214127,-0.871785133964812,0.709030471031316,-2.73833521537629,1.24942137930815,1.59579465375294
0.791399994895412,-0.467662379151656,-0.297789612024025,-0.541924702746597,-1.1683104498866,1.48675552899469,0.190853661802197,-1.56489144023075,-0.670619008300175,-1.22561118003352
0.0217760509681157,2.51260509413863,-0.968366266722224,0.51751399831088,-1.76297170648241,1.21995980214731,0.338373086162456,2.47728912089778,3.85612531553686,-2.7696736982107
0.950878401685867,1.9137019242168,0.677068924629661,-0.864817823502852,-0.732095636153969,-0.132591948611477,-2.16810721271187,0.845834383467755,-0.34731454354156,1.17686347215358
-0.0127157068269109,-0.543937985846793,-0.283052290695538,-1.53231931007735,0.0744910149419785,0.475683429487152,0.781733504077279,-0.392508776186817,-0.00484465817781156,0.533369338650354
-1.00079724464839,1.10395227796975,0.203747866403177,-0.064128462249284,-0.0718423306331774,-0.316753009578904,0.909442348636998,0.144421020152263,1.41345667084431,0.221056163692621
0.0213847362960785,0.711446726084409,-0.711506566663799,0.610141515454433,-0.728357577471305,0.680249340875821,-0.981022497240103,1.6052283907365,0.557725904362256,-1.56022555107972
-0.707421426742041,-0.701303623073862,-0.290789429943079,-0.515091063412792,-0.430227214690375,0.943873941350471,1.43422172404038,0.240182114823431,0.437424506034826,0.0488740109446205
-1.33324994334605,-0.728309269288249,-0.379658514930521,-1.02673308908364,0.730153517934948,0.0207249469769128,2.51580562505572,-0.370765696649097,0.0286971667891092,1.53949293725287
0.762880398658314,-1.59569126579387,0.863904753177913,-2.85118193510373,-0.242715124325648,0.601851185391617,1.06875056288873,-2.83928253903502,0.198730116089281,2.15630707704593
-1.23767280281971,1.72321238972592,0.117652455182277,2.01409324237921,0.073185676277802,-0.118679811835877,0.0939416374622488,0.111618834141466,1.40458561661377,0.154191165251509
-1.41028791784056,0.144910630774354,-2.58818939105772,-2.28127101259151,-0.60670985305186,0.475599971308692,0.98523658615805,2.93398117946954,0.824766036912937,-2.60552867260834
0.439991142076066,-1.93839502381268,-0.217540901614326,0.320920313720407,0.512665095246776,-0.249874064167565,0.86048374980541,-0.993922589432537,-0.893917993654548,2.09221936722384
-0.0180377168077469,-0.427480988697121,2.09727984879857,-2.14993624273463,1.66231268033197,-1.51338588212125,1.46691545070752,-2.64348507028428,-1.55526089010612,1.50159858215229
0.515118053038271,0.425672673214401,0.588842300757003,-1.03675952693376,0.209134974063521,0.277572176494357,-1.78757270180882,0.0890015279023581,-1.51584969001103,-0.650063992379292
-0.242073788329894,1.99746707806383,-2.35847070460955,-0.645756490905187,-0.839934986640284,-0.335135216444989,-1.56634638335162,2.34038914445201,0.754301365148538,-5.2570638238576
0.524935653701831,0.769886159021848,1.00616040690112,0.501486782358432,-1.40685552150848,1.71459693502809,-0.400263318568546,-0.788702361438259,1.16639172492071,-1.45233917831972
-0.840001030404552,0.376553387220009,0.344394710340211,0.41550338414325,-0.31187727947878,-0.934965799340843,0.300466535356261,1.35376269520835,0.917421025878715,0.224768017490414
-0.550356353855613,0.171801340873923,1.68199825772977,-1.11627047355917,1.70105084331475,-0.628826152925187,-0.166519185010954,-2.39591739696109,-1.47787909008821,0.982712361134063
0.91897337718521,2.66573164695215,0.603889792956519,0.608401237508673,-0.0843593047013048,-1.22326266610849,-2.5915084210619,0.185979894462028,-0.752618712271399,-3.30339062232207
0.941118186666207,-0.830103514120828,-0.0866691525383218,-0.015848344862357,-0.971423731974262,2.16327744755913,-0.546959672898941,-0.72530515341042,0.515550284263443,0.748427059155435
-0.511780060036233,-0.450253737622993,0.218611935445528,0.598485626259055,1.12925518615393,-1.67112273128173,0.546790711888421,1.05684453408737,0.0783378445281546,0.0466988248619453
0.522248833598361,0.723822098324339,-0.199819767140771,-0.763968048252015,-0.18814808933123,-1.2956668710139,-0.374201284969766,0.191211485578901,-1.28865758483434,-0.789536737515233
-0.582068332770345,-2.38819328803239,1.29456660562942,1.31051113806974,2.06627043871932,-0.198642074998749,2.93592222124859,-3.61706487122292,-1.21954320551883,2.72947600132277
0.379414190973413,0.956607589824791,1.72916651589726,0.160676748334341,1.1556688712951,-0.491294648660417,-0.325299026204963,-1.072728955988,0.607522609905519,0.80979681207205
-0.350432936225028,0.154576268800688,0.652446521481613,0.0205573020731369,-0.0706811575603549,0.495018012394766,0.101395127530346,-1.23817216811684,0.718677985689345,0.036945895279558
0.161915470034486,-2.05917442896492,-0.847634095572134,-1.57294813591736,0.987631899667293,-2.34906636395823,1.80996185373532,-0.918830382563008,-1.15845056924457,-0.535958869730687
0.73938867283841,-0.471130293762981,1.82496920751388,0.652195758374757,1.40104917528219,-2.09791384738134,1.34452159589163,-3.17024196181064,-0.513780424168603,1.88931545229776
-1.46857101123867,3.07209464414413,0.0294362189774633,0.546213016645646,-0.463098530539565,0.0899699848825651,-0.673911281578125,2.86629151118972,2.60419634839325,-2.26542021680199
0.674385205973631,-1.88880426518055,-0.0193527278895913,2.04669231545142,-0.505752608479891,0.361893068976042,0.608208024986479,-0.586368648085431,-1.88894477818256,0.838623648347557
0.657525390005623,-0.221331381715662,0.848427534325774,-0.416428741343607,1.23836278436675,-1.5070400752251,-0.475160516954379,-1.38945042867608,-1.00653032746755,-0.517352231918753
0.10992237240201,1.59868497275791,-0.967973292113783,0.367009865462167,0.249051644713269,-0.487300323070241,-1.24053702776889,1.14778596705374,-0.109506109728353,-1.39925398964345
-1.45862976891496,1.10597293582249,0.49656984267504,1.21774188970779,-0.49388269445769,0.507722272240476,-0.0659140884170529,1.24769523378367,1.42324541556792,1.11646360772045
-0.208478235206629,-1.33360783529723,-0.39169495353686,0.445552058731969,0.0434740651749977,-0.176084927391467,2.10653453037164,-1.86713569595399,0.799764504777356,-0.657204212773552
-0.0744919073086878,1.40020850639175,0.784234840933806,0.679464188623499,-0.230818018786546,0.479452182445717,-0.367534805972689,-1.07087724800102,2.27159573373528,0.833866029627326
-0.648052671968723,-0.0527289701898808,-1.15155853213712,-0.41608617179429,-1.26237772705417,0.33737604564584,1.58758418914321,-0.432932397433504,2.46003541369573,-1.05488839351487
-0.053000018623122,2.68044460596599,0.0294188316563491,-0.698762642863976,-0.730355586487582,2.96823927264073,-1.28528307031385,2.23726123869693,2.36945077075121,-0.641092136991724
-0.0398614625675225,1.43551478624975,-3.1186474631518,0.419205881296251,-2.40804940689514,2.18016500962098,-1.09458371184799,4.17718897993725,1.49967611755083,-2.46484314249026
-0.189260431956987,-0.507182166124664,-0.484553731479685,0.135111755216113,-0.594352543288294,0.452009952332194,0.67104372375004,-0.26257184635602,-0.873902922426915,-1.2429834697973
-0.585277340615931,0.365099417775543,-0.83600103151042,-0.865682286412748,-0.0834461965511496,1.34707193056948,0.489379546857642,0.711160310364134,0.996041517698835,0.187670676848871
-0.29108729569493,-0.925945122689109,-1.77115709046615,0.41172527450127,-1.69303415069774,0.764471520211033,-0.681098424561014,2.69488837680004,-0.535116038559498,-0.924341079787419
0.329512042276229,-0.465384736415534,-0.57651986320618,0.434190348093014,-0.874801463064145,0.309025127389353,-0.732025922070893,0.718419892127728,-0.263263938710892,0.317684572174936
0.644557113897887,1.05379628611387,0.0336349484627692,1.55774346884281,-0.874858323433803,0.947842009212348,-1.35365925194721,-0.406465151796079,0.425105811874049,0.061078036673274
0.249233641011158,1.60255275568252,-0.328817715469559,0.945257667193052,-1.32623656036603,0.420911463398005,-0.766146613122871,-0.331441560948752,-0.172019952286925,-0.926451620900712
0.290468315282666,0.560640175624495,-0.0573936766960914,-0.949970808280601,1.18673167421363,-0.358032702152728,0.114429229019047,0.176837120301952,-0.900239712075749,0.130087357798266
0.486395261881021,2.19556241540066,0.123118579457795,-0.30555473025653,0.0533908002837574,0.163320491604964,-2.82066611606115,2.7073293222641,-0.580976446681443,-2.64563859464569
-0.732525860498966,0.430269771948098,-0.615236921535008,-1.02775453170366,1.36003818028403,-1.73078953123414,1.35629873595702,0.165455974388482,0.493660257168272,-1.2006545089773
-1.09850706773717,0.499875498838434,1.39268954468382,-0.696946883082854,0.704216540325223,-0.660124521984845,0.942152285522706,-2.39391467976802,1.73272617607315,1.23818789194236
0.161991161861668,0.828705976120839,-0.541848622301485,1.59004622121638,-1.74922398318731,0.799582138873547,-0.0566996191061465,0.463461158829972,1.18616588778393,0.0735169822038351
-0.249391415400305,0.754125200674738,0.22411667487893,0.0548435626186725,0.246558057915463,0.218753346427418,-1.41967338717391,1.40263480447424,-1.98002224990858,-1.58803011231433
0.496663202143923,-2.0345023073712,-0.332205449259752,-0.421071482640556,-0.594814589969713,-0.643725312338314,0.950341171897526,-0.77487054186081,-0.695348863326594,0.610760612547017
0.0509384117356264,1.84801722361273,0.867175587461121,-2.05750598064614,1.13071326073917,-0.713434735954406,-1.35769988716057,1.08841663713184,-1.69782973544119,-0.253578505566693
1.0905192862813,1.94278430475264,-0.718175011801431,-0.236202026304484,-0.182443260144331,0.265374926357226,-1.99540452286895,1.10922847658269,0.141019284877533,-1.83642096045635
-0.660050730194341,-0.166613399099158,0.318808951855162,0.167589994635114,1.24672469170107,-1.71902113481633,-0.928605581091661,2.36493573129047,-0.985076565493181,1.73641976090537
0.0470553764669672,0.0681884465839988,2.25302109100052,1.18579199549563,1.2211862704594,-0.187058374656264,-0.796061459858115,-0.978533721476316,-0.70042501424734,1.12222022174445
-0.341065580155851,-1.15740599409192,0.72280613519454,0.488488520941753,-0.642722084952828,0.913973810989518,0.295718970329249,-1.04058591400008,0.214431948276745,2.51165551142746
0.74855918094886,-0.541618201907602,0.517887274876229,0.563190258551041,0.354598923728183,-0.439851427180329,-2.27514668151751,1.68077755367976,-3.72648794467936,0.689567262252519
-1.18168764788419,-0.447646225074147,1.35674219066241,-0.420168049210428,0.556704583032016,0.0163099793928302,1.06894821200122,-1.64236129826952,-0.128117949224869,2.18911036498029
0.27344024250373,-0.983923020268028,-1.36636838790295,0.822241868160184,-0.687998769968092,1.36873256024772,-0.983004677502054,1.00298582039333,-1.49982495922645,0.142672957574775
0.324820472672903,0.269888178447152,-0.290172125889954,0.0772867776527816,0.39569977952347,-0.240083424416133,-0.239471869584726,1.78560508419344,-1.21391669981978,0.361595701930621
0.543533892232581,-0.503837811613394,-0.392400739785285,-1.50256906084343,-0.972432282265439,2.24108026101473,0.134496705876262,0.473766244289063,2.25385014541079,-0.0951782916046908
0.948285620654343,-1.82485992086254,-1.70568152210313,-0.287695890897187,-1.23743533969169,0.267390012805691,-0.970954677567383,2.6006362739299,-1.58904761481534,-0.477449802521649
1.45452300940279,1.23387136970723,-0.144612890528013,0.882682415143123,-1.26045569654634,2.27083052769983,-2.57500809332793,2.2804702074342,-0.59416736934876,-0.18885015936739
0.674661432216921,1.4106905673753,-0.399173593776077,0.223506816770969,-0.784483037729266,1.01427386182097,-0.807731037305253,-0.102460645928719,1.04689217051397,0.532141778041215
-0.747044243865479,-4.14323105376464,-0.449757483223395,0.105874566739107,0.237252369105209,-0.539709943725759,1.86187958930402,0.156750021203168,-1.75939400869192,2.20269115924258
-0.275040859843521,0.570666489575434,0.151035654205462,0.490180072458067,-0.154449687700044,-0.9761965650816,-1.00992687078481,0.29836028601473,-0.359443161800395,-0.0354879218128727
-0.297689043417467,-0.902817845376855,0.47982331058067,0.189586385385504,0.321823134968616,0.237271179450433,0.221101577028867,0.111043829807141,-0.398271499410204,2.11563356584611
-0.492526009050399,0.351576925566056,-0.897566437316065,2.01793873877139,-0.415055334844435,0.159606025589435,0.730948032751699,-0.0148148766627614,-0.0137479958851112,-1.18642560942609
-0.334199889835007,-0.401055856486715,0.0419664992928426,-1.12802166237794,0.121415721235131,0.432235932278358,0.704122622014753,-1.35172565064556,1.53534051368039,-0.438367953685042
0.37015853710551,1.13190115385873,-1.18990381848946,2.63447998956197,-0.882507705289808,1.64820810467741,-1.48204945329908,1.18796884473309,-0.116041352458122,-2.01679632963553
-0.823957026853974,-0.879918472932794,1.17736222362016,-0.678959975571487,0.42991588531334,-1.40173846580622,0.00173222416749309,-1.10253120796583,-2.07562159713527,2.01090211733913
-0.692362930371808,2.63923562054189,0.391870630243433,-0.445708367103204,0.0516577810194413,-0.550609576468213,-0.360994435338646,1.12450021739143,2.34028734339645,-2.83740741985738
-0.59917973542406,0.337881109337773,-1.96049798431382,0.323905783130309,-0.8153272382629,0.47822052215935,0.543818809726811,1.51685343033953,0.601044358373673,-2.0285344238455
-0.386401137422314,-1.76359076005965,0.457966411731239,-0.886286846711128,1.2664545491176,-0.483407836194394,1.77926057256099,-1.47778050352146,-0.0329852908612766,3.37353654010299
-1.25375644870976,0.518981307590975,-2.11518408887316,-1.13278399128359,-0.117772113151804,-0.323945856330338,-0.302980154027437,1.95329609483981,-0.377237806728567,-3.36824716098579
-0.947965782970962,0.473839340085905,-1.07431389607148,-0.844434986053857,-1.25631286354694,0.104138748578007,1.05371670237778,0.845557366110067,1.2531151839573,0.190476690659792
-0.168468879153303,1.17375245353525,0.188764876616392,-0.344735575597816,-0.535320027576893,0.815654439862305,-1.23156655634434,0.760415918523994,1.5734204665051,-1.6700146788916
0.18925692975459,0.171353103624019,-0.0787759002497042,-0.492091473215595,0.82414417091504,-0.985397717781694,-0.705030984157511,-0.434804924621034,-0.6923131567617,0.406560221813439
0.280156237972126,0.316285080965518,-1.15727123428851,-0.401763748405401,-0.50721175069235,1.07520705928252,-0.261162356573869,-0.432778237543362,-0.435656763231881,-3.31036574765919
-0.89680304069496,2.69099240689554,-0.0182811322288811,-0.374975129075024,-0.393144268672442,0.0246146981837503,-1.71807180763957,2.94995928597503,0.302011880328147,-1.19181765572821
-0.407172812686239,0.00766484354165339,1.20786094956498,-0.927533365623289,1.4672164244248,-0.454024971307678,1.07108059879406,-0.702742966924638,0.089493288849208,-0.116244663946201
0.647135695840578,-0.470268452068618,-0.949454394391827,-1.55327853651331,-1.45563984558575,1.63410624689041,0.372023123245219,-0.664591551925091,0.614911608583315,-0.165021184403929
0.327347345743161,-0.69017499856626,0.124655180624047,0.218807022626625,0.961099111317687,-1.14870694091717,0.939990949083394,-0.480660933904815,-0.490003837683881,-0.773276099257274
-0.478467044984469,-0.296503863172086,0.378856041875951,-0.724388551580948,-0.404258909381896,-0.780226131279066,0.211672730354552,-0.842583107104437,1.20218976206587,-0.583962885801231
-0.355787088724318,0.811125547325648,0.169973593758572,0.345905266292404,-0.0201148613256265,1.14210755032441,0.0221141182744533,-0.898362278571549,-0.0156871617409844,0.0295208935382397
0.289289325965243,-0.698660003256889,-0.0636431069133761,-0.396867082890543,0.883648374548262,-0.0474926950685307,1.01382320403345,-0.945788355504707,-0.145582384279699,-0.0280214440030591
-0.537703430223794,0.446524875384308,-2.51346500659166,0.242453099804408,-1.49040473401165,1.93081978503856,0.45879219733826,1.12221176983391,2.07969176078944,-1.44705193912319
-0.753619669539959,-1.62363109411922,1.09403628264528,1.04837494298211,2.24448187791869,-2.56050386520034,0.373588449862727,-0.0141547433686426,-2.27226197793575,3.06576070544715
-0.47363584191588,-1.08101441507015,1.04745041883678,0.0927983423724953,-0.517327970752495,0.970023510244761,0.886786166668258,-0.749208037649262,0.359979357204458,1.53334479924691
-0.755386258893276,-0.409239218050275,1.00912190233162,0.0666667929330934,0.32718332584797,0.391989523873506,0.478454884785675,-1.22720343840958,-0.351199762367637,0.23840709697193
-0.00203138486700364,0.787830226249316,-1.44725956830938,0.0764888649828341,-1.59253936506723,1.49567698004293,-0.951787580718398,2.72060771168554,1.05861722027022,-2.36205976338707
0.374769433537417,-0.569937837219141,0.0169404367725082,0.44826398099078,-0.162348034568825,-0.44742949928049,-0.986025497520755,1.13282713295831,-0.816039006934655,0.0630136558859858
-0.420286901623955,1.26653186763087,0.276978155994967,-0.314825429443532,-0.699466399751882,0.76567812465409,-0.865413952702269,0.174245604705425,0.0879224518352413,0.886897973562756
1.38436768416112,1.05032366553838,-0.524356168335882,1.90850343868425,-0.482922892185896,2.12027232043476,-1.45087868968776,-0.0328731095540246,-0.469735328556232,-1.84227258069707
-0.383374366505478,-2.447422224099,-0.411366518447188,-0.38201398315287,-0.235526739167813,0.65938522991591,1.74978868993756,-1.47831919636314,0.0582366968911744,0.942765278816165
-1.00902431115371,-0.0563743782317782,-0.0403990488519991,-0.131337827092621,-0.489215557369602,0.777565780143009,0.593697526493571,1.12034633597104,-0.189880299074347,1.54656821194059
0.406378430257426,0.03936597562764,1.06470837128996,-0.708694356735985,1.31570391602618,-2.93921199224834,-1.11969080598217,-0.454530622997631,-1.98975168311597,1.24070249963254
0.172490057272926,1.30665657129354,0.952153236725584,0.0818124921300443,1.49924287230865,-1.9258835754091,-1.5494843627477,1.23772958474034,-0.660480529742922,1.53323675181875
0.481578092197067,-1.42637566720902,-0.270091985094734,0.531268967123529,0.2840198766345,-0.172952284363416,-0.596816418767632,0.338535754793222,-1.94851622960371,-2.7003584179567
1.82470088568115,-1.59551810823062,-0.554768173812517,-0.598925957582032,-0.396538569403827,0.781115244877725,0.268652100904547,-0.754192504184867,-1.62578970876626,0.704549501957038
-0.628749363487712,-0.0864443991310386,-1.59815718558902,-0.0607854464049077,0.259812751664559,-0.0662326385890655,-0.0866733108846005,0.777643021579265,0.206671759380949,-1.10550485918753
-0.743716539751708,-0.764924060324274,0.26252151739076,0.819935736995977,0.232747718011459,-0.0730495819996619,1.21464856996679,0.0056383720038488,-0.25863232185279,1.9541953585472
0.478969696598483,-0.633330103140699,0.44137159425716,0.201592223560692,1.25492458506926,-1.55125590514939,0.631656680184319,-0.515493089943866,-0.484488692247323,0.920686698928585
1.14285310449999,-0.660930104521429,-1.81757031039741,-1.05049811574685,-1.56883547330131,0.809063813808759,-0.0510928329977947,0.198278929650143,0.664700682529164,-4.78088831166319
-0.467854099141843,-0.588033620209767,1.1343905034363,0.352998777704707,0.466590311931002,-0.563520431451956,0.312352584988631,-0.818228329044247,0.156827251970414,1.61369387849379
0.218567477601026,0.0700864967431983,-0.449060808688665,0.86761450616614,-0.39481954185907,-0.714585311728274,-0.553279183108718,0.206048113827293,0.180509143561982,0.024242112697216
1.04122650888649,-1.86910678724521,-0.545740212475095,0.0905192814391966,0.815641194375844,-0.310000339176401,0.911441819994493,-2.01280163507557,-1.74825472147546,1.12699517817419
0.254548193229497,-0.658100287778499,0.227978702971989,2.36152867186193,-0.711714892022605,0.854746014320931,0.150168900774632,-0.183907578447667,-0.387792955286233,0.422842009518185
0.333591961145817,-1.36024529010448,0.406871450916951,-1.81534213411437,0.440800812670613,-1.17058951834227,0.682451668269882,-2.33416220832068,-1.21428489373503,1.39198903347453
-0.332301697068513,-1.7937884453168,-0.180389091568528,0.526217806781878,0.113932068646159,-0.781659782484171,0.25540205192702,0.847344084482051,-0.746578808195496,0.0538777393390496
-0.29818762236659,1.41137521345087,1.68914238506601,1.3617039131818,3.26322700098195,-3.03094250113685,-1.21097422656116,-0.0838389310546308,-1.61111831113647,2.64540560527623
0.633329825973828,1.08120383325292,-0.26729653303065,-0.0361481991965625,-0.107197045251393,-0.351124149707473,-1.48538160640256,0.429129708449958,-0.885329307262049,-2.02056220858736
-0.00765054024977042,1.28299645588509,-0.945667542473099,0.732726872227745,-1.15334333181493,0.439773865030123,-0.611415979649084,0.455144393964891,0.140527492267398,0.207821076788857
-0.595949924792429,1.70277695138923,0.64480918460108,0.660948692991457,0.757436886159444,-1.27061904693869,0.17033174913562,-1.36209875961648,3.17407255909021,0.0592968502615884
0.851725420176752,-0.276912881762384,-1.79990202093877,-0.0534748929072075,-1.5200933827757,1.13963238506245,0.0809832962016951,-0.421445933257971,1.50989708059617,-0.280542828024056
-0.59919060476314,-0.485668116622094,1.84496335314076,0.753166925529513,1.24692161088035,-1.00810509863814,0.204913528201382,-2.18683596998338,-0.427165322003257,1.69425140035625
0.22011858571385,1.29892271234286,-0.56713491432525,0.321574113201917,0.310985301065975,0.475542865643376,-0.964353653042234,1.69710491412054,0.72422009536547,-1.57906348696612
1.48530595487498,0.408155637664725,0.580825851257028,0.682635567408814,1.08198728237016,0.247232244544954,-1.49443181585753,-0.145689700974102,-0.825331189099763,-0.395584331367095
0.295558305916267,1.03658963853698,-0.0145516484003137,-0.986975748435879,0.23773261010333,0.45353490530413,-0.858109628564329,1.35753569869204,0.863281697954421,-0.623777446598564
-0.629094672786078,-1.47413518636464,-0.49818821392022,-0.110755462227895,-0.75045082503007,1.52177726833337,1.21142357530343,-0.117137441673883,-0.492678096523909,0.555562547829337
-1.26654746381961,-1.51180041738702,-2.21084618604147,-1.21062931123716,-0.806627316282785,0.927157536328479,1.57644570505678,2.97752532889574,0.50746142320982,-0.598969031306524
-0.672953573327368,-0.0167603465224409,-0.481097196806315,-1.07248651690044,-0.0915895631968685,-0.363966804539406,1.08370192810873,-0.0717481706338582,1.0999234998956,0.50860060724224
-0.432357691782713,-1.77188929704971,-0.523111076022688,0.405297362823284,-1.20244634819435,0.402707213979984,0.806537138417968,0.870897487096268,0.209620833682962,1.03511641504159
-0.20389117701807,-1.96887920884988,0.895211292696872,1.23798334637981,0.180071686148423,-0.923220771935706,1.9799625525716,-3.05418034207593,-0.739270139330606,2.35636541833247
-0.140581056696604,-1.03629196557568,-1.1541323005431,3.40505324893568,-0.796702515585688,1.66004953855285,0.110819971848354,1.69314382614731,-0.0971875137504942,-1.88058342116662
0.327421358827844,-0.548003605758305,0.897274634183356,-0.911348334500191,-0.246564601112646,0.48270881252938,0.102322563057657,-0.0197288490363419,0.333726912942436,-0.111091249207287
-0.023307866011743,0.203230659732855,1.02056176565456,-0.34190275159212,1.01819760948127,-1.4028797944971,1.17513808053601,-2.32713648522679,0.0819146495231935,1.75078176109929
-1.32331203415326,0.627312984604197,-0.120306359676366,-1.52724344935677,-0.709828536497035,0.742067181049188,1.00395404261046,-0.202226112929106,1.21451959087078,-0.455773888573414
-0.161847923698041,-1.15889349289448,-0.294687630117971,-0.933354253329218,0.320566049009244,-1.18682433369508,0.111868512478,0.550647322690737,-1.22583759175153,1.71387013591681
0.364246723439338,0.228440190943412,0.030052495252424,-0.61009459231101,-0.347414288229993,0.276762473405703,-0.337123539273151,0.371290451632097,-0.39997273915929,1.73190362757299
-0.590707307514302,-1.59172694454598,1.89244515825989,-1.71790930932238,1.04064361566842,-1.0562858322665,1.90991102576791,-2.0505219444798,-0.153168915912009,3.85853269432032
2.03012088168611,-1.72028241681653,-0.856672426560245,1.00395745774213,-0.0674123096381226,-1.13257523842971,-0.754971496942161,0.0129958165006044,-1.62703841482901,-2.35899337840328
-0.318951116157901,0.900837600130102,-0.276954224210479,-0.0326106707289321,0.189646461995167,-0.372864478912939,-0.285039898249412,0.738296820152793,0.465723428328241,-0.811891583214507
-0.219622306418539,-0.948366181328483,2.33352392525009,1.06108345806467,2.38466115432328,-1.01327025082563,-0.0708228236713745,-1.38005687403037,-2.67844044479769,2.13059702532017
0.0653991791170734,0.517372354516953,0.396323290161175,-0.307593001081473,-0.535509431745553,0.234595528418394,-0.167788590975384,0.93778441095081,-0.0660327085125356,-2.06258840207177
-0.649300498252967,-0.5727934377592,-0.136515039519605,1.6431670009737,0.532242902448492,-0.93140991094567,-0.480787501824177,1.26716636912622,-0.99183309813831,-0.871826945714217
0.730439683223312,1.10661809935904,-0.102472408742032,0.765878542106578,-1.29446232660253,1.41597555479888,-0.96106905564738,1.02153407784022,1.57700776949744,0.967509789128344
0.219246355061695,1.29725012038694,-1.66721040038905,-0.99788680452629,-0.61898158365422,0.691324556062661,-0.571452506392971,1.65220061950034,1.04486955479697,-1.550944932841
0.214354857113528,-1.1428694089554,-0.217790606828095,-0.678587256353659,-0.602420080549178,1.18211421835149,0.67390202375321,0.0472505791079889,-0.498439622191577,0.636829371505592
0.39329287984391,0.0491689812508754,1.40871776892749,0.296861141294406,1.40485566982026,-1.38361920014087,-0.145735470614612,-0.860565633542078,-0.769392923787605,0.106596924380693
-0.935214863598598,-0.166332893777655,0.726530560604293,-0.172004765747005,0.517978433336129,0.205868388125737,0.430820723616526,-0.042431203303727,-0.144784982067463,-0.651147174577511
0.777369580897642,-0.606735165156252,-0.925125192126879,-1.69092294779098,0.447331975490377,-0.463436048122294,-1.1078064459155,2.62222669172918,-0.727085853019486,-1.88703543091617
0.758387208726254,1.44394519610875,1.45112067278367,0.166890057712491,1.1242807355444,-1.46008949066787,-1.96373619361351,-0.311206572779705,-0.841289085391393,0.273885192603343
0.874840877710857,0.148205304877098,0.820040300347273,-0.910750849568743,0.873252844135541,-0.19847622413081,-1.44460058043602,-0.819563396878659,-1.57930921010605,-1.16652261668322
-0.156802274441158,-0.689799342879089,1.07409246876495,-2.15124285584724,0.0763921418739962,0.065156449784616,1.04865446015723,-1.60944171741403,1.51950928115776,2.02117160540127
-0.0135038596497581,-2.57397564729908,-0.0954090086566586,-0.710469942348227,1.71191123260432,-0.715570902535108,0.855951156477221,-0.91033016268125,-2.03289782706619,1.38941674759356
0.066211628986011,-1.82748239488982,-0.536086942217345,0.964228198882615,-0.180933976618623,-0.217061906867671,1.21801320734785,-0.237897473478939,-0.537549359599024,1.25691002013236
0.271623656005599,-0.804880564559457,-0.153204774727582,-0.997566127092565,0.304030870149469,-0.340283835997217,0.729521992907152,0.239096404036374,-0.71787343031833,-0.56929654192105
0.504755338283699,-1.94807691687633,-0.95985996821275,-0.821598622769909,-0.888144576893527,0.999653368579836,1.35789480960939,-0.950157334134748,0.209180435061089,-0.708983680316056
-0.060921011395249,-0.301538122371539,0.257338609459128,0.511942272997314,0.60054750661077,-0.960158849798369,-0.433936955861867,0.84899371943071,0.156401587510379,2.23651295472986
0.786333897435377,-0.448417132044405,-1.00309015649662,0.181773523062214,0.666961350978884,-0.545535796275051,-0.6446144076749,0.658633673032218,-1.15954223147331,0.555124931311445
0.695080566880929,2.17192025936207,0.0719309183427062,-0.0894253078029189,-0.651230524625048,0.305471515624278,-2.23039382991405,1.55216565040393,0.185241871666047,-2.13669977175373
0.592040886973317,1.19951813143022,0.725192495965061,1.32616720527865,0.914893627473995,0.296907369668946,-1.21390509607431,-0.371021917392395,1.5759830256117,0.810947863973933
-0.357356309835722,-0.274757155143432,-0.358117882507468,-0.485976877978777,-0.303386670029922,0.0500966036538718,-0.080647854126192,0.464084940490992,0.131766211332036,-0.66943412444075
-1.41470787136367,-1.11768403800797,-1.13129696251187,-0.302054647129461,-1.42576413021074,1.35200591530676,1.4496449696671,0.568572383463469,0.620398713935494,0.231309805543174
0.369568348592987,-0.891002079413939,-1.19753342663708,-1.42801024281905,-1.30332574994816,1.75708471954023,0.16763905784718,0.582826856217204,1.35727530157238,-0.311140684718147
0.858034062066969,-1.58373357552449,-0.154060914848862,0.493667683108037,1.12287145610164,-1.22316589178376,1.52168869586613,-1.35353285094047,0.139165659809846,0.135048262522877
0.69439362259909,1.88220996696054,0.685316586658364,-0.8801488755566,-1.01428519821197,1.09559407925125,-2.83321969699738,0.806209404165916,-0.502004775743584,-0.849691938244761
0.446623003922058,0.948738193386676,0.719012707046047,-0.0396686379980538,0.637116779521645,-1.48615364789732,-1.19575025798308,1.23678121617758,0.00524001090702794,0.523503101976348
-0.374669642195994,0.234690885648631,-1.03425370237065,1.09134222849783,-0.469946229690486,0.756806026911792,-0.663782391225917,2.39516604372097,-0.197844064425864,-0.980684917683116
0.052279323105968,0.82272333267671,-0.661685843765266,1.3068980070911,0.507034113707955,-0.20003877845945,-0.164607370333394,0.342420988655824,-0.121981328807577,-1.71212717743498
0.780537108309603,1.88315280366647,1.16124268387185,0.175526197225881,1.16592118732639,-0.914688962004878,-2.08138187898728,-1.03983112381754,-1.77075426272364,0.932930698374273
-0.129998708262195,-1.42456906608906,0.337354911489902,-0.871053006630439,0.202348020983998,0.302737290408249,0.714499235916123,-0.299151617448177,-1.67782876413513,1.22739441493047
0.764823254837875,0.443163217900737,1.09485121794407,2.65320604877906,1.28323630857163,-1.92091372417085,-1.84401238730614,1.17278082498054,-1.89551811734858,0.320036007532347
0.553007157367462,2.32239254885513,-0.965470358833182,-0.500578601467386,-0.521959612682639,0.457486040002526,-0.171337995172864,0.472246961729963,1.36585325113335,-1.72547261098417
-0.305902129087149,0.0957828904166124,-0.959490149335966,-1.18439925110567,-0.469395756544714,0.703648189367283,-0.0953705499551028,1.05076558376018,0.0911933018343309,-0.439679688917777
-0.531871647609893,-0.159717789422219,-0.938875269337226,1.0522840014517,1.01019701472026,-0.550297043336494,-0.0822115758342055,1.72857720335802,-0.494013228152748,-0.312923176348309
0.38761609539611,-0.0117872874844528,-1.20056225375631,0.11366493596701,-0.220191280981832,0.206962696129071,-0.93231090512115,0.620873167391428,-1.25185094085542,-1.65795146795137
-0.362068523147071,-0.365541242769824,0.164120389638095,-0.0157560702507157,-0.937330160521712,0.930678389347991,-0.375734952818707,-0.386282173067093,-1.2726404623163,0.320302980350975
-0.235655978832268,-0.678874231291371,0.565912388782287,0.0961529378731447,-0.0872636386499792,-0.749869601667218,0.371271159678612,-1.08464564492371,-0.174767180345668,0.658814515184287
-0.0614381210666353,1.37779780918581,-0.294663989394608,-0.918185377552443,-0.146218704340643,-0.325288944785396,-1.55522294407172,1.31167464815015,0.637225242878774,0.132321144410713
0.459686984467038,0.167703985665868,-1.85807564856943,1.03357065080981,-1.33877351433582,1.58701702404943,-0.168812381899926,1.02928823555451,0.443248360391524,-1.68144094374765
-0.207790512586435,-1.01255044485901,0.303522456574647,-1.62899512225465,1.02865006867474,-0.651491158162256,1.36387619685184,-0.718813988802378,0.624127507782031,2.1613507163496
0.371002918412993,-1.34454609943143,-0.477580670292877,1.12296779079775,-0.696862824258203,-0.0422393852370512,0.662006915017862,0.429326482594795,-0.112397776671125,-0.827885003146112
1.09870999859547,-0.0490314300026547,-0.748213615309703,0.19115958408849,0.0600320572509489,0.434673146381556,-0.134274090395308,-0.203657434662993,-0.109862736527469,-0.644190598359352
-0.901361298929213,-2.10382145132699,0.24145727959451,0.413297092981648,-0.429500597283613,0.398634643120295,1.2507958265289,-0.795201945852721,-0.461641035480221,1.4988427175742
1.35985253292789,0.621611622373532,-0.218629459782122,0.554165309119665,-0.439424119718022,1.05350572703459,-2.70329801420717,0.770711977638267,-2.58586100872647,-1.07163242164332
-0.399034628508554,-0.24439414969578,-0.965320472185221,-0.860292954492056,0.411489703288047,-1.63583579675678,-0.149965621685744,0.913510647388275,-0.934296253494317,-0.840782360624213
0.209064329609184,1.42209249389802,-0.319764281113038,-0.212973104495804,-0.00956398645301648,-0.307112783156141,-1.78438217997692,1.37955817753471,0.327894623291787,-2.48722127323474
-0.586342120801644,0.756134634550517,-0.151384783402326,1.23766685558702,0.538896069657375,-0.252393632905053,0.940828574379632,0.776578430326223,1.42683068174607,-1.64845994362895
-0.17604129573463,-0.0985074768593075,0.187982614181965,0.316221512200012,-0.195067782924863,0.742840082208323,-0.883408268585059,0.889403307631028,-1.59650801388047,-0.64993041213825
0.626669234890568,-0.192912977905543,0.162208819950221,0.546853312659818,0.184400979382749,-1.07354053289531,-0.537457183435509,-0.17674626182254,-0.675330924149816,-0.342930644679715
0.790595758252399,0.169152562883092,1.55164745511179,-1.23934202564091,1.33103349200468,-0.59246271813818,-0.742950876850732,-1.45297582045461,0.210867967954282,1.76362177365436
0.230929973697853,2.62878844773341,-1.04488061338198,-2.12096388763959,-1.01846863996442,1.75454342992206,-2.06794969188806,2.32475357549552,1.03696565847748,-3.03641815114396
0.497620657108,-1.35933889852725,0.638457379668673,-0.0267217260938451,0.263886315902024,-1.27289537343125,0.29838534428386,-1.27958008484612,-1.15601500109189,1.28492626082096
0.0250743883162563,-0.136895473719479,-0.460971254914627,0.0173153032330252,0.380113164524421,-0.209671266630615,-0.365645360379994,1.13413625339122,0.271962031255466,-0.0114908119182253
0.528873952235753,-1.95661227951861,0.0279121609859989,1.21035882536029,0.168541073965242,-0.288331493071244,-0.0706177204582546,-0.538590138633713,-1.47001440292708,0.495105428833246
0.29332766164912,1.03996602986607,0.345176802210753,-0.739466207355377,-0.497740095027876,0.531123220140517,-1.36713787074433,0.417070456965282,-0.0667835390144518,-0.438156697814867
0.61376397884203,1.25220414261476,-0.843973600022495,0.311931391716235,-0.538805589531697,0.754521241116078,-0.369243929464798,-0.753309743882102,1.49585656910302,-1.81950992176088
1.69852601826633,-0.414053103850315,-0.637688347912086,-0.386697286844568,-0.0253311596628243,1.21550356584054,-0.413337865901152,0.594770613043784,0.119220409959854,1.17994323560679
0.173653253916158,1.02070395182179,-0.943405177473141,0.502952047713517,-0.790808897544175,0.640309094502848,-0.471898287085572,1.10580100468104,0.381744316433221,-1.14978538909784
-0.943955741253784,1.42386755267353,-1.15732045537807,-0.190506999116584,0.0638097201392879,0.437819311535377,-1.26015866376567,3.05048518066273,0.10223744336741,-0.384640043863916
0.69189446713442,-1.18509944521663,-0.846539337465565,1.1441246823209,-0.939402898932019,-0.00135287827314088,-0.628000880343487,0.503051247819419,-1.60970500832247,0.422565528431966
0.249769400140443,1.14597470611002,-0.176610305648368,-0.929984800865723,-0.25751108712813,-0.079151216675409,-1.09147024347598,0.801905169193489,0.29383237004381,-1.34549346123658
0.701251960985319,-1.93958620861265,2.16705728891303,-1.19786655305737,2.88410691189669,-3.18132222472024,0.551178924352018,-3.19818717453198,-3.21826169866938,5.25721546151378
-0.785981846611808,-0.674791361855381,1.10942743429165,-1.44776612057798,0.254616385652963,-0.546862622548771,2.16568787622439,-2.02958742116371,1.53582586472764,1.00712943559701
0.504623094694841,-1.53880809725959,-0.218097859240891,0.367759901894498,0.0404411937000192,0.113590382709648,1.28344563728636,-0.655452835457634,1.52172228065539,1.1491356579514
-0.428688600969417,-1.13455396275102,-0.881128461238129,-1.22954293050021,0.440543578100525,-0.050809580322242,1.13525242929288,-0.660999911173628,-0.136002280207428,1.28589091680975
-0.364321610572049,-1.24414074619825,1.81944687640648,0.924950118467495,1.78923957649723,-0.396058126918679,-0.30837825758658,-1.08142676922629,-3.84518456512243,2.35849733044593
0.139515897256576,0.593411973093997,0.965953185958867,-0.0526705850301882,-0.0860330621973861,0.54332233977094,-1.24740711211801,-1.28160687795501,-0.360639683564386,1.80296161674861
-0.729724914448998,1.10194011211433,-0.827984293127135,-0.966446697686027,-0.577230628988761,-0.0348425342995203,-0.225157791695749,1.65157789549659,2.24214296266412,-2.18485745034383
-1.05949483122623,2.44530369758267,0.966383733636511,-0.981533896827066,0.73378766912106,-0.777510395993365,-1.12591823568891,2.13860691737631,-0.597445608316631,-0.782446253424902
0.137575359501234,0.81626942757004,-0.861265019883224,-0.758481334298246,-1.89190928140294,0.856310320363123,-0.659263682093225,-0.678942380902604,2.03640201748711,-1.81936779692437
0.625123896390355,-0.503749166629563,-0.999891735985241,1.32473364919888,-1.42941092824252,2.13554390204952,-0.687064660412095,1.41197878231595,0.262218273604375,0.121127502097635
-0.548511882452775,-0.51071784148133,-0.192650532471021,-1.48540175677868,0.496311287814287,-1.01374539050034,0.516358129371032,-0.870251708804717,-0.226750932768873,0.675680066506993
-1.04625013245863,0.430103190024777,0.888173030949826,-1.12275721507882,0.647512907677578,-1.60460059772456,-0.3416707993146,-0.435542277603262,-0.563892490294521,-0.724844164339932
-1.04987433580331,2.35300129093342,0.044137334213072,1.57772735299434,-0.0524442728697391,-0.0363777791618042,-0.99182531546291,1.733560730476,2.34918891926006,-1.24622541873963
1.28341313115319,-0.587785335255764,-1.67226689492265,0.161729435022206,-2.33832237405837,1.61385287520045,-0.364871632210754,-0.519734654037257,1.69812410658388,-1.29811790263868
0.626943915009346,0.257868875606868,1.21648870677896,-1.63302453257041,0.379811124711534,-1.64121460230389,-0.716980691585221,-0.91906809739851,-1.61530359879168,1.203818014068
0.648558252778639,0.326815107735355,-1.53448923952597,-0.6631037021979,-0.480871149794464,-0.363025999126881,-0.912072180796974,0.0677646993618246,0.614556692387788,-1.59176724995
0.765922977240381,1.43674377037098,0.312195476453478,-1.58104252783064,-0.0895076142774999,-0.596964131650124,-0.91514927136248,-0.141163116971451,1.09515830007353,-1.74339081040906
-0.137168644342037,0.677924029855536,-0.263864749128118,-0.849697036397072,0.293639715228476,1.00278031831379,-0.451683956381637,0.942851401168432,0.0168420626426048,-0.466893097012797
1.81003625508467,-1.60998502157676,-0.642605947601194,1.62256876436256,-1.09187484721493,2.05396452909616,-0.732572934374909,-0.419183487948317,-1.47815333216867,0.551340415190768
-1.01493205994548,-0.806660378034642,-0.20000514172969,1.39749900153183,-0.0100551507519941,1.30186384444837,2.16345775238353,-0.936673256915318,1.3828330173996,0.0820877286002544
-0.169623956425739,0.729450504840027,0.752806434618683,-0.549288782259259,-0.158479176049023,0.101203453562983,0.44389358753323,-0.420410565331083,0.340642050524214,-1.87368547872836
0.49459606586335,-1.33778395270118,0.812628425374838,-0.830050854356305,1.42504337369335,0.518375800718349,0.0578095707991037,-0.958760930832721,-3.00595616315344,2.18158265983903
0.119487697531102,-0.512192982854517,1.50898318892883,-1.4026498198571,0.636733858039493,-0.163898982225539,2.19404063297935,-4.52281359413336,2.472237445404,2.19474594801021
0.206923217872459,-0.387230374131956,-0.253642991135635,0.0553684703312451,0.981585987403723,-1.85137271001085,-0.203570663468821,0.241650053673401,-0.355730427263283,1.67073813086773
1.33189649297194,-0.234301672366545,-0.218972374835974,0.861344933503384,1.58414064121143,-0.984333038657897,-1.17029994747425,0.119646699086544,-2.17231965953279,0.369952467430353
-0.756265861164434,-2.57448465942207,0.0646156724170734,0.175948835748533,-1.01858542854377,0.682771242290218,2.33724776783401,-1.27509038131879,0.653819614350777,1.88982524184152
-2.13369362481425,1.44017534253799,-1.27795657290501,-0.523066632280165,-1.46971191445888,1.48959451504742,3.06657537147884,1.66285096269918,3.8922415931555,-1.4820088372062
-1.50221358244529,-0.493983218469938,0.591029815656812,-1.26272199182092,0.356177995166754,-0.0868905323534703,0.901834349455849,-1.07241229149783,0.394423993009135,-0.625955090932706
-0.141640463427771,0.378261010398869,-0.31294638867735,-1.58785439660934,-0.110159935391316,-0.620885756673747,-0.699391428231308,1.6514712095659,0.625021669709048,0.882427367537935
0.118974750384621,-0.371670907189879,-0.891208979728528,-0.828857698791838,-0.950430557296954,0.0451589023257072,-0.692234741612274,1.33562363273126,-0.960941534396321,0.90078939929379
-0.886995401528787,0.668116233774565,0.84834204746036,0.141020211783736,-0.418185272634814,0.239443842876673,1.94648114241263,-1.99984324514172,3.62742809147091,0.419770837391421
-0.486336850093433,-1.77198727409579,-1.05921693435724,1.49155693504984,-1.09093080783708,0.554579605055627,0.697759296514524,0.201442078221694,0.203012991995549,-0.470882398552656
0.835292358830786,-1.08111679919678,0.708847232385961,0.177444573010268,-0.228918927261996,0.603029341104432,-0.609688954986847,-0.782129750695482,-2.49161994958099,1.20623244242189
1.26193237369367,-0.932693187694322,0.804795748845221,-1.95808908426475,1.69178681468768,-1.10380993501622,-0.88189380797137,-0.269512967488794,-1.16474247059781,0.665775462216495
0.802349567742271,-0.524425104721434,0.0498696444446133,0.413373598998502,-0.478369124370081,2.13682048274336,-0.11181658978347,0.650614011176633,-0.480793724592318,-0.49019703375433
0.673697817431536,2.288308820357,0.569436042517278,0.451225186836723,0.353978441738861,-0.748631450298881,-1.5850699917412,-0.461482617376794,-0.11264918567409,-1.47072929734163
0.568148096053378,0.33211200627844,1.38726439589692,-2.09357685139881,0.339557554689007,-0.0974057247233334,0.268751671809521,-0.725695788173143,-1.07311312184686,1.42728631980161
-0.0449953070011119,-0.711483331453382,0.669168951479685,2.06013386357804,-0.197340527126864,0.466917196162535,0.983574895497866,-2.09834744380093,-1.12137363820293,-0.293065986631801
0.567494524381426,-1.22385484151086,-0.27853307082262,0.586806432364355,-0.873490960602439,1.35580102784662,1.04300086655428,-0.721200888704874,1.1871471506476,-0.924480728576227
-0.16040725018203,3.20583254503815,0.204794845003947,0.665784257936428,0.896381563318211,-0.299572971328984,-2.15282698134827,2.68329097827107,0.0379572627439879,-2.35706916856007
0.394796941887795,-0.583930212962378,-0.86590329452038,0.250350446211042,-0.70244487047672,0.0719995888225589,1.47909139422828,-0.875810400244107,1.02117344449066,-0.552842028802067
0.0082148506874288,-2.05656979496512,-0.923746000746083,-0.119503417490435,-0.728524099183109,0.576524761952801,3.0124413130356,-2.11026956623545,1.82645101849908,-0.616959115430731
-0.627441746220881,2.01839876708258,-0.48322776070985,-1.16477461108123,0.359947928736956,-0.776624204191413,-0.962263033589362,1.25662608363224,-0.622648803161087,-1.68242836132908
0.0177866520856231,-0.0810584883349936,2.31447784488766,0.552400415072887,0.141731903987256,0.0355007667281403,-0.121394874005377,-1.42312511779522,-0.148658620936989,3.17943552711811
-0.623857707392928,1.53718987924532,0.0506174813543732,2.93959823253947,0.87243582270812,-1.45411581895775,-0.0559855808049237,0.309199267310471,-0.0284558587363719,-2.03295911669666
-0.456837866467926,1.15354840663515,-0.316403535633915,0.457045764930278,-0.20479043391264,0.927064816740401,-0.0934380099608428,-0.000421306395175427,2.08777182003821,-0.613685700373359
-0.0122518497579144,-0.176417479057133,0.70459637866608,-0.167489074601395,0.658764580906377,-0.810674322831916,0.19176241235054,-0.281996202829168,-0.743904977207453,-1.60037598042739
-0.807065615836042,-0.583230977210371,0.104373435092646,-1.34375827479755,1.51282294000051,-1.0115697668114,2.48382594603639,-1.84494253230492,0.00592839251897916,1.18408222809948
-1.00907251018544,-0.670219653613158,0.785122379589847,0.52029627285638,-0.13305850391922,-0.434959505240723,1.00103101001907,0.469159032225212,-0.283128074314475,0.917077579769459
0.543068813499993,-0.459591829668545,-0.0957919816007348,-0.794772903326065,-0.514747491172078,0.459951000077056,0.536147691232216,-0.111063421009535,-0.533357470212626,1.79265645881544
0.179578184415555,-0.989652470894995,0.194701279176455,0.686010018671863,-1.63696894966525,1.96251203572187,1.22041889396642,-0.982537042144123,1.09867433415215,-0.793810965870446
-0.382238960011647,1.69487438672922,-0.616417769650033,-0.597058283593474,-1.28550672544266,1.22303555208915,-2.07254136332898,3.17703253597807,0.610947147179182,-2.12973518216556
-0.206098406166454,-0.171656788032621,-1.46808296751406,1.18215611406349,-0.626388409268708,1.03193466481916,0.77294680874365,1.47975285433943,1.1238472195912,-0.888133495705421
-0.174890667413951,1.06656426498483,-1.22706638625945,1.12712146190107,-2.05057867546068,1.629183123457,0.955367104769119,2.11084450692672,2.32289562550441,-0.92921399903701
-0.452909166899362,0.93871418489371,1.37716912768015,0.12778153271627,0.0239225959865423,0.126758389687803,-0.909054076900724,0.155155980190355,-0.529156453553865,1.80949053225605
-0.201518393535518,0.766901259650313,0.146423946433204,1.03771115389878,0.162363346835632,0.115500673517437,-0.867117656770728,1.77614663405633,0.348089356077647,-0.319372650953734
-0.341799807732891,0.793580488784138,0.529252138583082,-1.28689443116217,-0.538657099022709,-0.205901636448056,0.14623830653532,-1.15293590710853,1.34525782770265,0.537557298998111
-0.146560030224227,-1.30194613109118,0.0357110974530047,0.134508462011493,-1.21155801057717,0.868154115369052,1.13869220404432,-1.19241925164504,0.719195538953558,0.80907182441137
0.117736911319053,-0.315243144684237,-1.16483368176857,0.21776066666842,-0.185567232063693,-0.983534212453816,0.840729178579869,1.04159019084962,0.0296401885962208,-0.617876491528166
-0.942215820136671,-0.589234410971113,0.621945919367918,1.21787520239835,0.640716793987626,-1.97579900654891,1.68794107198403,0.057831560869391,1.03450241797554,1.1344534770264
-0.341923664693419,0.657333841399732,0.0342805325282463,1.70474502628242,-0.701789054759979,0.295091051155359,-0.0826725699330626,0.587916449469902,0.866994922071767,0.645632289239502
-1.13995912682089,2.41311220839672,0.372118686407491,-1.8275929817415,-0.423023055310335,0.504532062813687,-0.339480039332916,1.06951763838168,2.0872646352208,0.261653301108234
0.354347567184724,-0.321764238318709,0.416450918411407,1.24749286732769,-0.214575942988873,0.277410146530202,-0.521456484502651,-1.89191891319146,0.526430852802696,0.326070465777454
0.964112914078278,0.190362856349158,0.390331548065955,-0.405597721330883,-0.390804292106405,0.215968501913002,-0.872256656682733,-1.64762403324649,-1.15883676782962,0.995452353112191
-0.24828348122876,-0.109263185868966,-2.2454992234275,0.983169744873967,-0.545489978431079,0.261704346445297,1.21895001300328,-0.17884475930202,1.06220768184754,-1.4872961987638
-0.518090052022626,0.924615886145182,-0.402686999340322,0.495519670342109,0.5747281449262,-0.611195515449421,0.178104738482385,-0.461313342337863,-0.430451168628878,0.830127002879164
0.734597400938666,-1.00154798814468,-1.2040584123468,1.22317735389597,-0.851144560994778,0.402633316920653,1.33954340972018,-0.653975261502796,-0.242903219078765,0.17131129676275
0.299395340100455,-0.258314075994454,-0.999216106529852,-0.571336525724842,0.670716940630959,-1.23973199552064,0.26028751003753,1.35266040056932,0.344902935649489,-0.456345726190614
-0.67191518405344,0.52481169066867,-0.140691263581682,-0.90335545097958,-0.498439146265741,-0.0887911054546217,0.0168323215824086,-0.316384783949379,0.451261674687307,0.448123574384791
0.00970365789769592,0.348360710729136,1.08513792351797,0.240419897503892,0.356941291273234,-1.69229625312491,-0.342201646279092,-0.324518318617988,0.0460406209318866,0.129109688240263
-0.101637402200673,0.449150530306952,0.983541099975051,0.896006122232402,-0.0643687882325883,-1.33398206838728,0.039329611587812,-1.36888244017239,0.555477968549172,-0.14499853843073
-1.16820456380626,0.254218296610419,2.09155273586759,1.48857515235702,1.44438265114266,-0.682751738668127,0.570314189783706,-1.63887754968808,-0.551995170210749,-0.895470211205283
0.110103360767246,-0.66564267144147,1.60154833471384,-0.417164435446688,1.28045150775238,-1.07762274080081,0.588030273255172,-2.10888597919531,-1.45186744460118,0.711109906601632
0.193294928257688,2.33233131928289,-1.31825470582806,-1.07320333278511,-0.562049586187509,-0.536305400249083,-1.12668028692556,1.19387934808042,0.332061372018692,-1.0579385490345
-0.176359248046537,-1.51111909340558,2.17775361570558,0.318136111513546,0.487604238992428,-1.49566729160917,1.88532706184427,-3.25176165421179,-0.353243666596108,1.42109307545797
-0.13054486087408,-0.265719334193991,-0.892218054804132,0.465013704108086,-0.730488533862837,0.747603919053471,-0.485323649856824,0.232767923426282,-0.916737345269286,0.252456583342667
0.0479102823917441,-0.224495580120244,-0.531941133366085,0.28304564507864,-0.0894428591129262,-0.268849220148374,0.280211075316568,0.932025682085547,-0.937030860269484,-0.11796477949865
0.61652277035075,1.29454778787179,-0.349221680414857,-1.60284335754758,0.500506779754726,-1.1967060799262,-0.957641878090647,0.221012287640232,-0.413127106616434,-1.78529514323528
-0.0857680744355135,-0.909775287518508,0.102911950428559,1.00926538972613,-0.435316425243856,0.785910183746657,0.438545607632319,0.568424460975876,-1.06908263452021,0.713313907319004
-0.530272314456023,1.43493131195082,-0.341490010993857,-0.306711553949827,-0.0385249618035101,0.117098828826777,-1.83398611339206,1.928254433146,-0.824802821429332,-2.29172466036227
-0.624758197320713,2.59258140838494,0.825852109899959,1.33108537667091,-1.24691394442943,0.794650317611988,-0.363800605944389,-0.597747414571794,3.39415310679926,-1.04970906453652
0.729703522669057,-0.780293396842405,1.06817333120419,-1.18701621173737,1.50859106791729,-1.43312830854281,0.439693075287636,-1.38655404650405,-1.66035278868375,2.17018891257034
-0.511324792203233,0.206820039301672,0.153145905644458,-0.385238316797194,0.223917051686186,1.0210853670997,0.0214253452744628,-0.114701229132331,0.115821857459898,0.847287594857984
0.362616888049458,0.535031700473224,-0.97814378806886,-0.0783694333237808,-1.30564711985464,0.47190419412327,-0.0988518646731674,0.612310697173591,1.56134165728603,-1.57839943564567
-0.162933577325909,0.948796391476751,-2.47710086100946,1.25240497159706,-1.61015771090378,1.18071720299518,-0.901503949411456,2.6280263651316,1.50710347841066,-1.67126032712336
-0.901911265260162,1.79007126220255,-0.676911437025749,0.378539305846738,-0.173489050167499,-0.597486115662271,-1.62722181671396,1.85876837032169,-1.35363725097185,-1.48800865387047
-1.30593217134853,1.05641440794277,0.433543538739529,-0.517102084602054,-0.34333402013048,1.36432458826128,-0.390949498819333,0.70114850648509,1.90443497209397,-0.732263780641411
-0.669118307461361,-2.13364991830368,0.534278751420361,0.838494534212973,-0.0731974066112518,0.633952672772901,1.89209043882441,-1.10315219451716,-0.533080114830667,1.34099669151424
0.24468474535714,0.691761554885826,-1.01752219221031,-1.42484981951082,-0.63248324078828,-0.327477342563247,-1.37087650147084,1.80866139845138,-0.703939185457131,-0.576213271211491
-0.883904851343913,0.604771508513144,-0.232578336237483,-2.06465832068521,-0.488091287927148,0.399069739936502,0.142812838647941,1.16361469691039,1.13443262389169,-1.5412305164583
0.454860443863546,-1.7679472801944,-0.35130038934193,-1.27998605840964,0.489130367208714,0.0177973739081339,0.193453306051017,0.226806392131997,-1.31115263983875,0.79676024431525
0.683747321622423,0.232529016169361,-1.94788381137099,-0.449340731831444,-2.1193255248536,2.75236997764388,-0.833539907229225,2.48903839965071,0.450970252764864,-0.663596403298519
-0.675848335945345,0.691456983806208,-1.61222641919447,1.43194614422579,-1.9340920578801,3.6475193292001,0.568618072189416,3.07269597783137,2.32745821880483,-2.84074208847119
0.518122917540306,-0.14750045175183,0.404415917662887,-1.30851898938521,1.17578345257322,-0.589645893126,-0.573913586661046,-1.38656234603785,-2.77292021881322,1.83447624617468
-0.725668648635586,-0.737969417786064,0.073254185023395,0.352763748601304,0.366584717891057,-1.43381991797767,0.602372204544169,0.842231366304755,-0.208860618370544,-0.247283950805847
-0.480829094763688,1.04294172885487,-0.659025496065897,-0.63917651714629,-0.918995853713334,-0.361873828625718,1.25549097733761,0.381114211246656,1.71983786873777,0.892507630222104
-0.237919029995125,-1.18694004548645,-0.0952744297508086,-0.785415334903733,-0.167799114136265,0.0678159414751779,-0.0722027102699964,0.682467418963406,-0.718420469311282,0.0743980256566739
0.218794457409565,-0.649961941898492,-0.52968685430275,-0.0469781373112542,1.59431987713435,-0.541252578983379,1.86607527896079,-1.36058782643017,-0.12886672963527,-0.238064426436846
0.291059329820964,-0.714854971212466,1.58293958192599,-0.312963594566773,1.87331663364495,-0.163351103869351,1.30919056955886,-3.31888321779413,0.441479346014273,0.194654309344592
-1.08032786438292,0.0854367218226787,-0.602875098220615,1.18578176001116,-0.38014162419017,1.38263737965774,1.50294224689204,0.531900538370598,1.4333277579919,1.3061565489445
0.0563023834608732,-0.916209508351315,0.659349501940942,-0.394280109818596,0.922476989399426,-0.948753279684601,1.38450158094167,-1.45360798028563,-0.528996680817611,1.922289214393
-0.46273551348764,-0.95597349205306,-0.153600177119188,-0.418078440004885,0.570393472333422,0.33123661376054,0.63438781196492,0.980630003604399,-1.90203292942208,0.214409682268143
-0.726977151871682,-0.943358100230582,-0.076430003895094,-0.106505832971518,0.121472944259853,-0.70198320172175,1.20478058919462,-1.10861788289074,-0.552493730979818,0.535231028645081
0.427486929728389,-0.985181061006698,0.277294064361487,1.0289103857325,-1.86715223301694,2.26693152769823,-0.280406358996048,-0.409303777534539,-0.0067278149949747,1.82545640256539
-0.093048157509123,-0.365050508234471,0.882789005507276,1.22633639347323,0.775647975111106,-0.779058590212804,0.29705585395755,-1.55024288065685,-0.105860515095053,1.20448368752562
0.846994293218742,1.19368449919566,-0.00629402764193339,0.484401670386487,0.697638690703683,-0.852650508352248,-2.73815921009293,0.776709520299515,-1.97534523753954,0.921746339629323
-0.72138916962014,1.56281080984495,-0.93071869002847,-1.99043817408602,-1.33163593871307,1.94695689088849,0.0446156402259918,1.24273984223703,1.46456009558281,-0.284165462241658
0.200326542833973,0.306274068278564,-0.783822847976847,-1.08363223078495,0.431926056701731,-0.720317711965035,0.901867489537618,-1.34738850386004,0.47925374658251,-1.32618410403327
-0.464022385749007,-2.84865825851058,1.92070975572307,0.0516425977624973,2.03619159496643,-2.76600199735919,2.40908082489248,-2.50213577107007,-2.84720043902631,2.98121923946468
-1.40441441772589,1.88761438734539,-0.79266275006604,-0.419634619961781,-0.821655545323448,-0.623356022715018,-0.384052736025624,2.21280216436843,1.24448558397025,-3.16440820149404
-0.675314397136091,-0.0935012160630467,1.85103437639575,0.0408385749607907,1.79681941954151,-0.622888704667178,0.26016672803147,-1.09583288051748,-2.54757753538246,2.01505961021872
-0.931180967523235,-1.92812874949469,0.951634885196088,0.51084143197401,0.942536757655646,-1.14219556888299,2.42291000960816,-2.63679493626755,0.129623960136091,0.333013782897157
-0.510489971916454,-0.829683222235748,-0.613425884650509,-0.509028763600485,-0.546808445126477,1.37757394802717,-0.298567738207667,1.09337520699166,-0.159652624890974,-1.12329617471272
0.268308066375952,0.866592696025107,-0.367378749715433,-0.745085829336953,-0.0294884419418323,-0.727298006800482,-0.840355785647596,0.918945166553395,0.0558984107138854,-0.387439573679723
0.697665733375605,1.99159636563077,-0.467636808901148,-0.643976256348983,-0.822451137018521,0.831773006195813,-0.945759305839734,1.13669364193659,2.12885397706643,-1.858739233218
0.580319701978345,-1.98357533665011,0.715198766467734,-1.98113242027222,-0.0555731027172928,-0.121533160110757,-0.456921811215374,-1.16940602813551,-1.1084467915877,1.88155106831842
0.51648936451337,-0.030421755779775,0.335720912648782,0.0472198685800456,0.703058567250814,-0.690496783257705,0.133578978646704,0.777679040827535,-1.20574057926488,0.995472170456902
0.408361661860812,0.362838486591813,0.127109172471717,0.00964748679097226,-1.15484225052664,2.15332859446965,0.497028066386834,-1.85287566466379,2.43166203914523,1.36403192134925
-0.982305819487723,3.319441654216,-0.781074564278372,1.09163564854673,0.0810723900737567,-0.557190093140599,-1.02686747667265,2.41567550142935,2.24348975385778,-3.85278818477545
0.252757672316601,1.69748972951883,-0.0538448691264744,1.58938956090131,0.639251890338816,-1.31975801377079,-0.902034411863096,0.033473880925691,0.486955317942137,-1.76106905659293
-0.262979177381277,1.19698440836014,-0.850558342094592,-0.54083021125471,-0.543757827055819,-0.0366457844655206,-1.95126976582181,2.00521643004007,0.0190031620029984,-0.72862020743474
0.310121337068411,-1.12984265730314,1.31382992709124,0.292435818085577,-0.0368585100685762,-0.168959191743311,0.501854100341442,-2.56052497240459,0.526430326403925,2.91811913167974
0.339131632711253,-0.511253173167731,-0.356148503889923,0.790748702237129,-0.286030146093608,1.23446351208297,0.575006274404375,0.381062078440146,-0.34110941926077,-0.658130743332049
0.979912020828054,1.77519748437031,-0.839098800964458,-1.05053742451636,0.0747885223741359,0.610449847599261,-0.853435491380181,0.0557679940104962,0.284145464746285,-2.64585599815764
-0.687199253636049,0.741994022915477,0.0878716144005254,0.575624738742123,-0.419703342365413,0.191751436109203,0.810144798629125,0.172198809773601,-0.125811879588479,-2.74807757107585
-0.685416118403255,-1.78145633280137,-0.82566900748034,0.917588346778103,0.0839224261174333,0.228448784167463,2.04844180614504,-0.390689791165115,-0.511486605785817,0.521274303613132
-0.0686941144036792,-0.559774272615091,0.835175214597917,1.08227019847868,1.71852467320534,-1.45348964141521,-0.522858501422121,-0.0415166171210616,-2.38917164115224,0.307807448336791
0.746668539937534,0.163888439968836,-0.0841648569090779,0.985894349298012,-1.62212480448992,0.25740713275107,-0.653987315363362,1.38332723054566,0.631605183628551,-2.06779850262609
-0.180073314404912,1.93989679763665,0.403803646839232,1.1863565548316,0.226362870443551,0.360482054649545,-1.39940957645942,0.903890704326335,-0.608241758216659,-1.36510620664774
-0.389450203972869,1.81585360045715,-0.652704678434443,2.19418972279225,-0.756472723934166,0.186571922173377,-2.31194899004795,1.52003459584218,0.866656857061308,-1.61950058849794
0.0406605930870838,-0.126904701049769,-0.960799415013485,-1.16859595257374,0.52503930663257,-0.316068855352986,0.513707698581655,0.871306218080943,0.361582618089752,-0.140381361479074
0.291056147645803,-1.85323343426487,-1.21071982404977,0.411179993375995,0.0227773787898956,-0.46644123175247,0.476155216499915,0.962100995540163,0.0853085024594399,0.448310180501748
0.265370022875214,0.0238935901093626,0.718042131836883,1.44057237110466,0.0419501050239049,-0.610228990819714,0.750591175453835,-0.918412380567991,-0.659567105134867,1.19135524279512
-0.84494302193882,-0.354004129156062,0.843449096795501,0.380448722043952,0.190047619546471,1.05050625419272,1.4913478894239,-1.05685180775382,0.640517430186561,0.869481592638724
-0.432520550910558,1.25542746703548,-0.916106435709716,0.891380173584102,0.870125436402182,-1.41524589087122,0.745565821304148,0.819070244910851,2.14901695121626,-1.16310056154904
0.383180392508812,0.727920980881033,-0.602868352003407,-0.694284213749332,0.19332275927368,-0.335607304647075,0.438562293370054,0.452773332067622,-0.144477524900314,-0.539272535114701
-0.212659812380245,-0.541213313674865,-0.94354336870608,2.24533116348853,0.0290408501954113,0.537632186880583,1.51911252524848,-0.45787450824811,2.03532218579037,-1.33700854352598
-1.2060341635602,0.919185483481507,0.747338518620131,-0.338753357873034,-0.235516345557426,0.0508815570059531,1.43748195234741,-0.300734108248602,2.38810309894701,0.809691520530542
-0.554332803925566,0.731393559035591,0.282088665653258,-1.07117216476296,0.170148273392351,-0.172400461532469,1.4483250115238,-1.42618231664195,1.35104380287545,-1.10594153199956
-0.469756221999864,-1.19073058235598,0.958091187103521,1.6533217472172,1.23985584728532,-0.805805128166926,0.741432742257015,-0.15896718714786,0.000109857574579717,2.25427325822643
-2.36613468763655,-2.48580511029379,-0.934649908605344,-1.20864276996233,-0.317113565310622,-0.869650373633953,3.13479881860307,0.290317309632278,0.39399270353844,-0.396489213274844
0.45608266313147,-2.68198356804154,-0.660003501833373,-0.335556865807757,0.473585101015333,-0.998567725095246,-0.143720110487103,-0.57927482313039,-3.1433679448992,1.89673592582842
-0.391220652327009,1.3598582048456,-0.0441201154496829,-0.693413986048127,-0.142618339999013,0.722006409975632,-0.828186447396916,1.82351634825933,1.42706712780862,-3.9638060145471
-0.586316933847431,-0.175792086277898,0.638755277445145,1.32440420561002,0.973687732068875,0.40273555673455,-0.301324416402137,-0.0343248323175833,-1.1664489348363,0.43161593643907
-0.664609735998892,0.0980853766347901,-1.19915970303162,0.198880929729111,0.389448168902763,-0.877439426693063,0.573246441188238,0.884865082922188,0.628896699541506,-0.628813623310614
0.0669438218770799,-1.51004395229461,-0.652214527406251,0.414922744027927,-0.886631847721572,-0.531938456953467,0.0163705705967278,0.565801181918078,-1.81335164765524,-0.689492344540638
-0.387967205748868,0.832809982159196,0.175528405144967,-0.412476316014356,-0.404183184115854,0.205621463232223,-0.852990690479943,1.28324145129711,0.272852025254311,0.165414054486875
0.164421178681752,0.341939630478967,-0.622464197082931,0.21108284447354,0.278445570066822,-0.25584083137872,-0.898733056624525,1.5537524531479,0.124357837636989,-1.42902442260578
-0.0283341912251529,1.62184691956163,2.23929601718884,0.575568293619239,1.92537337482122,-0.699588968532164,-0.0942532138101719,-1.39383636701582,0.843041022989784,2.29057117615837
-1.08119489946469,1.94370153322979,-0.455424856895738,-0.618554720810552,-0.052862292716372,-0.389041540785041,-0.553084274452461,1.60650635705272,1.67098340794722,-1.8544258042274
1.03214126731038,1.96833554234416,-0.810050806314027,-0.163095022126299,-0.646028410875318,1.2012477272413,-2.16061989890418,2.64351444011067,1.65293287007883,-2.5843623330854
1.06997031857857,-0.547452825056665,0.0649619769739521,1.43588008766212,0.29259872336807,0.00344536680734836,-0.370772064599565,-1.7518474511785,-0.343434071018392,-1.19443889988043
-0.376458522654527,1.6502837666356,-0.404366479860602,0.914582836842317,-1.29557766397654,2.27186383447365,0.755432573301051,0.596002851069143,2.27627880346808,0.47441363604033
0.680926645764613,0.552009169035731,-1.05316946446353,1.02011766575988,0.12977942604296,0.516433563273566,-1.50349760710127,0.933508097286546,-0.265006551079759,-1.60361536734536
-0.86734780413273,-1.30884194193671,0.0492414562009664,0.364475980088799,0.29166743793293,0.286061170848827,1.65743885667448,-1.12570356732881,0.676280613901204,0.801665047947088
-0.718943023157007,0.80308550965749,-0.939159443660166,-0.351129829419155,-0.618862891186776,0.0334524607515633,-1.2461288815051,1.69296208147186,0.360800315400102,0.467755955137905
-1.23996623013051,-2.00810939906587,0.697706295109294,0.736749531374396,2.08933285523173,-2.47069342742906,2.4097408485828,-1.94134256576979,-1.04992371321808,2.88779520580211
0.032716771528002,-2.00736654491241,-1.44658850825685,-1.00452000702549,-1.55552932465489,2.10269589499609,1.53209828387267,0.35832865577938,1.20157883647679,1.59349171656255
-1.06110720637378,0.472037529775434,-0.626062936708703,-1.4666787984869,-0.224937424651892,0.0016421125638295,0.553297426186094,0.555581858154399,0.81739674611643,0.515026168566215
-0.194473194157939,1.13701617180114,1.16561841798595,1.07170997882486,0.306479626980375,0.0370023169546058,0.80769977594926,-1.91042971667478,2.34188122484225,1.14966102808482
-0.207461407741207,-1.06090254221044,-1.97937814242462,-0.614206072031624,-1.58062557556409,1.02548869931095,0.123346155927057,2.06900251203705,-0.32198504920445,-0.589869440522237
0.246756722298241,-2.86972498857149,-0.677683796246092,-0.148308074353255,0.29889143838597,-0.109270963079909,1.74629648087513,-1.06356326817059,-0.952556947633379,2.52322481501138
0.182887652904663,1.03608229456713,-0.112186496846383,-0.159354535326729,-0.831163990520873,1.31856580787723,-0.225386634184224,0.267750179194918,1.07993059721077,-0.104342485963049
-0.911552870203852,-0.562746014143197,-0.189974111645197,-1.68301645786054,0.0265809797750307,1.68714167546747,-0.451206745680023,0.690823998672462,-0.684310347017286,-1.80501425127546
0.269666654799925,-0.598313034084318,0.371179584353932,-1.66453307402296,1.15426588754628,-1.65464971883066,-0.432303081658926,-0.147597020894674,-1.19133792554416,1.21244111176296
-0.0756351074174056,-0.335116780605643,0.824244873560229,-0.228406354243764,-0.676198323283188,-0.0605974420144934,-0.52835985101678,1.53989257930429,-1.07027422294612,1.19194142692997
-0.512155918099355,-0.265254747057629,-1.84143340372437,-0.85963346769379,-1.90220261771666,2.76412674928161,0.670178391748054,1.22860309701479,1.04127978916154,-3.20112122725937
-0.886554365085221,-2.09757939524649,-0.512580286372076,0.481386381347771,-0.643308642553137,0.942478618768459,1.48148513668153,-1.04393134565252,0.371831071288882,1.32962075521765
-0.191114364742503,-0.361538077854779,0.753673509962881,1.42674476261671,0.991837316606668,0.446334288958904,0.387675854639954,0.307064404146784,0.0915331065884079,0.452145207432759
0.681844547720477,1.12618945381742,0.562783804735858,-0.289100287274963,0.28635135314071,0.64330129122103,-1.36476464551368,-0.0653828765171656,-0.040889914697121,-0.44790463850431
-0.704177823583643,0.0538286779124298,-0.94750691554818,0.564655112504317,-0.363059823073222,-0.0155324296783818,0.567273139381914,1.27311365169249,-0.374236057356875,-1.73633710566175
-0.308127220800095,-0.934317043208467,-0.197735655985716,0.345069071849882,0.160319478076576,0.0895886233639572,-0.0063871485758222,-1.08109241753472,-1.21354678275222,0.41294433686143
-0.604826292791818,1.02085660945508,-1.31354004944575,1.45545503781336,-1.62142054490183,1.96392712966668,-0.89006861798912,3.86229438617646,-0.439259072768835,-0.707118585224677
-0.693211455407007,-0.6263447690939,2.02228236723639,0.896271596894787,0.864176204443983,-0.947060530030559,0.830356329661126,-1.04949365128177,-1.07817175505574,1.35701790123124
0.425300006919137,0.883562028446973,1.42719594082725,1.75897848790995,1.216541303512,-1.33263478504775,-1.37460827459636,-0.692870761402524,-0.821934671611451,1.72894069927245
-1.24841488316221,0.611034360878346,0.68031026982441,-1.85525552148102,0.338584246202824,0.161014413820897,0.0898354423133915,0.490213271382675,0.912687421900108,-0.270908746526089
1.14078386780215,-1.12465700903667,0.806885273475574,0.27621318619133,-0.385370073722915,-0.809041720332325,0.883876998555185,-2.67845833171592,0.51587910870011,0.476451216878533
0.416222936301724,-1.35578263764456,-0.0472468802193564,1.37584478234836,-0.937634169996202,-0.365666352877641,1.06944349720539,-2.21097607751584,-0.0990253852834489,0.0187482613176686
0.843567561118825,1.44326990961792,0.136126189806653,0.391093376344637,0.566964879341061,-0.272927967229649,-1.38702838473468,0.98604965943549,-0.0564486327873383,-0.403194690108596
0.337417769741523,-2.45700405967861,0.456913546603699,2.88880689745534,0.0789339764084403,0.137908706136094,1.68740939071388,-1.26387621051241,-0.769186628397345,1.84846311497759
1.60890772117503,0.502333806425707,2.62345780667247,-0.382042496472989,0.96010332040739,0.398980578765431,-2.89954000295443,-0.413410650344292,-2.73175437021044,1.84134619768194
0.735267560359745,0.504911798325193,-0.25931672063429,-0.671281180480978,-1.99595715539901,1.21022336830511,-0.784477249828154,0.653462565174421,0.528024202991922,0.23624114091223
-0.518544615109002,-2.11407327834834,-0.752407919302157,0.701011927488555,-0.734130903902193,0.153866637631052,1.95561837461176,-0.131210588556684,1.74591048700373,-0.291173407271163
0.208345086482723,0.0267255777459394,0.147253856469638,-1.72689041152737,-0.264456904540085,-0.808671128883402,0.0348507660270529,0.609545918205624,0.44964619068587,0.48826109285481
-1.49850534964089,-0.191009839826753,0.559252603654138,0.762837975855923,0.71407472625196,-0.418883397530967,1.00754453495426,0.186719232747446,0.68030122649641,1.13466551225004
-1.59570569460714,1.0950452451682,1.7103785163213,-0.185366160115063,1.42714748058988,-0.706890187053844,-0.658836776087817,0.677424611665838,-0.515044621719538,1.84654799109091
1.1752991925625,0.315561004162267,0.430050183082616,0.935953643298025,1.51326033260145,-1.72153110530472,-0.582443980335867,-0.995794739790113,-0.873224396169412,-0.781514446425084
-1.07367291129491,-0.324000788513149,1.65444878786124,-1.75990629196731,0.815169144388147,-0.589814485716888,-0.708292956040204,0.525067609907165,-2.67532021252613,1.31477029972846
1.18339191927268,-0.468427832904737,-1.23346324305941,-0.662607606376883,-1.99492700638016,0.274177517917868,-0.367069717645883,-0.656111882827974,0.180547494952231,-2.03131215358998
-0.111183682521496,-0.0662818634892555,2.91996787993838,-1.3998029363591,1.93266059210983,-0.713739185571737,0.690658985931513,-3.01021300249576,-0.971566020595209,2.66286969561203
-0.265843859596756,0.555069788807332,-0.226888480468534,0.31281798194415,0.32370402265834,-0.00513251634211136,-1.42617596063102,2.35471608720043,-0.374216170614422,-0.292361515029125
-0.60683915421417,0.0397489922801526,0.538751087638508,0.0407604515949473,0.929976060073243,-0.657710525947299,-0.899853246005819,0.318767351466402,-1.76148380103047,0.241672097870184
0.862406972246644,0.564745248664412,1.80192264647836,-1.37826384122843,0.512182924292358,1.0542341324009,-0.608928860650352,-1.42236747123001,-0.283099949334733,-0.135017456246808
-0.573061510816907,1.43221544027746,0.462017944628579,0.511691612926389,0.828145295002007,-0.0334526785764512,-0.122693063051276,0.531145679961571,-0.0855498900939956,-0.564330813696042
-1.03086189230405,-1.66258103312515,-0.220260388317565,1.20812106559662,-0.0155020499445459,0.139487912002956,1.6909629222899,-0.445463509782196,-0.924311809056905,-0.381801418632187
-0.500412090344063,0.711634941595437,0.341281558718303,0.903122600080954,-0.122314777810501,-0.831564926076879,-1.13175668252323,0.734493185773433,-1.54611664650698,-0.979713199648941
0.39552664318229,-0.490852714552645,0.705827609038029,0.835018292134382,-0.401157246807821,-0.308355930751737,0.216995811096374,-0.983016492936288,-0.099601157743342,-0.821494410476517
-0.133065529151923,-0.590452266819367,0.148259537860496,0.93016469075768,-0.545761892173167,-0.193717885950324,0.836243889050244,-1.18307996542325,-0.899161969113877,0.367790516449582
0.124332262388379,2.66697309513379,1.11423718231533,-0.491576232190855,0.845464594312121,-1.25602776681234,-1.44196066465106,-0.560281729781032,0.131701115085124,-1.24628753069659
0.360609861753614,2.24430878790156,0.643220232071018,1.56481173388066,-0.647451528892828,1.42546923289271,-1.28431666641378,0.660363880103827,2.38399461809046,-2.82824007218929
0.0138117001869997,0.233682263285892,-1.00410288982419,-0.91552286993279,-0.016160267071928,0.10909000920615,-0.955081172004979,1.44063026604138,-0.500744929459982,-0.583941141210461
0.412821267874353,1.91552255942579,-0.0113689251659548,1.09466501814135,-0.625530232626419,0.213558771778956,-0.819425622710775,-0.0637587636603201,1.19230299682365,-1.41842678550603
0.00885832728148891,0.734962089262927,-0.371442657357067,-0.54347702766033,-1.30809388099054,1.39215181102465,0.0504939078040787,0.760528044291396,-0.137673276673614,-1.57194145727354
0.303610603194009,-0.556634168999205,0.200267713490683,1.93156293036546,0.291921353726475,1.5229092411305,0.105451301471252,-0.726184926659761,-1.0983936705007,1.21334436855731
0.0820117289891554,-2.14688760874963,-0.196126081376094,-0.519567119559517,-0.477504743348264,0.0819081708084193,3.1539604121194,-1.10746627653915,0.689961280929327,-0.642780710048352
-0.535725769722726,-1.16570870332232,0.792767682135366,0.0161512436649597,-0.609909759177376,0.675755969349754,1.5786569130997,-0.905216784302404,1.17886991228388,1.45638388680592
-0.248078696473091,1.08211573601582,-1.36220122653221,1.41410478348714,-0.537305411106273,0.313077229218212,1.13992209907276,0.237605731990421,1.59382961387816,-2.46769016210547
0.528466548745664,1.03275025549958,0.858592876614698,-0.612076212214303,0.610919019251522,0.250113312315763,-1.41885605346622,0.571333774130402,-2.17721967907365,1.64718553802544
-1.31693647123786,1.13635086923739,0.169775094299596,0.663709208059291,-0.582477632495676,0.96741702149282,-0.269719725844408,1.3312146187471,1.18850225443676,-1.14648093307605
-0.241182728360214,0.223564382160137,0.99302321190855,0.288937145073035,1.99240983493776,-1.77107716064754,-0.00676769223006305,-0.16016844140312,-1.34726801174671,0.202586519085655
0.479850732709509,-1.38009978878414,0.617892993303858,-0.453375957161795,-0.299377394278423,0.97955372514889,0.53656006982831,-2.11289204169118,-0.269952428877483,1.66852352677688
0.343378409028693,2.36275979239033,-0.955601669862516,1.40531164595345,0.54299286901716,0.141935406548702,-2.7999014610023,2.75030207157515,-0.570833994616418,-1.62304435992954
0.147688772095323,0.690086177607977,1.79194785715815,-1.14638999615699,0.33304422457265,-0.0634158949462566,-1.4948821905336,-1.18609716329897,-0.207502640185943,1.03459368895526
0.453993966541863,-0.522349413540327,-1.03459410222568,-0.18140134180296,-0.40925668453862,-0.442796865038888,-0.676673194172084,1.55753100400292,-1.36524432491754,-1.23433628591874
-0.229444944450231,0.867939951164649,0.634081066745207,0.00516526393153675,1.37830598350551,-1.75328273729002,-0.561217641026936,1.6745174031971,0.307885756433782,-1.2307389918727
-0.355908128178432,-1.88471787317615,-1.49823659336347,-1.1448047000591,-1.67793149398234,1.53397148263164,0.338035396622395,1.39531752462341,-0.518860633516031,1.78680410220198
0.446095691503952,0.163367848935496,0.351758478490297,-0.897331755515634,-0.00968556336849015,0.414878649181994,-1.37623631944175,2.05722893381031,-2.13568912313463,-0.917984347591111
0.562087203890635,-0.308665168042975,-0.285059704280992,-1.38248742797252,-0.535186522060337,0.969878114477897,-0.363128273212044,0.580820170994049,-0.636634952107094,-2.12096788114432
-0.339454263615803,-0.774265467063888,0.441763775262981,-0.719888952915359,0.537605473261205,-0.810339723902094,0.403606152141976,-0.522999487305579,-0.904300160859567,-0.233540408791957
-0.148996675773297,2.68492985442111,0.391880009677904,0.857913456292461,-0.581087834530326,-0.448851145198226,0.076348904923708,-0.0708386669870494,4.24384993276248,-0.0518951926139959
0.314296102017258,0.482056305008569,2.10650842282284,-0.231883114610493,0.598410996413653,0.779380890111312,-0.448639660965755,-2.21173447754659,-0.860467085910912,0.37930052537135
0.271436430195613,-0.512434974405374,-0.203281509069074,0.19926837957107,-0.677780967573589,-0.0517812431394728,-1.0551653037361,-0.693714107822379,-0.629044573305497,-0.701361622306284
-0.342168676625195,-0.135129956994504,-0.618836987895452,0.463884669016097,-0.509104222171202,0.38836595385582,1.73376198341984,-0.492065831182787,1.86151237936749,0.687445627741853
0.484713407078437,1.96553844648313,1.45844949750622,-1.37683266185289,1.43414973892535,-1.34469506612636,-1.90428880238236,-0.649050165279005,-1.56494906569119,-0.726889799619407
0.223739409780118,0.236492733719356,2.38438333863796,0.577916151118858,0.244924349130126,0.641589563125391,0.471898259154548,-2.331560223327,0.0406229120734608,1.04117322443123
0.0601742259466705,-0.850780908905212,-1.32135750020713,-1.4167261956775,-0.193157387821096,1.69384027317032,0.0949150933400946,1.23609949458455,0.487880582765921,-2.69593768171562
0.479633855309443,-0.640783678527098,1.63610957013504,0.672783572145576,1.91353645902865,-1.77737659824371,-1.18889671095909,-2.04068919207921,-2.06322262446002,1.74859897719587
0.723371694611742,1.83748945849902,-0.870275414448224,0.476902094734305,-1.30414765715729,0.242084846065301,-2.06077798401506,1.36097782917904,0.511870267518237,-1.22451187957819
-0.663741951232876,-1.1139632993214,1.17280764590987,-0.20005707632826,0.869198177567417,-0.917753929804791,0.404603344053475,-1.53559013199873,-0.849981708361189,2.50704958563928
1.26413256833644,0.680055378526696,-0.572458444948739,0.0011048153714837,-0.738454634850975,-0.0015542664764203,-2.06125255655036,1.52768802359616,-1.33598348150718,-0.61002897225409
0.184458600843102,0.650063358245801,0.699286325624464,0.350969267199621,0.759610067163193,0.412215380614658,-1.20300725940478,-1.02482012934571,-0.352857940670875,-0.255553241608694
0.954239086566922,1.70934802755337,0.191710622449079,-2.51341134570443,-1.70953250691568,1.58654026893063,-2.20987015100332,2.39120551963721,1.61852571811191,-1.84393600033156
-0.199243048360848,-0.806283099625462,-0.262320426995046,-2.10896119231577,0.176407092785472,-0.467547530391112,-0.0157816777866616,-0.0957498496724536,-0.59387789633468,-0.920998938473007
0.677370599812177,1.36403768961658,-0.722835643732447,-1.32014152619428,-1.35558956704173,0.0398193972355081,-1.77005433717101,1.68241349760603,0.147891375343687,-2.99190736258011
0.618402219776518,-0.219469556281816,-1.52394794573624,-0.432430684162649,-1.33632445539778,1.15961937052782,-1.8922402687081,1.59644315252845,0.592239709650709,-1.37325880074614
-1.33528136658844,1.14954715574522,0.123095025823119,-0.346702412149428,-1.48709835706662,2.46756548336229,0.802478839943926,1.230623857862,1.76044016744377,-0.599018350289851
1.49277097317395,1.7776322026328,-0.406144900276313,-0.193065500950563,-0.0506532129826881,-0.237682293224668,-2.49642117021677,0.856676416928187,0.886233523799512,0.800749091715256
0.385976023349197,0.372433632978532,0.185812775476993,1.38478631886423,-0.0983261825960213,-0.445561520867935,-0.921530317457192,-0.589071328498405,-1.53216592900178,0.15976018993317
0.311124395406287,0.598725459106241,-1.03567239422464,0.605536877835151,0.489039225482219,-1.31137653989767,-0.880782568723579,1.30284361597052,-0.564348312285485,-3.54534995907261
-0.18879774709421,-0.702381449635526,-0.529173283039873,0.695503623046673,-1.19493808568551,1.28588801057932,-0.320122713417114,1.66679601173239,-0.454153628799734,0.0341049892952717
-1.14856375010256,0.954587715419122,1.95733281691733,2.46757321624088,1.00624570950575,-1.25286920148786,0.143391690336595,-1.06219769627785,0.0211221211713454,0.146359935881995
0.269561865744666,1.51879019025357,0.654727223747183,0.188542758202048,-0.613741839185206,-0.310329138119072,-1.72283094757683,1.01862569665612,0.214983443243439,-2.17275579691359
-1.02264850925054,0.444032910158787,2.63992828768188,-1.26908852091127,1.35024934495616,-1.30876479807733,-0.664391536679635,-0.802575895343882,-1.72554326765636,0.371556772532083
0.142590776300937,2.55015936828232,0.989361692020381,-1.91666656805163,1.61554662714551,-0.556925755190973,-2.07436929541501,1.21715445899574,-0.716747432646805,-0.725934382236979
-0.1203880531828,-1.60234581976732,1.24531214309399,-1.11368054733132,1.12726021752932,-0.0618355607144399,1.48666920826105,-0.926697233662511,-1.2365042091496,2.00710224266122
-0.229196424347397,0.43848257309921,1.6776930566738,-0.896879276204659,0.6729638270224,-0.0461228532396337,0.64548392325523,-2.34327485786781,1.49080577866636,1.19795822348102
-0.396391705619897,-0.189289695101828,-0.0121183886939695,0.307850016950471,0.472149474193576,-0.8068376621579,-0.436262097864287,1.37617475588051,-0.45282143232765,-0.656628275382141
-1.46247444324668,0.755574173779417,1.81666987230543,1.12748322694572,1.20162255317701,0.210604800492891,0.499884159864029,-1.10118645968305,0.566444075459528,0.724801324966375
-0.264014063213883,2.36815956814911,-0.29131753689131,-1.2725010057771,-0.169856600032833,0.230762800696503,-1.30516100845544,0.65509289205014,1.55413212189663,-2.28077720071286
-0.120625552295304,-0.400815683611152,-1.88267294286368,1.0155436473506,-1.09183768751256,0.755609793974332,0.164998271114082,1.29624169800225,1.621097888329,-2.01018983418609
0.282034085405575,-0.145479669285225,-0.637731910599962,-0.482281805097123,-1.96722565270179,0.808663066462263,0.84183811659438,-0.730257159126262,1.2754730413424,0.49525003350089
-0.132591708824377,-1.2779386829234,-2.62912734114961,-0.830972918115665,-2.19753558081767,2.678559552195,1.68358242609254,0.144976796573252,0.322922015948929,-0.187668699916472
-0.264731422564044,-1.7289135737987,-0.253872455744069,-0.424919996168941,-0.737557033838714,0.716661177469816,1.38621770804796,-2.49509726678845,-0.291234659139543,-0.349809450217971
0.0439293413942436,-0.987690082181679,-0.507380615811689,0.352430175565716,-0.200550925366533,-0.0231516166048008,-0.134326317032702,1.06553864698636,0.227694399057834,0.249677250601823
0.556297442942968,1.38933351077854,-1.69415577681076,-1.2006581731267,-2.00760063663842,0.914451362307751,-0.778013559814557,2.73074262383392,2.08507995289674,-1.67477717587563
-0.411776671782255,-0.601379569265585,0.970936803466685,1.05592486247288,-0.304686590038508,-0.609780285585094,0.10783169625344,0.224825228771684,1.1638205379621,-0.64925663908492
-0.792689936743784,2.26456331368886,0.61878678193009,0.957612532894026,0.885432641770097,-0.439979401727104,0.147996460397526,-0.561283082222306,0.43644815315034,-1.88384971422114
-0.111952319485254,-0.905276612751853,0.239692923550115,-0.94151405689918,1.20107128740869,-1.82438628244091,0.50356873656976,0.798238510169068,-0.147775219626162,1.70148782410123
0.636534644561402,-0.449501501586822,0.659144594754324,-0.983522855568521,0.696532009291579,-1.54445753003541,-0.555466376845695,0.652057983834006,-1.27593305305638,-0.451671588474813
-0.662585007867853,0.293036723314576,-0.026495010915524,-1.35520888774384,0.178721020240593,0.46350841505147,-0.320458277259231,1.0198193505299,-1.60111062629468,1.14830029462333
0.216608314636528,1.56204769097006,-1.22337181233951,0.394893276791363,-0.289196682697743,-0.285771233081362,-1.35761868182753,2.11662618883674,0.926184141985925,-0.854858621569917
0.0979354949525064,-1.71337616264237,0.360078892090469,-1.23768371141908,-0.0943550661220725,0.353818630458714,0.381737721105879,-0.460683118327598,-1.16971204941097,2.11167696234833
0.088296276905235,0.0553285448743693,-1.73978226997694,0.570211035101671,-1.55174292287913,1.31492017047657,-0.327823922313565,2.48596201767731,0.90118592211442,-0.962053755718323
0.139411600980687,-0.0731148183270564,-0.0314430690495715,-1.29876448347057,0.386861174615408,-0.641493387164689,1.10707597304438,-1.80854773972479,0.0899804671198341,0.801218487502631
-0.574593728769347,-0.97061082340636,0.742790933153867,-1.49373727281295,-0.45657141291405,0.0616372348818446,0.664290728897718,-0.920430929955219,0.0308659093659,2.65821579600241
0.0929600150588612,-0.8931304522334,0.372106187090865,1.61287901170836,0.872856312771905,-1.03260642801174,-2.08094981252846,0.685093606307017,-4.38931563492882,0.16336300546815
1.24853338154354,1.07899057360105,-0.0932817891128033,0.233538937806102,-0.0172655933322399,1.6884329035409,-2.04761821399745,0.64796480726223,-0.220451951227639,-1.46214150312872
-0.235743679957432,-0.496539896239589,-0.142920398052115,0.125109436011773,-0.484618319505871,0.67913804171825,-0.324475455469794,0.18910609225181,-1.36269505601685,0.694446176493428
0.309811297501173,-0.0169815235841489,1.25251880881648,0.595812875150864,1.74726352830981,-1.13841283292598,0.59010122819978,-1.33084997635588,-0.861594294757537,1.04519750352752
0.219794984413775,-0.79575828761999,-0.261606885620916,-0.404506227215147,-0.309144884061637,-0.255291979555685,-0.231760162537321,1.29209651241376,-0.595493074663179,-0.550897536735095
-0.0395107990685593,-1.06380462699219,0.110458702326658,1.27610654248627,-1.50654017842469,1.63168082451191,-0.0694734128981066,0.993226584152903,0.26050890898504,2.09187475746108
0.49279577591663,-1.68259633247691,-2.50009962438162,0.770040467499967,-1.56708118039701,1.70507597994709,1.43443356016542,1.13327427318704,0.0378693122493225,-0.0781431261832733
0.243050135165308,1.65503629017733,0.33440562430043,0.443598140609994,1.05299428663468,0.11727858426153,-0.961609382733888,-0.196710303446032,0.635802308077922,0.0742738273174921
0.43721548006,1.65196800834203,-3.89824846345621,-0.773189022523435,-2.71500813507819,1.17432525936867,-1.91353815979534,4.69427780651889,0.506837927278824,-3.97363795317587
-0.224944309589535,2.27042733981399,0.769730749966158,0.332144703734264,1.16447011524468,-1.52454421296258,-1.55461777143579,1.34072126657304,-1.09692884669953,-1.4676422042659
0.960693158420625,0.0838759513441509,0.889923256145092,0.14923782238262,1.92275192376372,-0.851238196287487,0.614677863696373,-2.55273045930819,-1.67371719926732,1.41395197268481
0.337556111217674,-0.291627805157697,-1.42938721424591,1.18190249584658,-1.88200862126543,0.875141483166276,0.644050206945664,0.430775288747071,1.73914622051109,-3.3336959185658
-0.4512736460659,0.205455205684721,-0.241593012276724,0.388260474201186,0.235120593485658,1.10866374890976,1.0964183407299,1.22438217742485,1.01389985480251,-0.471893165988261
-0.0373576892209115,0.71277634952221,-1.05345934188313,-1.80342431498818,-0.534555993684835,0.435907053620182,-0.075338511611549,-0.762344439444617,0.665267183274812,-1.78733473713836
-0.72956703990552,0.307745668028654,0.230802117871352,2.04556940613778,-0.60230576325259,-0.122908727670072,1.8734536039681,-1.39145830661534,2.39432187851903,-0.860107268265867
-0.892973727658051,-1.24201352746766,0.431375397052876,-2.41625966913144,1.41128019914859,-1.76512232241638,1.75230469538527,-0.938937297070873,0.0555075642936512,2.1686042138615
-0.610159588473793,-1.28068708733995,0.43941965075456,-0.672915753693919,0.185223432835322,-0.11208905652503,1.27483821444373,-1.25841305441135,-0.609539520993353,2.13531302238257
-0.262943576606052,0.796000550582594,-0.50265482075366,0.463815528479239,-0.756309509258081,1.15296782462343,-0.0330707260934762,0.228677477198241,1.471848228042,0.508514464704884
-0.062194093033054,-0.260165566519519,-1.36980455372843,-0.360906021977159,-0.708087189500932,0.415824703730639,0.547458186141139,0.558423973211895,0.70186011718375,-2.04960602208765
-1.43351344358359,-1.72699027511428,-0.171030406876851,0.286684566215715,1.31205837096985,-1.95047203767212,2.16650038697395,0.197307680054915,-0.995755450733341,1.67974657471322
-0.0693904460690335,-0.0653183943571959,-0.667291589250932,1.23309476099664,0.372466741852042,-0.635371191372615,-0.462184122438997,1.29089785193655,-1.0736506921813,0.441026786159994
-1.52068995717893,-1.07278104411422,-1.57521199866936,0.534458971288162,-2.18005579745601,2.34877023429575,3.21315547758449,-0.907054773611338,3.05980577050929,0.170426335829296
-0.497092745566994,-0.151224250420419,-0.302512279524582,-0.151008116334701,-1.25789868280246,1.27437547157641,0.796625061686224,0.508400357311609,2.09156340863438,-1.76166871225178
-0.841180783888875,-0.500021288459584,0.346933182528035,-2.02215845432121,0.0654761610085334,0.749871172326397,1.6650787820944,-1.25172674332907,1.65570010913615,1.13635144251488
0.189718600806387,-0.590934064825391,0.29309312922405,-0.0124609096117564,-0.828758119009302,0.647279860500108,-0.539909212910845,-1.47557444234431,1.28289579017542,0.451359058322151
0.682486033921865,-0.746441377907596,-0.369646623539796,0.380007937325698,-0.106525249610673,0.652644499013359,0.413545671142137,0.0501267782308149,1.11332276048151,0.962194613452997
0.205856418194733,0.801297962081158,-0.48230990093475,0.854572687499549,0.758975847925506,0.541472139981257,-0.504696893909744,0.49943055359081,0.615559592713828,-1.77970243251655
0.0977516727926873,-0.071745919661034,0.376505670896692,-0.0233838377123391,-0.577662199452207,-0.465243992982888,-0.88951775966991,0.57806560749418,-1.42721351927074,-0.116733407718637
-0.417341865895759,-0.603440348955911,-0.910523835904363,0.213556398654716,-1.40916219741782,0.695082977576276,0.195919621479769,0.834134055445287,-0.613382103945131,-0.688900407446603
0.147796853466244,-1.18195794107386,1.17166623713391,1.03953049002855,0.978548139253063,-2.0153866252238,0.717788431012619,-0.287120031065789,-1.78193215923598,2.31984964127222
-0.515436822240407,0.774366710793788,1.34462858491061,2.5601594334635,1.85345350520337,-0.262804534721214,-1.15378266482476,1.06806072799415,-1.57195333368336,1.75987951588116
0.290980512428009,-0.44272140610482,-0.716566590228359,1.8467004494634,0.473523783928958,-0.199111430160474,0.328696681369951,-1.05035132862787,-1.31810451672011,-0.768772881847568
0.432177106592336,-0.43165620654887,1.19712834523431,-0.0392156860064952,1.08072950751596,-0.07189113846461,-0.351252167425338,-1.18749694821647,-0.871309040179158,2.07483128733799
-0.341891403094153,1.49910059131629,0.328898937283061,0.0811382589786133,0.457469958373324,-1.36174662321324,-0.956927323078947,1.76697256152309,-0.0867352033994594,1.40465118684198
0.263816085062461,1.47963098324777,0.86924295649662,-0.279915728964822,-0.0144598404637498,0.373944832214678,-0.308625247660548,-1.261416847611,1.23860563938227,1.51828723109068
-0.0566968570234604,0.80637484647849,-0.777660685193202,-0.430265253554928,-0.486223658889614,-0.226339492967422,-1.13438716722247,1.4870218756943,-0.993718466272594,-0.762695483366877
-0.332949320516556,-0.607254239041849,-0.260492445014712,-0.92335483462017,-0.49698818244433,1.03555313491294,1.48085149423459,0.114853174111109,1.63535978596226,-1.3638522267499
-0.996372079193686,-0.176250493544502,-0.604530919168053,-0.311259567901767,-1.28069992860238,2.12471347504337,1.80994299027634,0.692590261904919,1.3751743703106,-0.703515837982267
0.612482555264662,-0.782295027698214,-0.694701610364593,-1.90205629051385,0.431167330071294,-1.39790475944802,-0.0380261352253934,-0.0667896411723207,-0.190244952066733,0.292671306942277
0.369286831893218,1.84911513130685,-1.24377936909726,0.239405969744556,-0.825076394755746,0.429759903135999,-1.68252221086802,2.08315698939498,-0.0784637653368086,-4.0008055199346
-0.472629130953006,0.00919306387941008,-0.698846147395907,0.954473393054867,0.347776301203035,-0.138881251556781,0.585585304352232,1.9838580515389,-1.30269323665694,-0.858269709020217
0.117153734185963,-0.304594099306905,0.442530476526176,0.130501464827879,0.20377301282361,-0.348267964019704,-0.427977419885603,-0.939672069816439,-1.14528127312686,-0.12587094487973
-0.637264003511647,-1.42805873569293,-1.05167535483446,-0.197264244480443,-0.847656859535336,1.03422310381442,1.71066869180635,0.948180571239296,0.641605759097695,-0.648431377056419
-0.589452973069547,-2.00311654157016,0.402900798116906,0.468850155907558,-0.317297186093012,-1.88371182027797,2.25005016996929,0.526828744471459,0.983074144876061,0.26259996296488
0.587837105186407,-1.32048780204623,1.33288854050049,0.962723679330892,1.48685127165992,-0.573143461605032,0.0948249945802749,-2.19006221137814,-0.456000456119809,1.60130622919977
-0.309183466079442,-0.863954667058681,0.400525384931602,0.618756246878111,-0.568994473074521,0.23256642606329,1.43353042199601,-1.14374569952143,2.44939136871846,1.10053142646129
-1.3012889333498,-1.18174700236057,-1.45728304296647,-0.553421886679047,-0.203912383587774,0.146090196036917,1.10597838243527,1.74760402334069,0.245087104906468,-2.49171380308906
0.459476919645033,-2.21615104815157,1.52898317414471,-0.0744036690368766,0.320207331130355,0.485699168604787,1.54450604633487,-2.319462140452,-0.488638924404085,1.86592209698407
-0.0070718788659945,-0.577647106358636,0.128169175219317,0.147834509573832,-0.240580870407725,0.0364266889948887,0.679525458104493,-1.63631584204993,0.169618540690689,0.0827846650949028
0.326831727566898,-0.641517450287521,-1.45792715261055,-0.787983493347598,-1.09859762454341,0.0466851798223691,-0.505428156538609,0.266279421743053,-0.853331443332244,0.143918868039934
0.751402321025646,-0.935656515338586,-0.298141970961914,2.40469564445371,0.308011186784374,0.472929943218254,1.30712133462765,0.441634134023869,-0.477473536992362,1.25330405672466
0.295204544044195,0.473988785521805,0.769143125556179,-1.37682746592435,-0.607799451254382,2.119666420827,0.432819273748517,-2.82110610748169,-0.64808516647138,-0.387282255752274
0.545843291716462,-0.314544401799928,-1.26265627177024,0.56824194528507,-0.394007604445871,0.857016772266459,-0.357117845188343,1.26608515431148,-0.257869817580062,-1.76988247242357
-0.620799640492993,-0.214111233666998,1.04186008787985,0.493072628617237,1.70804143436936,-1.08434424827006,0.905228344025083,0.716927094864954,-1.06515754623687,1.37458386213251
1.17650709339317,-0.929357968836584,-0.204663605498492,-0.555396357541194,-0.225835603348668,-0.808340314220698,-0.814507673101723,-0.950085555906408,-1.50905589198524,-1.48592640766415
0.455504032284393,1.22398754070344,-0.81364102816645,-0.429652208871532,-1.35584347588872,0.764446864758085,-1.2493991491003,1.01121369869428,-1.07212618617235,-1.62137134695495
0.951516014345353,-0.448837124831972,-0.668958936620301,-0.632695007901507,0.81197251797678,-0.626469776129866,-1.07628517228983,0.643570566134808,-2.40671301737171,-0.631637097028904
0.542734467246219,2.23827738644921,0.836742600794879,1.10397468761055,0.680410198359719,0.387593971213942,-2.26921985428496,1.11738877259333,-0.586516443680347,-1.30040786316441
-0.90855329243147,0.597110353118168,-1.61486821189732,-0.0553466235428363,0.332077804163323,0.316726570078527,1.15733895958493,-0.0513170462938428,1.51951142317566,-2.77131923006259
-0.287538830015648,0.0398940001167937,-0.255823009459349,0.864644395403175,-0.607915000483162,0.404536723999064,-0.10881662046708,1.98079123218499,-1.65258937370551,-1.04361448691609
-0.471327160938533,-0.0229274504867266,0.998406276679828,0.954567858741843,0.209591930939748,0.467414414222443,0.86388963624163,-0.411097753091585,0.866803956778572,-1.65648056931031
0.717309215847823,1.07583515754375,0.62595396671959,-2.22364450638493,1.11119374878914,-1.63206855381813,-1.55209687903249,0.419011175841291,-1.36931741853734,0.974594907320184
0.614841221825857,1.96042068613323,-0.586527904746472,-1.10277085783545,-0.0900003890533118,-0.810346711555446,-3.04226340307833,3.46926212171459,-0.959227872839836,-2.84698656477793
0.902979329076193,2.1181788793941,-1.73438906099054,1.61909392816665,-0.0522635283034262,0.068439438277471,-2.60164715663779,2.78121318960345,0.0852226834476318,-4.55101905040199
-1.00002066421098,3.11650112345267,-0.0895787567661823,-0.343662782759311,-1.77279310983143,2.19154833206306,-1.17755732154659,2.60685075241308,3.4625866724216,-3.14656108162791
1.24039919470026,-0.420239476065507,-1.08109232315024,0.689866460518764,0.474941052869895,-0.976076803927596,-1.21128740715666,1.45163175059086,-2.6043283384716,0.508671722761716
-0.243699935499013,-0.149812789030066,-0.117465901103615,0.773493660164203,0.0048107267469666,0.427330849720905,1.44881743963165,-1.93879127083487,0.160056451575534,-1.547420827764
-0.950711405768459,1.90141833460103,-0.575024534958228,0.266390852391268,-0.0108990015288863,0.297345207047006,-0.533327113149439,2.11712973907806,0.502743208032633,-1.77660518124239
0.708761906037722,-0.626935291650123,-0.523327345372156,-0.0426242463571059,-1.08106031375387,0.395105240837771,-0.469093069804832,0.248136169632463,-0.690788554622515,-1.459725031532
-0.733660459333013,1.63229840929232,1.45891941887343,-0.677001138661679,0.548366781058355,-0.556341059163874,0.403499472283285,-1.95865130139864,0.679142997984195,0.306350041903114
0.277580432120949,-0.46199052427343,-0.00239047309294436,1.57585742559879,1.08415413457698,-0.694806426107391,0.945449278068912,0.278160593177355,0.421759445560125,-0.571221539796769
1.20930675074541,-2.76130599725347,1.36422051896013,-1.33030881973616,-0.195552231747023,-0.14719383508169,0.105654533821261,-1.61103557056264,-1.69697121233398,2.08402770287773
-0.861131118208979,-1.4842673473784,1.01020635551206,0.962967508076303,0.721454098540581,-1.42002929599592,1.76770729338083,-1.70957893091607,0.00816664398683326,1.48437987034404
0.372116366447263,-1.04016173718933,-0.469591989327951,-0.354237792362292,-1.65705872131875,1.50370887416392,0.165124883555886,0.660334485116996,0.453463986043793,0.45612337180264
1.32646346706273,-0.230139523454894,0.394574985029192,0.768618577059768,-0.140119976248409,1.06596605912706,-1.25648554374153,-0.947938461788171,0.0602215643004191,0.682264219281819
-0.943370902331039,0.681833834445943,-0.320279858896728,1.40218900492636,0.640157499685538,-0.305744902375741,0.627426328181437,-0.202781582369983,1.23855998869148,0.0847166337894409
0.194602430845412,1.76491466419117,-1.26897190990678,1.46850844769269,-0.844055876721151,0.513497464609573,-1.04588732617271,1.55078012361245,1.56397292220351,-2.87464250959675
0.405959278499464,-0.365104032646663,-0.441145488704915,-0.166064552916984,-0.881770086149494,0.541111102922495,-0.823108506285922,1.20971996069403,-1.20158998908426,-0.694472618478552
-1.06483058201496,-0.470930959170498,0.910077182646901,-0.342551423289474,0.408174705911458,0.0195175134523371,1.20264724161716,0.154771624692128,0.992018619147026,2.78172221114417
-0.945830942339131,0.524386019165727,-1.45798641066752,-0.765570971529218,-0.292765251602523,-0.127955900216113,-0.0631373878621753,1.12558618877264,0.557361021041851,-0.745215470767878
1.10546067087761,1.76017595394177,-0.902778425134311,-0.154953387362639,-0.893114160199436,0.322667323129842,-2.89521952165482,1.41674632296193,0.598166658840217,-0.719010527323407
-0.361932960965738,-1.09801416413667,-1.52276694804026,0.837634859900741,-1.45336036457824,0.575843482959896,1.61779858947326,0.0802430324623834,1.43455491214744,0.126253105118923
-0.422980903151154,-0.543301269531693,0.110308127764556,-0.861020209129589,-1.46640816087708,1.51951599710863,0.350804631498129,0.264922474461402,0.0628860673242308,-0.0509741843887407
0.116716885290459,1.54726919459626,0.224636336449794,-0.668998681619406,-0.256451744343376,0.316873416736009,-2.00979249231106,1.04423455071258,0.0595538923630927,0.803084540025422
-0.027142379049901,-2.63523496585744,0.0111416699860591,-1.0250181414877,-0.242202710386395,0.0574073490600387,2.00634670926586,-1.05482616171994,-0.610120661181563,1.22924413704764
1.32023859336867,1.33857446614304,1.54902773914093,-1.03943011818304,1.13951187139303,-1.82148315334351,-3.13199403313251,-0.162480030645964,-1.96675236372883,0.542352102101843
-0.49150286280377,-0.175269134761348,-0.138064382584069,-1.12967254275207,0.170420084381897,-0.871079119486871,-0.154177491243453,0.743243038760316,0.0595204274990559,0.838264847293014
-0.725250868135876,0.778647585561932,-0.183800720669918,0.877266967898045,-1.40646132004344,1.79470469155617,-1.20441653056074,1.78761389358062,0.77604287104693,-0.460468819669145
0.0461736979888617,-0.00989586697658944,0.19663777458088,0.772347587431737,0.670197514513987,-1.27058858132056,-0.927250357490852,0.35091815263414,-0.841930898447559,0.264326082166915
-0.262596099062373,1.25467807278205,1.19741610683548,-0.627770528242627,1.13174809082766,-0.361310070762857,-2.11909941111853,1.08986737554933,-0.887417310391927,-1.25552628881303
-0.390729096025739,2.22027571290742,0.14547828193122,0.226034212217502,0.609014085629049,0.230034249089341,-0.971149455549093,0.503280476346752,0.755462753521429,-2.91130736749232
0.747334733570216,-0.0286745252590021,0.597711117318166,-0.802458677264207,-0.468055480242742,0.940397975544013,-0.312680292892536,-0.162821342665394,0.635317826503657,0.367003689750164
-0.967295275490507,0.991541138689073,0.194732414894516,-0.783643645644759,-0.163881439702533,-0.322902342782821,0.0644719552643893,0.274501948930085,0.57946569728151,-2.39761003031058
0.115022365846736,2.57594902636275,-0.692416276785809,0.922936473630744,-1.98396524269501,1.67960307872443,-2.03688933239047,1.9160365757374,1.38246156341331,-2.24098544698412
0.0360126186690345,1.76894848067516,0.203828414063806,0.850991261927459,-0.477295638626982,-0.694631832385694,-1.97961412935166,1.98063544834473,0.501428006585536,-0.829244395808968
0.635170060522007,1.23515308737762,1.45624927223734,0.594189255363216,1.58358282052262,-1.52716779413486,-2.11564082684672,-0.352137705907698,-2.15393458654226,2.98979774762786
0.169254810005436,-3.43734894715983,-0.351457072280136,-1.44360626074518,-1.32616710330096,1.27737478846191,1.68867044529374,-0.743053369084386,-0.28649994462193,2.2683227258861
-0.389521202571877,1.11004962448111,-0.186628302277073,-0.494513053909891,-0.317847866202752,-0.246692747174269,-0.518307298356298,1.57478831962558,1.09156191286951,-1.43446832477199
-0.601275417717665,-0.64045504818586,1.54483510914915,1.28380561082139,1.4148131866944,-0.971085399247036,-0.475874555472652,-0.0424427690453332,-2.3754519972067,0.999727074416072
-0.195775725697251,-0.68932307391632,2.36623838042259,0.144459424173885,2.9953590675664,-2.27141660593937,0.0247092975548675,-0.820467313829249,-1.58426015014986,3.73102492831776
-0.44827964571218,0.292371610973092,0.253726609681768,0.520418464239703,0.191190049606329,-0.509744842894293,-0.437580733041312,-0.506327770025338,-0.936800420233121,-0.00749587585479329
0.259316951510903,0.218413934883185,-0.552378815607866,-0.614828449089526,0.146504650057845,0.587982189367989,-0.671498547205277,0.473603225803002,0.10348902266688,-0.582543574740781
-1.38927540460604,0.826499275127533,0.158854055874272,-1.0848719983955,0.0320549765732677,0.761836045425423,0.386830175441517,-0.00466451676709567,-0.305393126622669,-3.03844182157266
-0.506653589057817,1.08018411347718,0.308643139740622,0.746877396915276,0.000175325305341539,-0.0341944778027602,-0.23090079039581,0.917910974009171,0.364929975649188,-0.393274714493764
0.335155501367783,1.43564291738801,1.40536997191304,-0.835792302560658,1.07124645741481,-0.73197765658567,-1.388729047802,0.11952156525805,0.47803034179214,0.618330603649046
-0.112174527856452,-0.829429426878659,-0.00430290935145069,-0.514709738128827,-0.148276670440591,0.0769502725369872,1.13035598775099,-0.671291367189002,0.430077276338074,-0.218471174004629
0.358575803487141,1.16434540988785,-0.62388158907753,0.395293819799589,-0.0555126757598004,0.984560960445392,-1.01140091033789,0.17315756732845,-0.0461975991790722,-1.1648801572075
-0.576976102641824,-0.724614635243447,-0.526746662823745,0.150731687707946,-0.213437298303991,0.512394132502805,-0.0952082347526419,1.53744618074653,-0.550506906834941,-0.719093635568052
0.781202080592634,-0.671666501097813,-1.00965260054852,-1.35803315871768,0.378652280990238,-1.80723080169202,-0.148989578140285,0.28801411996282,-0.289695063647391,-1.1814462283537
-0.625511805319117,-1.45452306956691,-0.801461195583813,-1.01566501942093,-1.13635405745317,0.298475379976742,2.00101968917702,0.0679807303462719,0.333973602975284,0.982175390513366
-1.60919975766567,1.13096190312268,-0.815089992592973,-1.38845739556172,-0.723286916335552,0.300353039490372,0.38152674335409,2.09933271332179,1.56106170919721,-2.0183490715826
-0.694006068193095,-0.441604086528944,-2.58306908828677,0.998038466224503,-1.23134637640829,1.27952461516797,0.545257628971175,2.58957556048574,1.70774317078084,-0.571562768746911
-1.38134637177886,0.0725535592135089,0.658390849982569,-0.329962529578215,-0.444388519439822,-0.832474595685847,1.48060527892761,-0.826555742550371,2.54554378276167,-0.0876503676543065
0.195535519059068,2.60211947345991,-0.206609549107849,-0.586985307777862,0.22002376952566,-0.296163072085818,-1.49120733375367,0.563596003385483,0.538624112260758,-1.54796591989851
-0.256981250185037,-1.45495254671757,-1.0112670579414,1.98580152744207,-0.691387166177205,0.985073079526043,1.52977015735148,-0.574737562499185,1.35277935337471,2.10520627547688
-0.628563423057844,-0.825988644812942,0.209515864334404,0.538890700749499,0.298167683621423,-0.347036564550557,1.30764116035597,-0.501506685333723,-1.38026552109299,0.657635078804119
-0.0793098169345722,-0.722456586691959,2.71613444717741,-0.422348435030137,2.04131057548133,-1.98540513617928,-0.285785025339839,-1.73985474944208,-1.08329111508395,2.81790095452728
1.58971303455463,-0.0238242746281948,-0.513365558328808,1.94419601739961,-0.501464575849825,-0.13152886274866,-1.54644143793345,-0.38985261477315,-1.13598018466433,0.777076168252811
-0.72688097790405,0.538968083767393,2.61515920237846,-0.354330919392177,2.21154782497619,-2.03722539981736,0.42602291355307,-1.30201355399418,-2.1656082259408,2.62252307667209
-0.217287950655148,-1.00298891469536,-0.053633279894356,0.23586199446108,0.649911888586227,-1.20786937351186,0.146779559786283,-0.0757127627133574,-0.823535155945142,-1.15733272829097
0.193597526567962,0.0808365185500443,-0.204620071386081,2.08558251392509,0.799789573338993,-0.00420451116040069,-1.19232060035345,0.0392396157679966,-1.30772357265953,-0.2395127240812
-0.0699845297269464,-0.952980963253041,0.964298992201422,-0.740059488700228,0.111601174864659,-0.914908822169321,0.62011460346949,-0.924930163212299,-0.0606372930532281,1.29393855228426
-1.15717622096447,0.922943610799088,-0.562533010665513,-0.00098334266319956,-0.29242700625586,0.31798941910968,0.157259843595099,0.395861889543886,-0.205213542076147,-1.37368815617373
-0.126057658359857,-0.48619025276228,1.57498016045513,1.48000758141046,0.829445761776194,-0.276428800441713,0.162740098356442,-1.05739754426545,-1.15167731943983,2.52593062332558
0.308418864026121,0.205556789596298,1.18018877488251,1.38434768946883,1.55386104289768,-0.820899201914274,0.0388135466353547,-0.945545230006662,-1.03451434877811,1.29670917618951
0.160928049577857,-1.06212422695547,-0.0294051956989353,-1.35052217098347,0.0874037529980346,-0.0449874816406962,-0.0709188781190164,-1.17883759404006,-1.78023943462321,1.12998330753097
1.03550863953363,-1.97496614655653,0.225035634832396,-1.06300793494237,0.596636234065622,0.345858219590078,0.316920237384362,-2.01620705559615,0.432069594245089,-0.893715439407113
0.146343524089237,-1.38427998971187,1.05484295969464,0.886549281917467,1.0051816800747,-0.419439223106716,1.00034707985527,-3.5826001616718,-1.55899086995787,0.0109224243826982
0.300051690769816,-1.23841345553,0.33424127530035,0.498255549012999,0.898037707953312,-1.75340963078008,1.12058212376486,-2.93617705200282,-1.78790134614389,0.0741509102378884
-0.656324234643557,1.79698776295798,-0.783841076309091,0.0871036242019239,-0.31754013946556,-1.0031750202252,-1.48028336145375,2.72224096069406,-0.337595237165181,-2.73942897761271
-1.57091970328108,-0.950491652151366,-0.73800647868134,0.932952661926479,-0.147694293021763,1.14553413300036,1.69343066152367,0.804990283458868,0.759724309221145,0.72935453924859
-0.413323450338394,-0.246572123680422,-1.21124367928862,-0.775955586410817,-1.54120394660323,0.851239162196792,2.52728529060152,-0.341155521477357,3.33070279955355,-2.2822863241236
0.0416447133295043,-1.27388389632927,-1.02854803964692,0.644676270315372,-0.615035575679215,0.849758462672369,0.856952812725225,1.41317217267784,0.402117934790802,-0.571687038613569
1.00804351924204,2.51339579331053,-1.5834727382486,0.915011390328186,-0.425063123557347,0.700903032110819,-1.66717972642777,2.0519563142694,1.67332572011746,-3.16965787100859
-1.01092582376497,1.00310188563759,-1.64707336681827,-0.728340066405504,-1.38807683671541,1.62297355958108,-0.486172086557905,2.76959137907577,1.25341365752588,-3.31510571250851
-0.859741700439712,0.689770020230025,0.332054240704901,-0.569936448367996,0.346745280336998,-0.782693385022035,-0.969766082802944,2.37293678462752,-1.73319002100368,-0.0483263467087296
-0.166463447443922,-1.32383280267382,0.35219074661003,-2.16541592643931,0.167946849107807,0.0757265508388277,0.0217770770534623,0.932718492498151,0.273627313332679,2.6550849466023
-0.579710861015237,-0.294092110211495,0.169556755190845,-1.07099803960739,-0.0642154766148258,1.13196436575125,0.627828522294095,-2.15633835073279,0.161082844871209,-0.825086818517436
0.637583597871788,0.0825077618434797,1.72597538028032,-1.76021692459637,1.84769560522355,-1.20437512786526,-0.630213983216387,-1.53605721675108,-1.78925185462173,1.10745425010564
-0.0336444678993874,0.869725494936261,1.39440060184089,0.205963065861379,0.760602704289925,-1.16557841747065,-2.52546837366938,1.23115893498824,-0.497208054210713,0.00554237586653165
0.0333574124775358,-0.242290491685987,-0.238006286404706,-0.504322946495819,-0.703576965457805,-0.614278336136659,-0.150684931651834,0.0890206317353065,-0.443270580399024,0.252430054262592
0.565843560505925,2.08465847831585,-0.284951134096314,1.27714143594036,1.6206761968434,-3.07348621576133,-1.60088490852568,1.76865456162098,-0.443176986081392,-1.30913880785045
0.902703380889352,-0.0190246824805359,-1.81073422274082,1.15144888512886,-1.03762227972961,1.31626390912498,-1.32334018228143,0.95607498970233,-0.500522804520133,-2.66827481113853
0.552833482687888,0.264174495817759,0.144429352777227,0.328860095058407,0.178968279516864,0.63613058272245,-0.994521442865327,-0.933086740097336,0.610216259850774,0.302686667015003
-0.0197063359247073,-0.181564268673298,1.49549798867395,-0.812573913686388,0.946538886843984,-0.923388697717047,0.698215142676495,-1.85325791149986,-1.59728815794249,0.622208905659589
1.34645526366429,0.360482720853008,0.74966567435047,0.579647904725646,0.375280277995486,-0.0960235224005236,0.303767346388026,-2.931884411273,0.301938854018626,-1.15214473279554
1.69659451480049,0.780936448883985,-0.436726510969154,-0.919651948139712,-0.758299181765765,0.0790155389653987,-3.4217464121008,1.80049469653179,-2.4332991574102,-1.46479900350837
-1.11370459834908,-0.195349416786962,-2.57877781179136,-0.24533456183356,-1.94818225986403,3.82698373914175,1.43711895751633,2.293211579925,2.00989442874623,-1.48075295821963
0.111216589087509,0.483896689021785,-3.1838066608259,1.88189886085735,-1.60103642432311,1.36178013954602,-0.618844216509808,3.1295959098974,1.51338154896618,-2.174608542686
-1.47655302120663,-1.22602992529549,0.211023673472428,-1.55677230451105,-0.266038598787907,1.25277063105335,0.444838575614314,0.0573099966749055,-0.758457427557987,0.269193725658123
0.598090523443204,0.625049345559744,-1.50711282531072,-0.679333434579958,-0.18196131436373,0.735995298249294,0.0245681514308628,1.77260519942382,0.512465105852578,-1.90758236211527
0.782579826069164,1.37572184271019,-1.11242756523592,1.39783239997461,0.898831806731337,-0.628253189380119,-1.06259560938232,1.53018917353329,0.281129571131732,-1.43125446396053
-1.19166744711661,-1.93883036426281,1.02020637460618,1.92386716042775,0.852952093215736,0.404107171765637,1.29919735612904,-0.543113496841546,-0.52009212747657,2.11366239615336
0.686957550562442,1.07135761153953,-1.14529610357063,-0.304629784394603,-0.939574767916063,0.244290242843999,-0.266757092885791,0.303030112975395,2.33981631147761,-3.17437002637374
0.102744594093193,0.585156251106097,-1.83905748578185,0.845338140036867,-1.15609730465233,1.36905302343644,0.221174413560228,1.32087888072395,0.101834498554068,-0.948840283202053
0.592756257526902,1.62530536391192,0.0328814585298983,-0.370735680371939,0.686703014215592,-0.344698340507149,-1.08147964971952,0.154501422238042,-0.382638192663559,-1.72213431360214
0.680910626788748,0.427369506468115,-0.0670750719367655,-1.37842787952867,-0.0735949425355459,0.109593819837774,-0.709852097727391,0.27854722318521,-0.577230146543345,-2.74140625952062
0.37395842851475,0.0540652956771843,1.22019998567239,-0.575893504729195,0.595859641824431,-0.304743396822262,1.61056340106442,-2.73864550872088,0.139334490278748,1.57511726343744
-0.0761328834947288,-0.337527268351363,0.348328937875144,0.619534067897328,0.467250830314262,-1.3072461790505,0.293370940472128,0.253090178723876,-1.27316123556834,-1.0987286113924
1.59005417641802,-1.84985239949039,0.25369617143204,0.466111304429038,0.100196455661503,0.340409251621579,1.2009411579881,-3.34687616456191,-1.03781405467579,0.436794910661214
0.383915913726903,-0.258133028643499,1.13433749948965,0.543013854384548,1.24005690186686,-2.47808710224606,1.25071631069939,-2.9560681969501,1.29553753453973,0.474592538715958
1.18344303721049,0.759033488266588,-0.428908621574537,1.41669739163776,0.0851363161365507,-1.04412501677298,-0.452725986425337,-0.045632197706584,0.834607578481836,0.51610782125483
0.494568531578998,0.821911099333485,0.0457701860455533,-0.814576083320455,0.251270699921767,-0.640054370055618,0.574702148223404,-0.905299057356972,2.29389252368058,-0.396027422294617
0.881983922194831,0.834847632949804,0.746140365628593,-0.611964081074674,0.323052192650423,-1.24045433978743,-2.57148287323003,0.516310915296852,-1.67183855488329,-1.00430129074988
-0.430515247541255,2.40588434239739,-0.609230955595664,-0.801934169171587,-0.341582194994671,0.765574880764945,-0.930513482904514,1.80492996632783,1.00701337540735,-2.32510268555079
-0.46518293063404,-1.35211652769614,-0.178173611713401,-2.07439707182117,0.219611271430436,0.0373928398640758,0.906441094423067,-0.864084290428181,-1.23014729449499,0.363067095010505
0.0514019416374101,2.24156894237579,0.233968408111412,0.558594582502404,0.612454188344316,-0.100736757836276,-2.05843303523689,0.124864831675974,-0.922473426673527,-0.53153657822857
0.462444468050971,-0.932947620774641,0.0747780544813006,0.861096262591837,-1.07946216902156,1.29678023121193,0.718223739053117,-0.00410613088341879,0.921638922757805,1.17573705320013
-0.30567432963137,-0.442572411572704,-0.43381929320517,-1.88214937597223,-0.458007460870039,-0.407685942059692,0.208314407392719,0.481012894730547,-0.443756342760333,0.845350268466392
0.0180284310565292,0.080678684929661,1.23543614283478,-0.171896423340284,-0.733193194712401,1.20237808501627,0.981681672755589,-1.50499392568551,2.17554575467039,0.500683564198518
-0.127053362297145,1.21684927823915,2.25753603981746,0.092324015538475,1.17689867114144,-0.479397868978679,-0.13412786607123,-1.3057062865058,-0.204819706867666,-0.242951886127844
-0.871859742825583,-0.252091033633966,0.28527075542698,0.133323117384292,0.86574638360335,-1.05051713112139,1.83542784442387,-2.30560157500524,0.644751806204139,0.779284060471856
0.492251310777517,-0.121604894217049,-2.036507973145,-0.0666281415971195,-1.8668062683745,1.75786815866381,-1.1113708329096,2.8235726280263,0.716628289262415,-1.56536470977028
-0.101373978722713,0.655579532505534,0.373657716185345,-0.142982597290478,1.73573860861313,-0.886653767991484,0.032820422919194,-0.415414567757509,-1.46786367306818,-0.806534402762561
-1.11757781214512,-1.42412779317879,-0.506823668207384,0.133340078219918,-1.18647013939,1.3749550460771,1.6304530595932,-0.255051377766891,1.38486581395102,-0.0819083055744489
-0.758680811582226,0.504141958031241,1.0917314807901,-1.16310056575622,0.581920294287288,0.391518905603099,-0.0918491021193821,-0.588906087979561,0.320552055221909,0.631554784020134
0.538837552765937,1.93462287871497,-0.679712837135488,0.0719183197723669,-0.731914183954124,-0.0749791762908819,-2.49502477330504,2.21738136283985,0.284341619986697,-1.1577826291185
-0.274865481808792,1.07059076165088,-0.196511876841895,1.2759855128903,-0.703915090344028,0.183932101242765,-0.242908680808777,-0.012353275338836,-0.251686842120158,-0.845817875885936
-0.00642879544280244,-0.656299711125779,-0.9447091796191,0.0443441010249676,-2.43118463384696,3.21140488983116,-0.414531374003322,1.32523379260366,1.66136883226203,-1.13840326848266
-0.849067518183731,-0.862673546164537,-0.114750547000046,-1.45996796235154,-0.29769180113693,0.504326737863683,2.5370028141384,-1.51081958097291,2.65996826128493,-0.390232819228275
-1.68358340557338,1.64331673490549,-1.01626093528884,-1.93131146290695,-0.190713594323393,1.19823135030426,0.461816254932667,2.90918244557213,3.14635748066409,-3.5172609443099
0.180385040791986,-1.33258315745318,-0.836187617649248,0.200805794442513,-0.520748894021343,0.520279399198289,0.842693737542899,0.96886287708047,-0.486490781500644,-1.11703004974237
-0.101203291383611,1.7270712030978,0.119012172283558,-0.584266101875281,0.259924601320934,0.844965985622076,-1.70153270455997,0.186749817858739,-1.25653986027057,-1.50416197063277
0.156670620928184,0.785171031493469,1.37279113362931,-1.29896834870482,1.23304192223229,-0.082792381290352,-0.631532301626205,-0.0357769386568064,-1.65948415980054,-0.771898408906575
-1.21736939880612,1.56700946014036,-0.668531179699089,-0.596976137811666,-0.463372412246024,0.225504589883377,-0.978894513902179,1.6689132323371,1.83867719230046,-1.4508398252376
-0.263506625444374,-1.24386325905595,0.256622823820555,-0.893166175320404,-0.48897052537061,0.654774781906403,1.35249334241095,-0.966097058968476,-0.292757803761298,0.376182069428236
-0.30301620166162,1.19315053248359,-0.0775618826919209,-1.7427739153977,0.301146286521905,-1.70804124326384,0.0559170901378578,0.189655014398022,0.34456660232943,-0.872119863683425
-0.383531817374054,-0.231965104384943,1.39888953672907,1.22162589261839,1.41538110781077,-0.867472192727876,0.623418368058254,-2.58971383240136,-1.30053915562125,1.35637819925581
0.399392179842537,-2.21303200939226,1.22635077984879,-1.35256983111376,1.29166981627551,-1.46924251008189,1.35253670157153,-3.13884902903389,-0.681047935534348,3.49176959529074
-1.27897776852178,0.342183568538719,0.661656956337417,-1.48244046369253,0.50121086012598,-0.691216816032271,1.68658841433007,-0.955393613372919,0.832492765902391,1.23291812401039
0.656361142622615,0.213428283226694,-0.474194727891184,-0.390541333612131,-0.954589800771945,0.621288149643066,-1.19571519611834,1.42576967365054,-0.122052370966889,-0.242125460408786
0.101829780351799,-0.973145295317678,0.878730179064451,-0.394667240113151,1.08902375261574,0.0515535104699486,1.27905927675319,-1.23510586447483,0.0270263521843687,1.30338737680035
-0.799639063561612,0.997246230271053,1.17874003293456,-1.55918095993285,0.0585642295440457,-0.944884806804824,0.0843238638376453,-1.27484271573931,0.931984575355345,-0.0804229744468009
-0.678791293856361,0.433651731931424,0.45319569454328,0.632724296033491,-0.267324940376965,1.11295863822021,0.517683104482832,-1.46543529683907,1.40433738036461,0.866201536842659
0.567186406759399,-0.760662157505247,1.05235173985716,-0.936672357254171,-0.799774502463205,1.74171372958539,0.111863763004657,-0.841680529308474,0.0828273229515374,1.51529767536255
1.1635516324271,-1.14325910810425,1.05919694146017,-0.280854229558975,1.21782025024338,-0.46245020508776,-0.0672559578287469,-1.27352996648382,-0.723532578768344,2.72294255236616
-0.297375858654431,0.565111151242228,0.315599073621428,0.276582594279364,0.68693569323397,-0.469501115088918,0.179444043368652,-1.33495711821825,-0.347923881238921,0.187131886518067
0.347104794956675,0.713673419023529,0.587589012159493,1.27313672021171,0.0667549082070965,0.0560241882346563,-1.43208626696324,-0.745006231123686,-0.049078781859154,-0.27719725114789
-0.170922352302856,-2.102178754912,-0.253636666858095,-0.108139165140038,-1.07304123768534,-0.943631931365351,1.88527160075464,-0.71869030919606,0.410932008540159,2.0042051504582
-0.125887981931528,0.550433340976349,0.291997060649351,-1.71337950802044,0.651126704983285,-0.282580115591332,-0.898582045034038,0.901422012166401,-0.100462270675745,-1.62628084968779
-0.113602802403897,-0.998599546280393,0.959525258608755,0.22716093966777,-0.0397934764896266,-0.340761730214113,1.1631298264696,-1.72346028523747,0.492520671755943,2.61497312078941
0.719064408796714,-1.2420749318651,-0.388689972648266,0.430143427311502,-0.220867898859311,-0.168674405862763,0.353654969215409,-0.73827933252808,-1.51442003893991,0.335551066120092
-0.126454163185999,0.0872924094961596,0.00619438173355808,2.46660265620964,-0.0727283374368882,0.491569834197908,1.0893850060499,0.182482062459554,0.725152699332122,-0.943066414493689
0.0575419382835277,-0.18670297821213,-0.0863743421279385,-0.436316991580302,-0.446359299420562,0.315315752410748,0.114154821612065,-1.13242919002269,-0.392941048790021,-0.250844322299092
0.757496777545316,0.980903579387271,2.06645378530706,0.18613049865167,0.363127316089921,-0.260865378127147,-0.172133698184373,-0.957832378287367,0.60609313935855,-0.191066981005957
0.942443049210488,-0.578462654530928,-0.150048444020196,-1.15798750389928,0.976898217518578,-1.15636689937936,0.654835791884166,-0.947200325938404,-0.716535080687275,2.07754082742663
-0.376379794008111,-0.0667394845633546,0.306011379366787,-0.778024401944597,-0.626621166430908,-0.712668742848678,-0.47377503744878,2.0445536704711,-0.204680931307405,-1.41877417735661
1.12293822029723,0.906051039238093,-0.274872488932661,-1.67801511001501,-0.265416925709478,0.483168799354994,-0.160002900849957,-0.782242630017666,0.426610632305764,-1.03287696075723
0.681277125611687,-0.53412670031161,0.679961833188153,-0.827898457601179,-0.386838358477346,-0.687923058364767,0.820983815801479,-2.6066156169242,-0.123756809957228,1.4923544358389
0.0827825613899349,-1.05447907999483,-0.0206931472110161,1.30670418695379,0.10555215209045,-0.875789336561467,0.451365726447734,-0.461668621804645,-1.00612930557526,-0.172921583760368
-0.0375722406940222,0.731766465654561,0.297149329730006,1.70311646577095,0.794969772789658,-0.0535834709231909,-0.995934097457865,-0.333736716850163,-0.927637958867435,-0.584249700130183
-0.0293262210558903,1.97153300558784,-1.01876053507097,-0.0400571123660301,-1.47514341156097,1.40162256758212,-0.830671306576807,0.565224240446976,2.8406669070108,-1.42577700871637
0.126264912073482,0.0257026453240316,0.0526022638120176,0.706218419465432,0.948312059764536,0.188424426262758,-0.935656566564593,0.817157982998238,-1.27366296360834,-0.968735729329171
-0.0674387934122857,1.98747755510666,-0.0331711957125222,-1.62206360415875,0.171720845913651,-0.411254633462337,-0.536700514616107,0.775505718155121,1.51978213062224,-1.84950046555827
-0.00639925897440415,0.499312239563388,-1.10206539380783,-3.00411054428315,-0.609484282614643,1.31805568896591,0.354690878055478,0.978797576338983,1.35065503194477,-0.282788873806091
-1.11508255541517,-0.0293835232859895,0.450704879876639,-0.321797903246059,0.297978714378069,-0.683233134974934,0.367846463143277,0.399625611001279,-0.212278798866919,0.337546734549313
1.03127698876168,-1.98959791040419,0.774182546358939,0.462102346175738,0.458559334453751,-0.687843471273824,0.663540987840047,-1.57334110339192,-1.75435761314488,2.86295267298692
0.863333771776227,2.78045326375989,-0.0113466974952119,-0.415920167648404,-1.18540462844747,0.97655904224727,-2.31111581891543,-0.163867407991411,2.69897934844084,-1.41728482239844
-0.614691062879301,0.926837740313833,-0.528608479247967,-0.900662218132134,-0.16629184057879,0.61391772179368,-1.66726537754848,2.88876985193355,0.445242236977911,-0.255651635363214
-0.480848657413343,0.705119378789412,0.988324294186787,1.02484988934257,1.02475729963562,-0.42436427851708,-0.128719172109342,-0.967789793346982,-0.20927733469899,-1.03654521954832
0.193151593514387,-0.72829330501628,0.592941040160056,-2.05936722316832,-0.143223167219502,-0.132054546452625,0.00654395052757856,-1.33141533443324,-1.45248557652824,2.40082115966375
0.559531007333721,0.45796209569169,-0.618517431103932,0.662290149974066,-0.367903565391317,-0.285367706042228,0.402692489220404,-0.928097406751804,0.857732340410198,-1.30581896720192
0.709856541390934,-0.323643102355721,0.102312262703937,-1.33216204663069,0.540296979751156,-0.10532403004284,0.89896825126782,-0.505924159467988,0.304278723099953,3.08951650329253
0.459350861691327,-0.871279296619036,0.186001173282921,0.634131788800011,-0.885916570615903,-0.907477612521216,1.62563588911692,-1.45803522150756,3.07778002860923,-0.824642557096203
-0.249679700101147,0.817948580692323,-0.444124142291614,0.918419479696727,-1.16703641945977,0.0891791598417595,-0.287484641156755,2.07712890092763,0.69509178544484,0.415883313872051
0.573582932152648,-0.0243911196155862,-0.482549073828223,0.229394228478188,-0.957446647510643,1.69416677758918,-0.390395654245049,-0.750564006808881,0.508943995754138,-0.0200379739319303
-0.306318023020491,1.20203281871506,1.26620369975868,2.40635358039366,0.859201000516806,-1.00179734566484,-2.41522614289502,1.26059334053802,-0.81388165531945,-1.34371103108135
-0.204108408060313,0.574616593910083,0.187722956658036,0.0154949287506566,-0.961319016043875,1.31305762378432,-0.665872246723228,-0.89669653675883,0.017277698170429,-0.585374084949412
0.727142802028095,0.949516920902637,1.05086944774916,-0.56643281749061,2.343382863408,-1.4934264503571,-0.339054205525853,-1.0134244903435,0.566522145417582,0.789726605548626
0.929699453395879,0.202152893585221,0.104561589773929,-1.47770678077322,0.223375583994593,-0.598664543274592,-0.413833311884786,-1.23231453540007,0.156724910992167,-1.29184372324129
-0.52179589988521,1.52455079720802,1.44517315997286,0.81248246964792,0.379630043138029,-0.0900981456038123,0.43176556140527,-0.799921955188497,1.36151688024931,1.99548136163806
0.470598112548266,-0.345307889611297,-0.259810887351247,-0.834309088278502,-0.522763007275748,0.91146025077189,-0.991487466878026,1.69124116848805,-1.53378727368193,0.942667723721338
-0.12396268632676,-2.51135242289235,-1.42515178769705,-0.232084832744635,-2.02271629812079,1.42899441160294,2.5588214031615,-1.42791038056666,1.60400359934847,-0.225594838908374
-0.364582306068661,1.85859122638023,0.0802288096876864,-1.3484445863569,-0.254158192360177,1.18850763656285,-0.870783230908204,0.991093476491025,0.0399050294381465,-0.578611272867334
-1.33740286275731,0.0889433085400289,0.631793821785659,2.2529895490431,1.14153021083373,-1.70406165470185,0.723162108690361,-0.219969735568349,-0.0788047447576655,-0.660593904692606
-0.1727018494918,1.16243211247585,-0.0429012697343491,0.923088324550793,0.567441969984455,-1.50392115174758,-0.643651280245819,0.455102407795988,0.449071002123123,-0.986938911357135
-0.158837930803125,1.02014706333741,-0.214696801256406,-0.959327924646264,-0.334532584351782,-0.230381245018419,-0.79112619632062,1.6304124196646,-0.125546051108615,-2.28593470892957
-0.0223874639542943,0.605454730586817,0.0719669402908329,-3.05290420568217,-0.0666864577897516,0.241950188835724,-0.183330563079964,-0.0494115022542778,-0.720197604800669,0.15865010532094
-1.40665014813562,1.75630732409704,0.260215977806994,0.708222483685198,0.140726841293374,0.258643552631204,0.740464361593204,0.188314908792887,1.36437095356687,0.63858373465093
-0.0306303720045848,-1.49187423704569,-1.44741058410927,0.618845290692965,0.124729323920893,0.726174944712945,0.167309029697605,1.57276438532762,-0.577572030235915,-1.10708366886078
0.649233236070664,0.213367844343993,-1.3231919310615,0.503752519568993,-1.6687746053935,2.55365547257379,-1.18756252815805,0.747672099228764,-0.49667394118091,-1.24957188893715
0.0625653667127344,-1.91095324686104,0.538836967285832,0.0363450886078688,1.36897516589156,-1.45321614713778,1.43712103013972,-1.28316062170142,-1.10048862399915,0.527907342834581
0.422411461961145,-0.890101388185116,-1.01392321426051,-1.11961693088203,-0.781636034747619,0.632768940896694,0.20977094461259,-0.112601476696921,-0.676492657747522,-0.0446237583545982
-0.135720825402978,0.793585588960529,-0.987912757011217,-0.0775766506852647,-0.920760620978046,-0.989925506453313,0.430349822888292,0.571721927622707,1.5145906051926,-0.9983048866879
0.103867969196772,-2.16919510106515,-1.76199414997634,-0.578857111221133,-1.03777821215947,0.00269850670886512,0.0593118932261325,-0.918929806994979,-1.26264586151896,-0.886135801525239
0.408495723535984,1.30785182531528,0.174518504479381,-1.3121972154681,-0.957213325172402,1.70212800313539,-1.36844214014001,-0.769051606133796,0.301547268997702,0.169460392848223
-0.482492588159778,-1.29378835136914,-1.23073505051959,0.58411400737356,-0.68851137919448,0.989801582172083,1.34504934916273,0.276958061770812,1.32870455896418,-0.847816801877291
0.757126829110164,-0.389824999082299,0.976187122296077,-1.63206058538365,-0.166638304709125,0.554588770413558,-0.705916528047721,-0.223872664650922,-0.560085174670816,2.63871885842441
-0.811052569915845,0.334227560041162,1.09092389094111,-0.022545637491456,1.6973644048194,-1.99059496928623,0.0277847204606152,-0.832972398085244,-1.50667353705041,0.931725891404357
0.0891139022937492,-1.13881793129617,2.1199701561082,0.8248326232945,0.802856088358822,0.215989635912451,0.220256054819752,-0.323517384976167,-1.43811775380863,3.75694389024173
-0.607105408313536,-1.95423545376148,0.100709150254451,-0.774828623176183,-0.277051599233181,-0.762102815243778,1.3704327670073,-1.41839482700162,-0.398221848445216,2.31245632530944
0.383588935288376,-0.300252998744349,0.30097141845355,0.134671257652057,-0.0503745104540371,-1.58422180902251,1.43912278414991,-2.33333812127606,-0.721648138751124,-0.95792928558254
1.18297904432876,-0.282236137761213,-0.812903235925626,-2.36783043860222,0.429371229601283,0.829333850678721,-1.12984930121817,0.76146204963497,-0.872164229750102,-1.69547496010033
-0.137471529943577,-1.86509339015673,-1.58606649301668,-1.17261278358155,0.0406385210568564,-0.32800814925482,-0.480750159636868,1.54742304814547,-3.02553471108753,-0.29032943015907
-0.634750548873103,-0.237551594965599,0.479766447229495,-0.202713958241713,-0.81846246928018,-0.120709888813459,1.54909358711771,-2.05913977585468,1.28576472957595,2.10269743751753
0.855928444908911,0.750333650476999,-0.00704740240997606,0.354746323176742,0.946052730783487,-0.826250153769637,-1.71081095128388,0.254055356899945,-2.24638254946853,-1.8016338184475
-0.231608564568714,1.85813791219945,-0.175587472616222,-1.12885305542627,-0.156075426837007,-0.100756164330795,-2.87534550357994,3.03621015179539,-0.630893114172426,-1.9631526034261
-1.03641267675901,0.714945365651581,0.183219103254123,2.02168617157379,-0.418674927306548,0.321121758105064,0.353835736882576,0.168341458042685,1.31945555174027,0.946943379910947
0.00451229461298082,1.67947493516661,-0.0360279347521385,-1.8150909200301,-0.857087886929521,1.1095599403302,-1.96845680527935,1.53032180768973,0.798845363510403,-0.0741458695898485
-0.658388488967993,-2.56078746292359,0.689366020999417,1.13634898396166,1.0596381439462,-1.17314750405462,1.69074241790284,-1.30014276586353,-1.6392322603351,1.96838736636207
-0.497869797069046,0.516101737380422,0.535502752859338,0.715267055977179,0.595874352409191,-0.295905124715805,0.12148320876663,0.477173522932265,-1.29996658834163,-0.267868736187874
-0.689854235821806,0.2861333026755,-0.894307962234269,2.08082724167339,-0.949654313556367,0.53469970556022,-0.268759439650655,0.195285797673641,0.973817563272641,-0.0462057108481362
0.94277700817874,0.95992591799682,0.899264961724457,1.1709202919372,-0.264152594479507,0.896867583627759,-0.474823213372036,-2.57333004569046,0.419948484366166,2.09143067863782
-0.637602806319721,-1.31139273759373,-0.978941309478075,-2.25664013404364,-1.52380115922262,0.480972236534324,1.52493546844186,-0.223848943188267,0.385532701945891,0.174647050855307
-1.40545418099674,1.49517802292902,-0.512871619267355,-0.674590560754293,-1.39957784743814,0.573304239575004,-0.133725436517935,1.5284790519556,2.21202105371855,-0.629438565893279
-0.663976538706829,1.98753972030031,-0.383125953528704,-0.148017286843067,0.809901308370154,-1.61629778064715,-1.39405638301124,0.503648415857414,0.645667221699625,-1.92001509503204
-0.782502817538725,1.99595595547382,-0.43767356199973,0.682414786466699,-0.0610077821607559,0.1596665604149,-0.301068250477361,0.523936045945894,0.758113641529709,-1.32992423035947
0.470103410497569,0.0283033969424555,-0.936757429534072,-0.911382157545014,-0.369330755751295,1.1054412911685,-0.0396186915866817,2.22899938022256,0.546055119902358,-2.16205669232435
0.599510870106791,-1.00092523709748,1.19639578435989,-0.0321080462580123,-0.42045680919662,0.728307794253891,-1.42355730858222,-0.503299623864911,-1.90527096114476,1.78597780633191
-0.381220254730074,1.36535898567737,0.911533570558036,-2.11379239757906,0.487675316733664,-0.664855304727069,-0.202211203996961,-0.490117930696008,-0.148837861190996,-1.04472037700524
1.27291557442882,-1.95638287565027,0.479132696342749,0.981341895189343,-0.514847370415732,0.0172707089440082,0.828278099863979,-3.21051444218699,-0.0379383816995527,2.21196025549153
0.323566087284099,-1.21516353023057,2.20220351361659,0.169521298440669,0.739526157226044,-0.156403864515164,0.0284849567212984,-2.2245172109508,-1.95901030300405,2.02753540821313
-0.997154973752928,0.413626640369153,-0.846194438703219,-1.01874023034823,0.930264318122291,-0.869367780483113,0.471963154922243,0.868749510841803,0.190254342374171,-0.707589405847945
-0.51451091057265,0.0699483959855059,-0.317212252497847,-0.640285193915017,0.197760511152653,-0.557120864547521,0.120663536064932,-0.179412729752478,0.928220128468934,-0.254628544984933
0.185272713824272,1.74999445635227,2.53020303611564,-0.323051786747203,1.27405491818265,-1.0239595170456,-1.3397602192887,-1.78992922496135,-1.17681429651153,2.7331547045624
0.0396997877675416,-0.914884164713289,0.220637001532611,-0.54680221850381,-1.17886551323776,0.492717716490612,0.389591121975042,-0.0611467760092394,-0.290939045206224,-0.387583175018513
0.798325049733393,0.0520848286123624,1.39062574389598,-0.512968094923699,0.276958102669476,0.343593997559125,-1.05104751894254,-0.612761823007976,-1.24636650548764,2.47141169271152
-0.00964942009640574,0.454919009535554,0.782092524648109,1.52530900595128,0.630256452354253,-0.514059492358817,-0.558687041330032,0.55724722981063,-1.24352312673717,0.266316203597952
0.343099369349354,-2.29918098027548,-0.453524627971081,-2.08423086255974,-1.41570845029353,1.75257733353174,3.09837413200512,-1.31293320844049,1.86281854478196,3.65944317229415
1.12941808935817,-1.06708691304361,-0.709133580111867,-0.794250281917383,0.823435148380165,-0.12284118171427,-1.43121969622073,0.826057043805326,-3.3611983507582,1.89152129945836
0.47965704188394,-1.37888218214623,0.582074240083515,-0.629087795849433,1.25862397460297,-0.73052691491928,-0.381656470222392,-0.296183942045454,-1.92860485577018,1.36590814173353
0.942078430819029,-1.21675543049256,-0.464495952266831,-2.02089470148492,-0.935135226195796,1.95425928640597,0.573892696584582,-0.429315690720271,0.504799287875022,1.30149818225749
-0.359843115163702,1.10936730456795,-0.236953291462,1.72132270176831,0.538406364187238,0.282833916531385,-0.55697073308509,1.57480151724536,0.220343091600168,-0.729749184027135
0.39403507306305,1.31380114340971,-1.05981238985878,0.210951330368367,0.440133699290823,-0.147715197806047,-2.22474005743264,1.88595885824769,-1.05271052070827,-0.432210347420778
0.886980635258997,-1.52457737632245,-0.684751736171724,1.0813323255431,-0.775289484121905,0.00857936457506795,-0.54908109801295,0.632338924836168,-2.3486764515036,0.394640175505698
0.222104245545999,0.745221316265114,-2.05776270427761,-0.720833291442035,-1.54673286231504,1.55081317100699,-0.112946182798328,2.15135094208491,2.10321127179785,-2.99928077689912
-0.168075193569947,-0.797392566202457,-0.115782241900052,1.9033754322534,-0.0759009501428704,0.667655811002269,0.207803243140556,-0.258437715451779,-1.36056274934327,0.318071476674163
0.124460286614124,-0.820392142767569,-1.38661541079856,-0.0289234053073806,0.230054525401208,-1.4073375836759,0.561810080002319,1.08585391940988,-0.414081866271442,-1.34601818272749
0.471499626280312,-1.02007038368851,0.034490502776912,0.816697305937724,0.313093410366807,-0.39024927535248,1.79008729707081,-2.05930268393373,-1.37624626200871,0.307763149831706
0.0334705573119982,-3.02569525764107,-0.107136726188659,1.22276115115448,-0.314906325595761,0.884206700445,1.64100422573627,-0.4249989742226,-0.896792574024248,0.65008975788984
1.05052994726524,-1.07251033633263,2.61787939327743,0.918427050446945,2.46461814725098,-1.51530185426971,1.07879863039995,-3.77761414909875,-1.06050051280018,2.21138136055568
-0.642261854574054,-0.396387854196873,0.946498549243902,-1.96609629913756,1.05502980364196,-1.13457725276493,1.28795809556208,-2.48547342038229,-0.0449788959296591,0.897481374377973
0.404633792829095,0.664916174019088,-0.414804110504702,1.8810313355419,-0.0446661406120955,-0.648915483326104,-1.5773405795774,1.50378630604188,-1.34270626781575,0.16810311412027
-0.120410314241186,-0.160876849785543,0.449739481684237,-1.52163983779867,2.41975464571256,-0.743363062602266,1.44972553150666,-2.5560930290245,-0.910542239451983,-0.329028933248086
0.244847333076449,0.266173956714887,-1.45054466935785,-0.855785381195499,-1.26278025302395,1.71732890721121,-0.340842717918827,1.61218895909277,-0.383457314969198,-1.19452059774769
-0.708344668273507,0.315446509612914,-2.06686924979691,0.346859489246202,-1.5807527795939,0.964082511795605,-0.110159526050099,1.29554244645341,0.709713830042172,-2.13465264637888
0.715286948696124,-1.66689968763209,-0.66697675757478,-1.29594544572034,-1.13789234870281,1.01462746165879,0.203070084008454,0.595095065289285,0.0690347835666771,-1.75549966770016
-0.101318208254455,-0.55643766527586,-0.637549305678968,0.994166589661588,-0.66111567238592,0.597376254771154,-0.076175709875706,0.388991067950248,0.124884543982101,-1.27491489126394
0.411415700317584,-2.06139602245531,0.508008008419623,-3.23338152324114,1.20416902910658,-0.46905897619025,1.098394811793,-1.07308617154101,-0.40955512619021,2.02033563430626
-0.225430777101485,-1.17171065265572,-0.2595243253183,-0.0729004089537323,0.48812997705022,-0.927535208265691,1.71758323739375,-0.4720995785276,-0.557102521192066,0.53121350123189
-0.326726452672972,1.25809786131745,0.195146906595152,0.773876861747569,0.318463170572256,0.890880799666754,0.26212433854649,-0.288882387898136,1.34297115743253,-1.92298664090382
-0.744775292847858,1.7924548322954,0.596666484206558,-1.51088062602743,0.0865299259041335,-0.406413580459053,-1.13037942023687,2.43031562149454,1.61684448420856,-0.49742580503098
-0.628003171612728,1.49229166749856,1.14791300974725,1.58134855926031,-0.446327879779549,-0.857556139079689,-0.0166215525573705,-1.27415582944274,0.410729347907229,1.44093467867801
0.17196179362961,-1.24946793303294,0.10168360024892,-0.809498808494149,0.498278431386398,-0.985392273844906,-0.203220052126369,-0.770697360253948,-0.581119918410831,0.0750241834103333
-0.580107018516351,-0.592939713231676,-0.19619503702771,-1.38968632463617,0.434939164102344,0.222487530491259,1.02266719098786,-1.74561212080899,-0.260183647715141,0.263592658431419
0.906305185865334,0.0529129622464501,-0.0668722925129347,-2.09429984661836,-0.272206905408625,-0.962296322605803,-0.821843596889991,0.021479260045317,-0.897853239208685,-0.72102551916284
-1.11572809218148,-0.737150298780342,-1.25126397749563,-0.213678108121732,-1.63443669213599,1.61174173355076,1.22800695990388,0.00015499094159499,1.07370550989605,-1.68068325026414
0.565368291379413,-0.107086667386089,-1.66646917355024,-1.40971154809073,-1.08672008419215,0.0207777958889405,-0.143551400700698,0.274357662048917,-1.12044442945792,-0.718745288867634
0.57184952892396,-2.37021732811995,0.816504453770578,1.23170818721378,-0.0686448031629722,-0.55708635877194,0.93891260327016,-1.1861326008983,-1.57373558983464,3.10536039328166
0.242244134977831,-0.910701510992338,2.38499425720225,-0.50707699832961,0.671805149311865,-0.689171402821275,-0.869474913463577,-0.660853971011533,-1.93552873161447,2.59251784267538
0.0853304983588224,-2.03520540900929,1.84352572699403,0.0768690670826034,-0.377338110208054,0.473285778478113,1.44426126886354,-2.56114634935442,-1.04487556632074,4.68417192920714
-0.204597105809198,0.0889886495358738,0.261228892720368,0.826420882779631,-0.13954641569631,0.594865231821618,1.02745784499099,-1.25763935762378,1.72363932535692,0.430785536350026
-0.371111370014792,1.19699034372795,-1.61147698865472,0.0224999060424881,-0.543378182595998,0.812551083477157,0.383124607945202,1.05526833012179,1.65644227051284,-1.03106056337407
0.435718471205604,0.756712508414046,-0.729101640823303,-1.28438388416227,1.19257302526718,-1.51182726663498,-0.21010182816147,-0.116396439195992,-0.878578844710557,-0.936364689811178
0.139713106591434,-0.00475390515752181,0.216570449486705,0.363017788704385,0.89645182107367,-0.400852616515053,-0.907033793927026,0.499894874536304,-1.20586706364214,0.990992453485237
1.35902853982581,0.346667633226727,-0.448434635078855,0.180221288147667,-1.16917108775264,1.04733456115984,-1.94747240627358,0.663284369009048,-0.398170960770082,-0.301653519524146
-0.82716203251552,0.523714914581218,-0.14464645532454,-0.508616460776093,-0.0481807443595861,0.0242233916901663,0.531265842874592,-0.210597861231468,-0.0361434307739209,-0.67984208051991
0.169094856017189,-1.2339434884689,-0.84432227797698,0.163685387703826,-0.414870688507667,0.926472766896558,0.239169503725882,0.473125759323855,1.13522119218491,-0.114094320396158
0.779657149091018,2.0896397362468,1.22452377217191,0.668876861473118,0.0857845123084463,0.0414273346848541,-2.00020648897751,0.42161438810557,-0.675598706366977,-1.35883704542018
-0.41748122428335,1.02474253779968,-0.955070492981203,0.160918517892101,-0.71948133214535,1.62853872339159,-0.772563240352257,1.32912987591988,0.52582391661115,-0.962494070007757
-1.18302535659552,-2.3684754637481,0.205406320918525,0.660954609167776,0.617163944790029,-0.71878483619187,3.27188692317979,-2.20704509233457,0.204718014189726,0.41883246727608
-0.988557509259049,1.84655584052829,-1.82130415054467,0.390024919063648,-1.18144323692358,0.890401610033198,-0.832282815518702,2.86924988999509,1.28588929619923,-1.64444516595103
0.659794949028023,-0.37794865731991,1.34857814571718,-0.23383761159204,0.516105332041153,-1.49806970368652,-0.893280673853462,-2.26361222173704,-2.06835165408588,1.66807366366621
0.26242261440653,-0.620287107088284,1.63005482208883,0.472072315598454,2.55154881795111,-2.17135803690333,0.99201756243695,-2.99004583893977,-1.70636590275528,0.363742641787357
-0.0100101453981682,1.31219875362246,0.182449999595039,0.995348787223898,0.422610179974335,-1.02366893291646,-1.04789008883463,0.126440825987733,-0.0487815411490583,-0.00369695579743366
0.20146389812929,-0.473842204627143,-1.11570673791846,0.696217060852453,-0.984206829734862,0.126424667271408,-0.503109320578608,1.20149913027622,-0.404275755452441,-0.827740132262158
0.595195311314677,0.381419472807963,0.140020316271671,0.820371696002256,0.582047890525509,-0.975369421165079,-0.710609858277925,-0.538795018548275,-0.513883736687817,0.166172930394216
-0.135557332677956,-0.968992675705308,-0.383591524379695,-1.45806097554757,-1.49015241668509,1.34635556065505,1.21591193692833,0.249499020649473,1.33069002368289,1.19811730832359
0.529404756101886,0.159438996498798,0.161715695157478,-0.315313056990056,-0.206027880828453,0.41550486769153,-0.315974523472684,-0.642847590403827,0.570755985041745,-1.73410399393981
-0.161829417686736,0.836251194756451,0.722018280280977,-1.2641158030198,2.65781052810557,-1.70483445269234,0.0844566133864705,0.42552698760249,-0.921362759979988,1.13924041354248
0.171904564747243,1.94135623631772,0.232482168697335,-0.275751364663501,-0.330410281679489,-0.0154580991199749,-1.97295705398565,2.27648081714191,0.0927422384492137,0.0528103245711622
1.82560980242823,-1.88536855664953,-0.0615059413458686,-0.549857574209228,-0.718909175053545,-0.19941395734068,-0.253954838301882,-2.22140222365606,0.0221408914514945,3.02321969268235
-0.644823693782106,-1.75525207867902,2.27672715925323,-1.69870359685591,1.44328786820041,-0.921403154581535,1.51012092016447,-3.53381411054151,-1.99559157869854,3.48506559316864
0.435364526532778,0.468022660951531,-1.65736527891951,0.112987578847466,-1.68032127830414,1.52138821314657,-1.1765428619763,1.48157338464777,0.554316376453924,-1.09670566491871
0.441405493555493,0.738688666737073,0.453399649036944,1.22407681307295,0.699193179628872,0.477804531444309,-0.645221824930497,-0.322580902171558,0.00837091013425102,-0.653234652414406
-0.748648532067605,1.42404010248499,0.376092377023493,0.213250969407347,-0.938516513833702,2.21248122545571,-0.105634752300166,1.48213978832963,1.86969603211628,-0.124078536680087
-0.146688339056774,0.358215586604005,-2.48625828451183,0.250630083627444,-1.77158907480983,1.53574523758325,0.821319413453763,0.416584277158162,2.1158649230466,-1.93568186953344
0.476505852715346,-1.8761988168044,0.0766083917544965,-1.61433437084284,0.316247775533156,0.043077094897699,1.16017103213919,-0.352505896463509,-0.877812792480178,0.989296036716394
0.594628750217906,0.872739833109284,-0.567430694617643,-0.353944894695666,-0.803691519231806,-0.248025123969864,-0.601409977199755,-0.0362462605515102,1.22882076654033,-1.46245026473733
-0.318979268253195,-0.133851326882734,-0.37822544371802,0.0456567561135454,-0.703460935791801,0.00745959550926247,-0.130641247370131,0.753375187702073,0.664494665175656,1.25027065773528
0.259021592934893,-0.700026030589896,0.301473831974024,0.141016871163744,-0.167447910444075,-0.305960160581769,0.595462225039863,0.757945866989262,0.759128455302073,-0.541527911427262
-1.08049608001549,0.342647633689443,0.0450808474502393,1.94847097759775,-0.0592280084187986,-0.872902142288451,-0.37761343793171,0.545823691507102,0.273587802351287,-0.896300255740646
0.429351284071039,-1.60772543525921,-0.618934918496137,-0.634351295420285,-0.975427192548435,0.978264716702312,0.822128940025504,-0.833275356943531,-0.513400674738037,1.43847372086336
-0.192783899823531,-0.112587363118443,0.794062980868193,-0.200160798935264,0.541627989955236,-1.15062484848428,0.0803706255226894,-0.111984048930845,0.144361791891295,0.42107471256371
1.37603094640789,-0.0592335238684049,0.635682430122491,-1.75252753477011,-0.00653631071235305,-0.539797734709645,-1.52977437192624,0.0286507621846137,-0.6614119570496,-0.204329748616533
0.36710471150466,-0.132173038227713,-2.63456668193779,0.863566496704748,-0.920143104660824,1.44089356907004,-1.12421560329058,2.78350109497307,-0.272656895400281,-1.15580570991991
-0.918063005021842,-0.17824007493665,0.29336544978994,0.00221734994445003,0.137415647526793,-0.579294459357785,-0.452419330464238,0.662497163649145,-0.824283004083308,0.167624589328239
-1.80230712163946,2.11005331542668,-2.0141485787828,-0.156361966708374,-1.9545976523948,1.14087363250923,0.118870125781618,3.76916337419932,2.88357130846633,-3.73237878442195
-0.33959226571698,-1.30740550529135,-1.48276121693843,0.980669757849712,-0.498907382165502,1.16517366299182,1.1659568004078,0.805258923309715,0.175212613615493,0.0483070437188277
1.94781409469369,-0.257635760006816,-1.09546137911195,-0.212803768861289,-0.85732535712275,0.105554486533945,-0.188487866147421,0.816271873222025,0.190969652950964,-0.0674236638044729
-0.534862525867076,-0.0237848380292376,-0.882106916573538,-0.0824523690113047,-1.72496579991742,1.13892981787345,-0.433625807750184,1.4975842710167,1.38314534935775,-1.36863628964587
-0.084218002921155,-0.386701605248688,-0.0652517879951283,0.791759261814361,-0.537816839544023,1.39218965864108,0.544523087604993,-1.0966191569142,0.888018077920726,-0.098078308272337
-0.45853550234447,-0.525765713272518,-0.380101512326664,-1.26728527980184,-0.418130479717479,0.355134109835501,0.971153427218028,-0.37978620428175,-0.65589826736519,0.794877732387865
0.854713489301157,-0.441310592021498,0.212634872421629,-0.699017816256787,-0.099351093192816,-0.0251966632406172,-1.19961653503638,-0.686855862262436,-0.805749835380852,0.637833364524433
0.277833236708669,0.860195158214158,0.87075737373541,1.60364883174553,-0.625747756858372,0.0952975879474615,-0.0410635768129218,-0.461980757648419,0.826629803120617,-1.08246116939977
-0.506906842796636,-0.0552565693192754,-0.474023676837672,0.0347721989115593,-0.436101132500602,0.00460311322506813,1.03259334628495,0.359341026358855,2.29089628804778,0.566629254517698
0.941648746968685,0.183206382017686,-3.3050303244883,1.33111524195226,-2.2717558968347,2.36009034240004,-1.99958721813719,3.49772381510798,-1.62684759738936,-3.95551270334771
0.102262426569425,0.313575271722323,-1.06209772484908,-0.451669247495195,-1.46399538263189,0.215667597400574,0.187113370948937,0.776832840624973,1.30135137188804,-1.82845543651456
0.436722376856111,-2.24108610477759,-0.9100847423247,-1.03084217048277,0.811864056896645,-0.281289014061672,0.0813089631954493,0.345360957699778,-1.05406107084298,1.95228138411176
-1.17716576462369,-0.923682986389383,0.778790424724188,-1.00157890998825,0.0983885358719411,0.534305230293377,1.3493584239687,-0.760673182390224,0.498278380619997,0.176974784428625
0.725554741229734,0.364263323084454,-0.330669436565272,0.958106295982779,-0.46902996502446,-0.644291887897603,-1.03328746412767,-0.305646649739496,0.486646491935574,1.73997317418738
0.52736885585413,-1.24625131949266,-0.178125019224497,0.702909715568796,-0.578271288918564,0.268205364280305,0.451550378029449,-1.0468132185722,-0.257159150435895,0.204256424247112
0.0337805892783749,-0.592870707309769,-0.636950990625092,0.478066301210866,0.0466762108906266,-1.28554521003542,-0.142907218151269,-0.90394989319305,-1.93735548839311,-0.478231053221148
0.19113834587974,-1.01067705033907,-0.481677715922885,0.345577206816241,0.296752084736233,-0.368493107174585,0.046542111471342,-0.14148125552349,-0.620764747831112,-0.876238776554905
-1.54318658931196,-0.805642316925759,-0.165367135091218,-0.210968219621413,1.18617898563097,-1.55109040172529,2.67809876213245,-0.111803394682631,0.657630948689022,-0.608120387176956
-1.25088030706404,-0.389587278116248,-2.30079649567203,-1.2098888483259,-2.10780959122136,1.96306559209009,1.94514103301162,1.35979842774643,1.8405898975013,-1.66233043745083
-0.286794142468106,0.112724533713911,0.549528875208243,-0.0302997122130288,1.0302510310881,-1.53500156686044,-0.433486889983808,0.473890824810465,0.294350086552131,0.791904011525078
-0.322745587747449,-1.61322749797847,-0.822166937600392,-0.139273079675198,-0.879801618294349,0.153473671864893,1.48789789795955,-0.419765911230569,0.304320912975016,-0.224806373898131
-0.659335215037934,1.17835243440221,0.628138755388767,-0.783509883769173,1.7155343034457,-2.40271117084799,1.6516530158263,-1.0625809561959,3.13292777469553,-0.525249313207306
0.118874608027968,-0.976006239222398,-1.44837251326923,0.73070842997074,-0.599251718401763,2.02301312242634,1.36887064687155,-0.935261072304829,0.960697588004962,-1.05567462847372
-0.213204939945178,-0.952606739012167,-1.13262278061918,0.764938465825067,0.584094419746932,-0.418908712760469,0.647281646976816,-0.378421753294449,-1.06612095790176,-0.194197665916018
0.53244960983753,-0.837438830615904,0.71631958778397,0.555103919651648,-0.0126553930184131,0.241785866451881,0.781652477824517,-1.41662183252756,1.07228744764483,0.57378509541888
0.179023966112201,-2.05565026229761,1.59412798517879,-0.482203705637691,1.87714731929758,-1.41223911858493,0.983281184859105,-2.6214053633638,-3.49701941900706,0.537452302907702
0.435241881411116,-0.689845648359448,-0.419532460856613,1.04772125941879,-1.03431736247517,1.58340407136354,0.271613785319016,-0.183622145647749,0.900055301522249,-0.197676739546068
-0.219727653816105,-0.330570364134425,1.07348461769369,0.0337253655233365,0.685708893087414,0.541262479277679,0.602467167637894,-1.54762617418318,0.527769123817013,0.583728890225682
1.68159468608167,0.526254615473534,0.32122417590643,-0.257576678111758,0.85156872715898,-1.15249912913555,-1.32124178975187,-0.411372353508071,-2.04301372395127,-0.809506973416425
0.549831631683452,0.210117146309052,1.58874376136742,-0.492099819166556,0.532308230467545,0.382992267372773,-0.375004813792482,-0.73892681400356,0.82241977421362,1.0502492354249
-0.68201663296673,-1.09358585393109,0.414201941688451,-0.834316359155624,1.39729706088145,0.221284584978712,1.06777674611668,-0.445976227474193,-0.123744009966999,0.484495084344057
-0.0240987111929244,1.55459008879733,0.15802355257784,-1.04718607841713,-0.709626262733602,1.23609803276046,0.43879984399023,-1.56342090778671,1.31063800680967,-0.336424897419085
1.02787401149726,2.55954319822635,0.464339698348064,0.364456903997542,-2.09947357245484,1.68850209399533,-1.57747923708603,0.673064793338319,0.834258670086931,0.635699313831058
-0.789705484006014,0.921917429729977,-0.144262661944901,-0.906526109687856,-0.789449124591577,-0.928920201476005,-0.180222288912386,0.400487459257962,2.37835874195806,0.22440894813287
-0.233045552451695,1.16919849589376,-1.61929846101833,-0.749168112931485,-0.757196822662766,-0.468348358268261,-0.177627543048086,1.18726034114343,2.08951538470162,-0.84160329347275
-1.57421196388926,-0.674281946192458,-0.0470229342688748,-0.718598771296556,-0.250712380551667,-0.0479118507736305,3.0365394602049,0.29323255877053,1.83672962715262,0.0631984259367853
1.16173208190721,-2.43107161915674,-0.173679804597141,1.02585216091571,-0.857264370651645,1.0830057984964,-0.419823576364217,-0.378365030791189,-3.02940316602875,1.7259759198689
0.225695238041555,-1.17265264994715,0.117823006217136,-0.126962190668127,-1.07819877516169,0.949507090767882,-0.422078843299489,-0.616225458889685,-0.913063117369618,1.75259208353992
0.319688331969946,1.31764055548979,-0.324354069654995,-1.00834363405085,0.0241773269284253,0.53458065120972,-0.892900955619665,-0.282613447474114,-0.694956252054848,-0.763967486572897
1.32953033766297,0.190883871042628,-0.112403227554218,-0.0106641678202983,1.0898618077139,-1.18871888062123,-0.796439296389926,-0.0880895562204875,-1.25001693431341,0.552360417474547
0.895212677483666,0.834002517275918,0.349476429851101,0.17719027816045,-0.683869880391468,0.543557333202895,-1.24388634599092,-0.452771618721054,-0.644439244310219,0.458519438502933
-0.322821224241932,-0.0617169609414152,-0.896791128506368,-1.13579861581212,-0.300151686873125,-1.13309312255179,0.0990034331479197,0.460128800227698,0.279634899537694,-0.150501624780136
-1.24202278458942,0.75201294850888,-0.862449650111565,-1.40910731698184,-0.30050584807393,1.27303237057558,1.36841120700409,-0.926542863856013,1.73190708729376,-0.352479624849596
-1.03116842466133,-0.167534888438417,0.696309958277355,0.447871359430284,2.0610643140106,-1.06092121758273,0.0889995499349098,1.68238762783145,-0.38805563957686,-0.123192121469961
-0.913644812442653,-0.687577269477713,2.47769129537792,-0.464509364381166,1.06433652729109,-0.922323729353064,1.61920859863814,-2.40648673019152,-0.310197467212592,3.17502316624635
0.494609806530242,0.50155421268914,0.79292041534892,0.0062075031869223,1.23968885183079,-1.65932359430146,-0.623591608739759,-1.30307947650825,0.422031595733596,1.79659254347811
0.468102130717602,0.305007308001583,0.560210903940144,1.22066258883745,0.305450160244157,-0.446748394910609,-0.982321444400459,0.183142668511799,-0.941916136290479,-0.472243347325647
0.115833945260129,1.25206088301682,-1.29134505045343,-0.0586967258959045,-0.341284069063561,0.473150894413997,-1.59291147900068,2.05368307108855,0.227729992285407,-1.17887901000671
0.326661105934906,-0.379478086727878,1.36294774057567,-0.810532916858554,0.404235445430259,-0.925569608673766,-0.353801498911365,-1.03376658417951,0.0592605221836258,2.57285904548927
-0.276549387602661,-3.68005535987012,-0.463810288164059,0.126148944711146,-0.590330525055428,1.05785283248952,2.49356539630039,-2.32551907621033,-0.842425093493145,3.29936767929447
0.130842430277142,1.38554159664155,1.12595131039909,0.16530967591921,1.25518295178622,-0.815602510736707,-1.09706260469788,-0.398829272714527,-0.26748009347426,0.327813503162443
-0.765351169827312,-1.51985345963794,1.72742829529694,0.612120061865309,2.00685989291983,-0.930549480511851,1.03786032829957,-0.0922229936336846,-1.83618131940396,2.08692074346981
0.535569523554503,-0.337560105322591,-0.319114828451292,0.495569163538783,0.532064965757714,-0.540929756264296,-0.174230409487717,0.482355814201679,-0.823797710982304,0.502435924403659
1.14882762079056,-1.42863895863265,-1.96490189178727,-0.284206574409444,-0.6897430151259,0.24208581313569,0.531568743320485,1.0283911683031,-1.21453226874706,-0.0465853029526911
-0.288723911549932,0.114349979585839,-0.537321965643828,-0.169316843097484,1.55922041611401,-0.967963611896146,0.161998715499021,1.0620903420133,-1.0011896809161,-0.67980859399225
0.414268161697181,-1.24980995509382,-0.0390103747191509,-0.997433921816567,0.0998470691010055,-1.3526524623519,0.0812896735265555,-0.0742830746864794,-0.599849911446564,0.751523756362622
-0.973788486088853,-0.208099230032922,-0.544744489770122,-0.946899760453871,-0.242396140444096,1.25586037845745,1.29339617499313,-1.65151284139693,1.28860736060275,0.551858094230243
0.868437520913024,0.148949711155553,-2.05831850287942,-0.438904144428974,-2.00880278844928,0.945979455589845,-0.236803413950187,3.02757714898481,1.33238506893392,-3.1403630176087
-1.53358776369275,-0.923266572125034,-0.437877743497893,0.0774918350393622,-0.0641450828035625,-0.662222677639518,1.95171996803894,-1.59602856781156,0.286452673837662,-0.43381772853553
0.62760627019129,-0.234148875891955,0.88539665186195,-0.75222550686179,0.785362817154572,-0.562194263880177,-1.17130227855587,0.293119019883371,-0.637490347274844,0.70105662007931
1.45618088587543,0.0738528587719901,0.544390100311943,1.33140209453895,-0.944091582576311,0.176759469820736,-0.317091953266485,-1.52880972289493,-0.102789907100912,0.785418451681072
-0.83504837682073,0.556085343679811,-0.250370026414144,-0.81052077229154,0.956043898271233,-0.891699322460583,-0.04141005768291,0.0515559186529712,-0.125669483680931,-0.841092771847368
-0.135208009529256,1.01402653127749,0.369940724000556,1.73918383662926,-1.08965778690427,2.72175173854192,-1.51979676142644,1.25661526604029,-0.149353088408114,0.153308096289557
0.329524188576574,0.668579460580689,-0.00658277324580229,1.34500727661489,1.21031592812928,-0.0245581391263071,-0.792386883205311,0.669001127331454,-1.2273557572789,-0.428444036792119
-0.703889605739553,0.141355650843236,0.880374334459613,1.08721204974614,0.160647422764315,-0.0724979044879635,-0.0221422627994454,0.0792419529130745,-1.25167297148664,3.00677802388561
2.00250427843499,0.0889497442448124,0.613903025753363,-0.576843340849567,0.0500695933459283,-0.614623456060006,-1.69276053693607,-0.534057666993552,-0.397305705666404,0.0985815938058704
0.673541273144541,-0.0207099032058248,-0.422940200816615,-0.605687556606334,0.243663404443738,0.499879795442867,-0.0540971940788002,0.057551718088185,-0.458213060509736,0.199808939674731
-0.0660163192832815,-0.184385550549541,-0.666340524643382,1.48552171623244,-0.96328840046903,0.915646517349463,-0.756983314438513,0.333788984843068,-1.1767437624532,-0.760723429415332
0.713225246302252,-2.40691149580933,0.954769253771857,-2.03855889101273,0.486820657580134,-0.802310720363437,1.70284253337582,-2.81928841880127,-1.07333231347557,2.37327623713864
0.237521650475248,-0.793933432424846,1.00476172004052,0.20950043688017,0.664119777732571,-0.0841888805555493,0.636451825457274,-1.54175276789929,0.479419342815384,1.44875234667556
1.33414248766421,-0.735720818963185,-0.0531601354992342,0.557316366747663,0.748015543332472,-1.38537588041773,-0.710141620777924,-0.151102824645995,-1.37194868749884,0.0948557688163672
1.01170863507136,-1.02087483785959,-0.476611543896694,-1.55302158186519,0.257665556007649,-0.855634999987107,0.906096528552398,-1.44864963072102,0.591421721605339,-2.27954435765846
0.938049239503064,-2.30245110488605,0.894630399088653,1.61560478391218,0.700700490083696,-0.127016262819495,0.0701896503246986,-1.92737920718824,-2.50221621229934,1.62860779610018
-0.943190466688039,-0.515436088900344,0.594555950572127,0.206236890827379,0.289166001948067,-0.612924694783756,0.964362369691523,-0.261076594946652,-0.339790249668445,-1.3180191211132
0.845462184277202,-1.04876411831581,0.878642134373517,0.714839529596335,-0.418331208243723,0.45008541829291,0.745912151313646,-2.67487140679756,-0.051811345317479,2.68208882616275
-1.10359462265637,-0.947690269083214,-0.414994010062599,1.30872622284023,0.380584994321665,0.21611818326705,1.83825355396712,-4.78553515554716e-05,0.767980396837313,-1.6984053452677
0.40281669245355,-1.13066336660559,-0.18779194915007,0.281169804007769,0.59751000670347,0.233251513800048,1.2065520744996,-0.410654727126246,0.709169878210478,0.762262108712786
0.0548497603714115,3.50155954864003,0.501258610390892,0.485015947959578,0.168845862293389,0.115087601583745,-3.47350287260121,1.61164161259286,0.089852126942492,-1.02904139049027
-1.24995548822066,-0.085367201253229,0.590027375423131,0.42516470851375,-0.319892255588773,0.611074455244567,0.95172772098982,0.0458032164661017,1.02147503891388,0.925610176432639
-0.337929305239342,-1.45860197116403,-0.362378237869987,-1.28597935171978,-0.196196964357686,0.00801495936182813,0.319498705244266,1.53419840736759,-1.09229027297567,0.443573987476042
0.00872157972041688,-0.545666040321056,0.901225262777112,-1.43697867723318,0.252415949834337,-1.33509474865825,-1.09524561365925,1.44417753654267,-1.40749602776909,1.89534325448923
0.191295555045458,-0.698682251630638,-0.971508707354275,1.89529313397074,-1.53722310001473,0.419789864716611,-0.657377127508164,1.60739713272821,0.416028026411611,0.828582241896795
-0.0953373441073995,1.27027596230295,1.18513680149562,-1.20746590990005,0.592350413230746,0.202690916686181,-0.901295184189277,1.11729283873525,-0.730367541253087,1.10085254788947
0.96228823869009,-0.566298199941155,0.531986872455249,1.20148203701504,1.17142414188159,-1.58671446112779,-0.974656806816794,0.196274910057671,-2.22114780705408,-0.90535955743925
-0.688337442679305,-1.28013669084207,1.57669589636906,-1.28329082009905,1.37518057807148,-1.72880902381666,2.04968429213078,-1.53463312028316,-0.247972016403785,1.29884146892362
-0.59554821610241,0.441452873776605,0.268586315088782,0.314528287322042,-0.155131942356584,-1.35289415066495,0.706689384796489,-1.13752957027255,1.40964731516441,-1.50313791719494
0.391741939762367,1.04204979845858,0.167085062963408,0.806798726286469,-1.87770175140542,1.336920761845,0.186712685765885,-1.05688500632505,1.5067969322891,0.537999289772977
-0.711487209897474,-0.648520796294845,-2.36656892596973,0.267456985120949,-1.12551673626585,0.173366577388864,1.32518351745805,0.579617559754339,0.221269154503944,-0.254784260393302
0.920739922243691,-0.436783629684987,0.746430372041933,0.229439500486955,0.406042946798859,0.64953692610808,-0.770631909286454,-0.0518634447915025,-1.74358688312154,-0.0961936385896199
0.71270392593904,0.118411195882896,0.425310947923749,-1.18766874199827,-0.598808174690952,-0.133919760408446,-0.725494066258513,-0.503724831856609,0.374761857304095,0.125303292430481
-0.880458478503522,-0.755034060722356,1.66236055672896,0.530540538066251,1.56664883550243,-2.53819213930605,1.55441539751449,-1.56175783409943,-0.0521452185324812,-0.0976400287173637
-1.05682283109146,-0.310289764511219,-1.57526457707397,1.27673580277398,-0.980598819309358,-0.514203465291785,1.28959865362446,0.79226345974344,0.749530906069148,-1.20933357169338
-0.897540153015752,-1.17205239427595,-0.27799966688091,-1.08111415741734,1.30912631735904,-0.406846421788322,1.29587790190986,-0.59894099494416,0.134849012466185,0.825381075186413
1.29534014891244,0.130959657682952,-0.30004829246628,1.02508445853028,-0.378613321577417,0.0505630312296271,-1.67294925123365,0.245682647544731,-1.3209621719926,-0.20721258340762
-0.7178091887419,-0.00626456069074455,0.316417934363546,1.00420696901163,-0.870103788128215,1.76006984259835,-1.04431126555292,1.40850301103274,0.384258996044076,0.0669916124667875
0.0943014423392589,0.985945155012261,-1.30761791284349,-1.88421113135956,-1.23703599898863,1.01837492338915,-0.200600026584401,2.17305184852918,1.81506821252042,-2.76599987270587
-0.00728540920369124,-0.0702269179836072,2.07805898563488,0.275576869446758,0.926522119876391,-1.77230305000086,0.912997842284993,-1.70787111864092,0.642752320630074,1.19112934938625
0.0812887281616766,-0.62129272040054,-1.54826941396886,-0.33255988526759,-0.59481334718236,0.694127665360874,0.252288644723185,1.27615292187181,0.422715823273929,-3.22665846021337
-0.304218167174513,-1.76144563118625,2.48180801192126,-0.148283875759913,2.7869854460936,-1.84013377774697,2.76453256697466,-4.08284489076785,0.00898129154349716,2.92971192017752
-0.25801770778716,1.72883046382638,0.397815507891914,0.312657568671298,0.81430498133923,-1.76978240525532,-0.978916172098559,0.413407038323314,1.16062620657687,-1.81187014481943
-0.480172492688395,-1.63839838851451,-0.212172997221254,-0.372423738619094,-0.170841724990669,0.154185292872492,0.672768880282274,0.069780057343991,-0.345381215003397,0.178844932482089
-0.0323760012766901,2.41269091174368,-1.83329695309787,0.333878413654106,-1.65181063960408,1.11424407022363,-0.631205022319357,2.41320307852468,3.22669635203757,-4.32839886770374
-0.107517188394919,0.0556777079474916,-1.18477468078244,-0.556493375237631,-0.0699289378162341,-0.0143987453515017,-0.117689881417998,0.142055997383464,-0.916360785637483,-1.79858561902482
0.153838174817621,0.298462951493282,-0.79948914908086,2.14071144884494,-1.12816651043102,0.697374149081473,0.151462230239721,0.935131510552784,0.964944286184464,0.437096538047592
1.07884028808954,-0.947970729329517,0.332705010520538,-1.01007725197547,0.490842165344012,-0.155005505767604,-0.735555247343975,-0.59029431476415,-1.35877154229539,-0.235745744347242
0.0304888576076892,-0.258443988313127,-1.02648012567062,-2.10287747131915,-0.915346270415155,1.40555476068535,0.710313053408773,0.948038881311791,1.13041276585473,-2.14450120651463
0.706811925357901,0.744649603875927,1.35430707320886,-0.466168950328732,1.36225357143289,0.175947832812212,-0.601788300510428,-0.852975224372922,-0.691461115174434,0.56844220477873
1.10295680261629,-0.290496493361315,1.39606289496947,2.12482560268045,1.27651481407818,-0.559623271442217,-0.232249102412608,-2.16809432558382,-1.09262017228787,1.94291898696888
0.498099570219534,1.17674672581604,0.00478328861757597,-0.293306820576076,-0.368764480067078,0.0618087761486102,-0.223589263419571,-0.10164344092265,0.876633990190044,0.411812774619807
-0.964540660942288,-0.264261585097196,0.104407392194858,-0.149571525781256,0.421180328372903,-1.3220001838313,1.20189935599125,1.35585747440635,1.21753990900045,0.778631368312797
-0.186356314610582,1.51947926609754,1.8654387797895,-1.57713379761221,1.80413059351309,-1.28356703306394,-0.236941229665198,-0.120981156194337,-0.502979504372828,1.24652918196039
-1.37500401243593,1.64887929836553,0.423354875995043,0.973403313538223,0.172328228396219,-0.605200300170679,1.1137674278535,0.343736869292286,0.89804527822244,-1.24148581567779
-0.402083584642889,-1.34243364488582,-0.925883679529235,0.375342936487265,-1.02595499754031,-0.0252537007070814,0.626625477124764,0.968481637807385,1.04862138593125,2.59102376829711
0.128424443452885,0.447695485143333,-0.201338347200729,-1.19177321896911,0.306663679007277,-0.379540180476513,-0.599604133956206,1.03088135717486,-0.0406857559268418,-0.870890399061567
-1.39887096687424,1.20784145295896,-0.33276215101625,-0.242647855026404,-0.0232213111505499,1.26242946428136,2.25548813777881,-0.681484138232086,2.30391359107358,-0.00693128296276832
0.727841709020612,3.28165878838277,1.61838880992258,-0.340442161875582,1.1691250719974,-0.773081230546492,-1.54669356210468,-1.26000803072302,0.30731695146447,-1.42767557968706
-1.54838701050416,-0.298903482865209,1.65962139861148,-0.883457117438962,1.54230676407215,-1.70632859382631,1.61382627863204,-2.22989920960643,-0.98066649226618,2.35722512617409
0.663299876306953,-2.5269919403192,-0.349285824048074,0.881685521101635,-0.226245317164213,-0.504488741885707,0.176032363839616,-0.760731352054647,-1.36310725247357,1.04293411841874
-0.18706651108402,1.26583328524831,-0.112196821552739,-0.515484649762668,1.3274181684015,-0.962697431429848,-0.520510402538614,-0.921020110270043,-0.788419673187012,-1.93429238676419
-0.367833736565055,1.02480289501693,0.644143017001376,0.810412438673119,0.804786060679478,-1.74512707845011,-0.313874737183755,0.666395622653507,0.197999754481507,-0.486373241335524
0.229060688156647,-0.450933126027774,-0.612593296298838,-1.09171924507397,-1.61973429681697,1.85759051425148,0.99110422473666,-0.100526578426978,1.08295355602653,1.14576400243249
-0.357785627906267,-1.50306468955053,0.150197189081009,0.786753218809697,-0.726197920580205,1.37643677411168,1.41458755975367,-2.30172323416968,1.17739644992117,1.37848595351989
0.282519613562585,1.49444605821099,-0.963017961068231,-1.30502370306764,0.619150538695145,-1.54494199367864,-0.254454866060946,0.881969844196355,0.520089838627252,-1.71948227972635
-1.09130923641319,-0.145624029475546,0.945939898217733,-0.826853419084337,0.832395483652779,0.003086484674077,1.03267512053654,-0.0232568414193027,-0.549754590276041,0.885363202596976
0.174858632244341,0.845638116661745,-0.362983938049863,-0.854134463467807,-0.0439680808134561,-0.244457549272587,-2.07579113978584,2.91515726071143,-0.361748439320949,-3.31828240655444
-0.035528195539823,-1.70067576709506,2.09533436315973,0.0349782047675313,0.890972520473325,0.289815638036592,1.78475194662794,-3.72298894455726,-0.0619565049867571,1.1774495042147
0.98872046985091,-0.785965505407272,-0.471598081473135,0.430574002629383,0.593036937926476,0.329153550867702,-0.454028011499669,-0.0362447766261274,-1.4376317329208,-1.40854534982657
1.36449673710121,-0.265855761052681,1.69826718905435,1.1323815210612,0.602160307016657,-0.283353987465007,0.127078511940628,-2.59256018962684,-0.953115521117096,0.74982219692889
0.809975411950332,-1.35507599509745,-0.892845303877666,-0.976801132405519,-1.46483366080664,2.28992536293527,-0.222593854077602,0.0541311193138999,-1.04161500113941,1.35202592375376
0.843450478327666,-1.8919843299101,-1.53091409494345,3.55984799519179,0.095376796622295,1.22052643575669,0.783409254191161,-0.480229720352517,-1.86609411937336,-0.18726881538304
0.381900885070619,-0.42765399285806,-0.11756191033051,0.846335125393387,1.17773525714063,-1.28328862514569,0.0369736079582039,0.70342633928299,-1.64645821973715,0.714184054732741
-1.2634977317562,-0.156942368961756,0.334299859302917,-0.84402668822193,-0.976292036180727,-0.877710569326953,1.01550230324329,-0.308924858255683,0.405829855659611,-0.226566694537084
-0.434484301843512,0.898483356800914,-0.11063484139186,0.79233711158873,0.588771383494783,-0.790706484847825,0.432665863782903,-0.595359393248775,1.92579482330653,-1.10337980341378
-0.311214042077058,-0.691989684845815,-0.317029937831749,-0.556200799142805,-0.479443286230903,1.10585002667271,1.02799237637061,-0.636024329374814,-0.305787302374742,2.02335319611884
-0.339425817104377,0.248792336437726,1.0350946834507,1.22645894779643,0.749010842571539,-1.55704933803736,0.137945846729755,-0.512867244758188,0.67136417122315,1.89934486871963
0.372709079556324,-0.344714872559273,1.40253615531305,0.521046952450856,0.85266059532063,-2.41121250799765,-0.894509261481478,-0.851303315516188,-1.63959550864033,1.69220081798559
-0.473189674964129,2.26855721925219,1.192522166292,1.20244210429367,1.13317076628778,-1.26049062426121,-0.474728526871917,-1.11937798874253,1.23000489675255,-1.5117012047634
-0.161797011837792,2.02008848986887,0.135994836362089,-0.317119086732277,-0.409962114119611,0.629241460626525,-0.639829961675616,1.20441117657543,1.43165212028399,-0.177512210208391
0.0531668274732657,-0.74459012395404,-0.548314922108721,0.617657428850631,0.313876314422425,0.172594572586124,1.3145444892883,0.110513395027663,0.141414993135681,0.668755618270801
0.693906613867035,2.07526850063359,0.937090388341091,-0.967076123758539,1.5624804521067,-0.732379440242625,-1.94140106059801,-0.584508777950217,-1.23365180844054,1.44602748240623
-0.706870671750723,-1.20755178355662,-1.08455424041516,0.843333323905951,-1.32930745229476,0.304578653663838,0.752900243812301,2.46930931099929,-1.04151736525578,-2.52583452902862
-0.934013258814715,0.220918183427129,0.838976143035421,0.518415563030653,0.308283950885627,-1.10622228295328,1.16988975220658,-0.0599467083473259,1.2320406040469,0.618480394175619
0.0583096423587761,-0.0446862036053006,0.924925615500247,1.80423532836644,0.589411113516633,-0.617913874464578,0.945768210943536,-1.75077416337118,0.495311863951125,1.31761581913821
1.15836705234711,-0.891524997118261,-0.627056456745264,-1.24921838903158,0.145041223880506,0.398025692219922,0.692399268359167,0.163437875796952,0.53055809646105,0.212651180233459
0.671928624249755,-2.06293196129396,1.50238102388566,0.363858119075038,0.938837375388475,-0.760821295297335,0.672042190018313,-1.84982264261093,-1.00075310410591,3.43283513020667
0.5371819736091,-2.42463759373813,-2.47694030575001,0.608761460447135,-1.85096232738701,1.50171264766463,0.571846981642529,1.41676777727176,-1.42755446086035,-0.0261247809429376
0.679630800194344,-2.12501316673833,-0.495592586500714,-0.18062783519249,-0.602425944523805,-0.816784332374392,1.7546809243007,-2.09521946433084,-0.327821815478981,1.7120720980572
0.662513602171159,-0.129147168127164,0.197913819211912,2.4477091956424,1.46167417813415,-0.548345211706951,-0.683010532909501,0.87056570474633,-1.70085304687329,0.0413257993212344
-0.0349311104576023,0.00258611643783686,-0.217389553319515,-0.731228191010783,-0.431718002544914,0.679257173292301,0.369195498737956,-1.00923029327316,0.555870580151114,-0.346959803659699
0.459490713708455,1.322604144286,-0.998892499706644,1.24785570028751,-0.261345809954218,0.482347928611047,-1.20914363303441,1.18527939628239,-0.955386412175286,-0.850434750504241
-0.998073654121354,-0.0797439491544133,-0.332341221032546,1.4843856273166,0.826026374606572,-0.516898231524865,1.40463782964601,-0.652296725867898,0.447749180636323,-0.106975434032022
0.406719880568689,-1.85016490109147,0.80678944264959,0.35058627621815,-0.617903811703156,-0.228125340953078,-0.160563309900879,-0.660791184262344,-0.362899249799685,1.8458475827885
0.459297009839259,0.0459343751002696,0.934637374298582,0.189495399699965,-0.146466066740896,0.0844957370146698,0.637626007988085,-2.00866268677255,0.785163696689865,0.417317407457741
-0.11038657138939,1.65291623022686,-0.385910216754548,0.0579220710745352,1.05894861981191,-0.295282118462871,-2.39067383775693,2.72108531788252,-0.805168044609301,-2.38338531108704
-0.312491151228983,-0.277414333077156,1.62888768970751,-1.44550241182248,0.00228259257178151,0.495642099391489,0.0576038832053796,-0.272044709633112,-0.487915505769622,1.18265074641436
-0.786380893041495,0.969716646047335,-0.548190683796579,0.583328434287188,0.403172009759097,-1.15874635056856,0.552426311656954,-0.364876594811886,1.82089136141723,-2.55203617579709
-0.124188570990653,-2.87600208130041,-0.577690718821393,-1.08716980740367,-0.128789193675052,-0.240409914553741,2.75284821717468,-1.52685345807165,0.100271254261777,0.70021482191657
0.412524141481798,1.65188725610819,-0.826085189164328,-1.32897091659937,-0.507956312011534,0.147356838327142,-1.34924311790265,1.45849821289793,1.8911224197155,-1.33880775373615
1.67269894394026,1.62200227574933,-0.244973790535732,-1.44703170468311,-1.90895788557618,1.30925536311041,-1.30547485939472,1.37599858957194,0.950286594916861,-0.305836240632821
0.464728721424337,-0.508469935772643,-1.99574215742432,-1.50458374403332,-2.1672831564262,1.63029550312011,0.519300997248795,0.747854838530499,1.39389174657377,-2.7733334379912
1.04463906623526,0.627016527289572,0.940511529783028,0.574503827845762,0.998688948691431,-1.17429985998311,-1.76987450576202,-0.211213411138173,-1.2510836561021,1.1082873355384
-0.740456266484536,-0.800063740393156,-0.222517599837943,0.0559026333061102,-0.470703523114891,1.64693656162408,0.469584193115522,1.35569498121068,-0.844726078174193,0.0815655806264664
0.663691037262859,-0.646752341280571,0.0163688998771056,-0.263665792246835,-0.145804018267862,0.257847899025501,0.588800881575446,-1.2749112433809,-0.0406472345733466,0.850771556260928
-0.111181240343385,-1.1228267304504,0.427891398813541,-0.603251258643279,-0.352234373061044,-0.670923194283688,-0.0124967834426687,0.193254995297036,-0.811892165542776,0.724409826245991
0.811219899284829,2.37971150895411,-0.907795533844023,1.58427974434765,-1.53724356514657,1.38988825524345,-1.2847748429673,0.487665855461393,2.29170731922121,-3.09651573068075
-0.275007500558703,0.321573861434802,-0.473413732154241,0.296399468187285,-1.00161730300827,-0.327411583166925,-0.373500157039574,1.31349289387878,-0.571311626453242,0.445367012430034
-0.10796926908077,0.00894887263432815,-2.92891868856248,0.734668262552611,-1.14541935575073,1.74742327009901,0.487512411741052,2.82353800271233,1.26956451376642,-1.86887959375311
-0.412566626611935,-0.545151623713644,-0.474026940951276,0.425444492779407,0.359265980184537,-0.292503878005918,-0.175619958325806,0.111126407243761,-1.15244685858836,-1.2729361611923
-1.57897195057302,-1.16719168645107,-0.808032160125731,-1.80898674430205,0.181031208839066,0.283887124885974,2.19813065282191,0.0508956545274177,1.7919818236629,-1.49334348475084
-0.520317575318826,0.288883838699211,1.0310326896929,-1.00475585326208,0.863195452809767,-2.09673206247941,0.0601182419130349,-0.863595384524728,-0.485979157073489,1.13847925791049
0.373635678680958,0.579484750430618,-0.771625659462407,-0.0457379522956454,0.086261238135753,-0.0650325792325923,-1.10290628474157,0.0559916518326628,-1.10127443179768,-1.47119842778332
-0.731146500605243,1.50566775353231,1.4778878444648,0.974158807789072,1.05929630721366,-0.112870956154023,0.752000886064273,-1.1375097074311,0.288004211559825,0.176122988549428
-0.0860235079240227,0.924407103276195,0.602846077874808,1.32529668705476,0.939453585955838,-0.465087765599532,-0.435640710862994,0.900223329688143,-0.411341292602253,-0.179657493978168
0.0234535995971275,-0.0975676298413453,-0.481123688671321,0.632508698722919,-0.465573143428634,-0.619507359638233,-1.43700357311798,1.36992881934339,-0.74968836304368,-1.82996180958781
-0.76156831283676,1.17870481105791,-0.172210040723431,-0.215560708668194,-0.356707840689274,0.685169264086579,-0.0712894348080588,1.21260178268776,1.34495437911188,-1.8537555613552
1.05701434736534,-0.197398670051114,0.447862586893023,-0.530123811038259,0.715579273396002,0.297748247180384,-1.98713775661312,-0.0905552929862401,-1.4775861294855,1.04753564134274
1.74291000398125,-0.479016857264813,-1.26582907271659,0.070685333608398,-1.35163996863755,1.07949701125353,-1.33460232759881,-0.140552265193708,-0.847591182061489,-0.492771268070258
0.224140574110432,-2.08780391643683,-0.442758667315807,0.951643687466378,-0.88358892267657,1.66733857236354,2.03887052523458,-0.896844758882247,0.235720601507398,2.61144336567909
-0.633654459082599,0.108708450032304,-1.87520874855639,-0.374488935543068,-0.437724516447663,0.765764391794589,0.50713041598666,1.86194621849482,0.857325696991136,-2.2012869749992
-0.548299059050758,-2.09258951239045,0.0265986907158874,0.127453422655603,-0.485165619668043,0.161456538061949,1.64197934092934,-1.71086917669106,-0.637461154458742,2.29290988795542
0.310055207879098,0.379499846692934,0.441808315449746,1.03346530844409,-0.614457519023867,0.415550038693535,0.731091488279052,-1.07320333916522,0.178198923113095,0.489949127405253
-0.99071630030237,1.04258815096922,-0.377613845288748,0.419238429885826,-0.969905396308398,1.96353365668876,-0.711131652500848,0.798804659801469,1.10164663739473,-0.581176498372918
-0.642472186434361,0.338723281249879,-2.65616635942507,1.49328288955521,-1.04562721784422,1.52935560547151,-0.930397735550854,3.23781289233468,-0.578572539401287,-2.00245564800737
-0.166004411566002,-1.19602641116626,1.08849218370126,3.45727745946895,-0.0462664663836925,0.675203929581882,0.312603894311674,-1.08037807656707,-0.286055567591943,2.73405039455342
-0.117360621689929,-0.917673605098545,0.717492894334242,-1.0667641990927,0.951765333224184,-1.62691518414408,0.284052165285533,-1.38545004738923,-0.854002832394481,1.20800000864313
-0.592343871976535,0.46827305173546,-1.16172253307925,0.71581147797223,-1.72573634232016,1.54869921621164,-0.301746821980887,2.36167257768702,1.66335820562053,-2.0710866960548
0.534360650620708,0.273127442254311,0.487317636299702,-1.25137315082377,-0.00456824610814746,0.718585588268916,0.960710891855121,-2.7527797812145,1.59031540487896,-0.796352064184627
-1.19487881692167,-2.05594618962975,-1.33203607785997,0.359307255362392,-1.24570847503763,2.0321810871575,0.867164206493206,1.61116949758432,-0.10648098820383,-0.599901981306718
-0.280583898687955,-0.33797572513722,-0.455437124114436,-0.303882246238292,0.259687062283846,-0.64378823532751,0.578983486101262,0.191904173518854,0.342705894090151,-1.02939151058796
1.59860119074472,1.02893976342572,-0.143684649550777,1.44186807698689,0.0357836663202766,-0.611532915125779,-2.18627175420506,1.79099516727815,-1.09945085091019,-1.55150341304175
-1.3755708900338,-0.853856415343435,-0.524975101325201,1.21221392236597,-0.789526298673034,0.592327699627828,1.8815523993809,0.0496933773320933,1.21948222048206,1.28336173275818
0.107765159464357,0.854003366527947,-0.877735156462553,-0.785626873839244,-1.65173549582119,0.763177531504128,0.98886280129625,0.803243267071451,2.76531225618854,-2.74709261920703
-0.43940727275272,-0.0739741848324298,-0.122953082330021,1.27655912435056,0.525398756037302,-1.63409012807249,0.602523945779083,0.701488535276201,0.113102802349776,0.295188165543441
0.380257920127903,0.924327241578842,0.177669372058006,0.942995709512074,0.336299381690533,-0.458634706688781,-1.14323939285395,-0.170487088837507,-0.801837950542452,-0.893125366894019
0.442400794431752,0.230938143866913,0.329835818010352,0.817637120752329,0.925938523988875,-0.377960342280682,-0.57797278902682,-0.159855698545347,0.241496305620869,-0.854024357876569
0.416536879232696,0.484508159457302,0.525882054275995,-0.419299520142985,0.363967125728631,0.203399877875249,-0.116543885889668,0.202501474472389,0.660285468905341,0.193445719429332
0.384385979704515,1.40274472952165,-0.830376045411981,0.560194865612571,-0.55389566660599,1.23474754386866,-1.15385691851552,1.65086199044994,0.853393533022066,-0.251976712275418
-1.36420117887251,0.570143168795575,0.559657978591237,1.88251141641567,-0.454350665165265,-0.089106563122518,0.500235355612673,0.446200533154918,0.0261353521796943,-1.34792338594913
0.00211215879147836,-0.401723440613439,-1.2586563694413,0.595460686001397,-0.989394033291098,2.38699188111895,1.51010410408527,-0.1426193206611,0.848236741637683,-0.454162747098446
-0.425471595518022,-2.27388502351271,0.785234062859584,-0.022786120379362,0.356217976267505,-0.0392908180344681,1.36432495422952,-2.04078233939809,-2.75969012579403,1.25238424370825
-0.599323095033802,-0.28125260525058,-1.85359170611479,1.48940755075275,-1.58271674599793,0.726696937954815,-0.0162757232206191,1.60998876414202,3.3609795651999,-1.8321537641381
0.25529872909922,0.220300162572928,0.361175652456327,-0.315348661363734,0.739826939261761,-0.0387883320865457,-1.13816015407133,0.605948467603154,-1.45340233689769,0.032777988090391
1.43736587528967,-1.75031431762607,-0.439068604378632,1.23044184395902,0.164841705681837,-0.965834997183418,1.43860969714639,-2.36225131785548,-0.0655666586068367,-0.834310311903001
-0.321625388535686,-1.77832433694241,0.602327015748022,1.50974494687968,-0.854998373238105,1.16878292929135,0.511327711575414,-1.81179579194665,0.517090453211723,0.901564388807321
-0.0526402663532506,-0.165301672410346,0.516334826640783,-0.566504022633092,0.71558855781981,-2.05982674510553,-0.633002012684733,1.08560912850832,-1.18726263495468,-0.0113241317036729
-1.83847977758384,-0.05849328861658,0.724117639529601,1.12244703418036,0.0502670571254164,-1.05860326364138,2.17165309965463,-0.861658496821392,1.48470712933147,0.875141367090332
-0.797219761022818,0.184881099866361,1.02549737406788,0.142565018282497,1.02428188448052,-2.39171850276634,-0.289892364931028,-0.469840936571608,-1.66909344167821,0.28633502654629
-0.0177714535470106,0.941205166781073,-0.314633370198869,0.990514955956441,-0.369778977682304,-0.322256049229311,-0.674979422963611,0.836620479346679,0.78889465298157,-2.95742937851624
-0.435340574902473,0.137718691383222,-0.187764326268312,0.672046435908926,0.459375931062949,-0.565245401444234,1.26325878422079,-1.41382089050895,0.507336971095321,-1.76415036454543
0.379691681374079,-0.491373397230372,0.050684699001021,0.380985941542797,0.440678340974511,-0.0206318614477143,1.1792180484032,-2.06614121642117,0.229905040476643,-0.193883925693283
0.844007566293296,-0.962163972167608,0.894067300199296,0.684307083267797,0.482746115473865,1.02882956013727,-0.291156071423149,-1.87473703288667,-2.74009835976477,-0.662940673527003
0.196306715406594,-0.6013556190222,-0.327044129566426,0.101585393605256,-0.516170856887117,1.08786038129126,2.34607273986009,-2.76101230998342,2.66181970363015,-1.07562403242863
-0.296672728695712,-1.08641545923778,1.22924252759223,-0.821106699150205,0.49604581585191,-0.848719820894591,1.16608108413899,-2.62487296859775,-0.644470583679747,3.15444488960102
0.0390181258198699,0.0400813527654946,0.434423497568028,-1.13212294511338,0.472495024035497,-0.671462159030729,-1.20688802484789,-0.230019336044966,-1.68806063541466,0.0941143644338815
0.235368866529811,2.18572651123181,-0.412979906157547,0.768867285907506,-0.435821493083143,0.533453553949275,-1.53272539198535,1.12401341292635,0.642686776486862,-2.68298236379312
-0.0232983488495281,0.308586454997566,-0.809604206195804,-1.13902352982565,-0.309267314337975,-0.360861007054727,0.0179441011979165,1.49590640532187,0.478207842072915,-1.81624713116054
-0.480266167542456,3.19465483706414,1.56182283734335,0.102833449469543,0.941760255395313,-1.4746046798797,-1.2492995497562,1.28492633197169,0.956613869753316,-0.728038256365539
-0.370560181158375,0.46946741307311,-0.0820741955278217,0.359389912914516,-0.67276615101618,0.800333535173506,0.850459754954541,0.205945493608126,1.62802550033935,0.553218364677867
-0.981693531519782,-1.58063345815587,-0.416396199934323,-0.515577800193764,-0.477208813751077,0.284229830631145,2.96028631790018,0.0757953117380178,2.17139458740962,-0.46279305794586
0.705458458023765,-1.5161611481489,2.2320507557359,1.04554611834183,1.50799698495946,-0.669182282262054,0.104144818809605,-2.91619605657483,-2.08203287080508,3.85244489835492
-0.31855424914484,0.00716531425813054,-0.0497139091577589,-0.322966071322571,-0.450686714451567,-0.0660032217204586,1.55738943981778,-0.723071797432111,1.50073428068261,-2.07356195103902
-0.682926722616069,1.58768489408146,-0.0317432752804287,0.302053574543266,-0.810083813143243,0.860754078227609,-0.867913627058067,0.190181564083906,0.138714525283851,0.443290548347684
0.0892269368592588,-1.69772233583743,1.2959500882202,0.49974144923705,1.31790093045454,0.0114036663952512,0.821873122044571,-1.82931957328629,-0.520968032740832,2.6276167341344
-0.401578724235803,-1.62571378578106,0.108145567443897,-0.68023991055046,-0.437882781103491,-0.736229366203545,1.34286058023575,-0.414116351879853,0.163361626313484,1.57440627607031
0.141295306837163,0.409482051584857,0.280229330954355,-1.02100259605541,-0.771372401869484,0.915790620877133,0.585350831175375,-0.275452820251725,0.994746261657327,0.309163323810175
0.740947031310537,-1.68397981902236,0.112560430204109,0.637690089040321,1.42424476361178,-1.59423797632007,0.0660070329923105,-0.278128698190127,-1.60992263895141,0.0194774134459659
-0.573897593918792,-0.723418617821058,-1.60115893220655,-1.12129223065766,-0.116272876704577,-0.406568209227976,2.71501191780234,-0.952068930559497,2.50739213046786,0.875574317862202
-0.571536476018141,-1.38835077879702,-0.362263440343206,0.887075088799344,-0.363492157254052,0.863707766823027,1.33193711876926,-0.152500378820826,-1.4538586377913,0.207407696133329
-0.132293660286925,-0.711620407273636,-0.203735847484011,1.27848200099501,-0.0204175711835615,-0.139248675572429,1.06377797552666,-1.95126052438794,0.963133134056907,0.888637320128115
0.344129952689908,0.470846135948257,-0.127842224299199,-1.22236236363249,0.750761513706573,-1.01735941611673,0.616705450176479,-0.609244952731378,0.454739707103946,-1.61649675411546
1.42031604560445,0.961177788670532,0.307827804002983,-1.56472779257772,0.494929239861564,0.489473176871726,-1.37481808976211,-1.78185796092438,-0.0374675116489574,0.19678829173193
-0.12492351966505,-0.419603200557939,1.20631457505227,-0.20129238748289,1.69274498969655,-0.371662697520081,1.2458110827287,-1.48444320765289,-0.225543888636119,0.148333579908175
-0.260873855601401,1.2707519073962,-0.7683119659189,-1.63752713417539,-0.0852861208525972,0.123762657074346,-1.90038310130621,2.78773485107207,-0.63080631069702,-1.59228164934637
1.71823507801868,0.695978464986369,-2.16430363800582,-0.678064473039031,-1.94133649007168,2.58079998476785,-1.85543849635292,2.04671528245564,0.263138636620714,-3.17789266357483
-0.751871439359259,0.436867921197301,-0.0752032578333609,-0.164215141485188,-0.153468540916558,0.419578589870164,0.338926019612959,-0.297966620693851,-0.0187382668278472,-0.647531043736315
0.693174157851396,-0.599166624340346,-1.49681878496848,0.303634367097191,0.233474030597809,0.959062185712395,-0.820631680885734,2.25438298965567,-1.41892761347533,-0.98262403595928
1.07234408747991,-0.165686690166152,2.21464961087747,0.659241954740973,0.825913780537347,-1.14798129823136,-0.0637629047476699,-1.70668670308867,-0.940936415659377,0.811336547091154
0.899214325251321,2.15362191899274,-0.313215007023822,1.05012895088366,0.191092253527397,-1.04333769402316,-1.53057019549628,0.679491718367471,0.564896918708297,-1.83072833046791
0.0409429982090677,-0.737033077569704,-0.247009054217551,-0.495792947947294,-0.653912001691705,1.52497551181127,1.13842979018497,-0.703370797798423,1.9269624798932,-0.471718004693574
0.93583734860735,-0.336951455217235,-1.2907024154042,0.177624308700627,-1.69154703194775,1.65110918428864,-0.649085360297086,1.86094410294877,-0.124413077545731,-1.52086109164929
-0.755367567483474,-1.21901464620326,-1.04100811919678,0.434569930396948,-0.294790833993652,0.00593997239704208,1.74231076582678,0.20737198794569,-0.261855238774449,-1.22831271608508
0.900472918698736,0.108104479543022,-0.0555964987046491,0.623365946720821,-1.30836042203188,1.25459858759853,0.383153674688416,-0.361186685950542,1.22252586193437,-0.016336753502593
-0.150761876080841,0.4345912687911,0.983420689347062,-0.472970937491542,1.04868609275585,-0.413574268212765,-1.28046722585547,0.826295264609072,-1.49499607295973,0.534224735562678
-1.0822584177778,-0.073307841998395,0.651391651607042,0.626294549415912,1.99300725906271,-1.50951195911895,0.223423909091638,0.393443407838421,-1.22938272704441,-0.44521393072624
-1.07533456276767,0.394211821792883,-1.59921834410664,-0.886257805581461,-0.704751932956597,-0.51243317540785,1.48775705911029,0.348923261100098,2.14483975566415,-1.47695415328381
-0.25926450279109,-0.237886519388857,0.984579977323982,-0.939324943215157,1.39236465171278,-1.96781880586604,0.471875726869454,-0.987999658413849,-0.623311211472464,1.8818981992602
-1.86003288484208,-0.535233926151002,1.16257509104283,-1.88557079002669,-2.05118353929109,1.20922695645406,2.73716295414695,-2.12203612846775,3.63505889000917,0.594627152830956
-0.789755548746477,-1.59675570579168,-0.27562575747908,-0.127367121439831,-0.847440430918255,1.9617438282434,1.99966931073638,-1.29812614791564,-0.363553585135338,0.0360152217659306
-0.408756849559128,0.0874179050592903,-1.47797257635022,-0.468888961220066,-3.14173873569913,2.67858525862154,0.149249202615747,0.779667658204174,3.24788802033042,-1.8794133755317
1.62403782342911,0.867016733859254,0.829689676854678,-0.368520256501236,0.711589038996244,-0.447691657807699,-2.18319368265132,0.0217118554429702,-2.10552918705001,-1.28300675320897
-0.0834023681101999,-0.648230257333818,0.330745327977884,0.65447294520385,0.640888067863951,-1.22903039114353,-1.15040716757698,-0.0837604670671316,-2.04327088505897,1.41862091836682
0.501473932185938,-1.48711462859136,0.330702713278238,1.89169064586209,0.334907263542743,-0.260741435275095,-0.263021918937967,-0.208532469323595,-1.238861372918,1.63755913277745
-0.146968463810584,0.328610047115419,1.9797271382029,-0.580886396323763,0.863880259219359,-1.84061130926765,0.952769756044611,-2.2230027623535,1.41095331737406,1.20619586892449
-0.0373159755607127,0.57080138098714,0.148930102246577,-1.1695243720244,-0.407707756481526,0.0650651697723292,-0.228417537620598,-1.10450468849719,0.193409943194912,-2.20786653765418
0.084937337021824,-1.82475570060174,0.346218525909699,-0.141263035782705,1.41360653140731,-1.95049634839467,1.06421590702787,-0.562594527200332,-2.14670895854587,2.76503388304129
0.30640398890096,2.49251475075213,2.05253313657899,-0.264740309836749,2.38424218938222,-2.02411693795578,-2.58410074101833,-0.0459628742799785,-0.866046571120676,-1.28462374659042
0.452104479809086,-1.35436339049508,0.4668750273086,-1.94809266434595,0.371159290021743,-0.173972714582076,0.499789261657416,-0.777035810631156,0.181833475460242,3.64823286734604
0.0154849176861093,-0.0905806167987387,-1.53255455957498,0.358541072749361,-0.833403030039096,0.75828457374097,-0.0907999561981994,1.32860164728708,0.114811241052795,-0.0534536388982505
0.307712458472587,0.406977569196981,-0.0156677159514763,0.805746621430284,0.557975811152945,-0.432671092888505,0.351102916704421,0.427253263630133,-0.265330304347214,-0.0780657423257858
-0.277155078545914,0.236362539788075,-0.987619229146769,0.359431244550535,-0.88916581239733,-0.544048448317552,0.595050346337668,-0.0195346943638023,-0.237060814291065,1.1355049539387
1.0381415671107,-0.0343540398198128,1.38920710946974,-1.62614497801681,0.542111736067277,-0.477485548381629,-0.537833279002099,-1.02649788563483,-0.198962372408745,1.05756500702987
1.26949087900528,0.924163435489052,0.331589637010579,-0.227573616482291,0.537753161514775,-0.271931017271232,-1.58493788879816,0.731521226793011,-1.67148571060132,-0.141451595390338
1.01439480762404,-0.298214495923802,-1.31878852540303,0.361062830706413,0.163797275963226,-0.449798399315125,-0.771471861747406,1.84372732281605,-2.04648954296435,-0.410222048472804
-0.309278051215891,-0.809478935043615,-1.17574058637403,-1.28400948328867,-0.0575623258688666,-0.404032680817641,1.40830092380539,0.0037064531882,0.338930015041784,-1.71299071186325
1.16519517433763,-1.72285459892065,0.295961119993533,0.377492884598336,0.214797898101659,0.216981714518898,0.221555146494941,-2.22247246614422,-1.57048063163071,1.36967651203273
0.0656938545586905,0.997732580786487,-1.09637251289814,-1.00867030723843,0.610852751300192,-0.869524111860987,-0.38517191335753,2.0924065653381,0.414735832222936,-1.5355012492374
-0.141735745616825,-1.5727614808469,-1.61734007538354,-0.650415172786273,-0.163657985749909,-0.101595290668975,1.15563543193443,-0.245737889753654,-0.43423675230664,-2.11224173712155
-0.0740280283919171,-0.712599018613463,0.150401227208726,0.712245569994687,1.66933722348151,-0.464876344644465,1.9218487631699,-2.02883188291587,-0.498821538249528,1.05365426496537
1.61304558450289,0.0510940239483403,1.12343175428389,-1.62779711803824,1.03180868005233,0.23922086390439,0.250016994208594,-1.22356760342171,0.371218978383109,0.893591974609617
-0.898343264882146,-0.0346031139933137,-0.27139570648239,0.323062120158102,0.0479829732929639,0.620209862484892,1.06905064681954,1.28861682991019,1.67573161196696,1.39608960761396
-0.205150279691433,0.395566013092333,-0.37085100656637,1.28633593361985,0.754698663048187,-0.430606954396757,1.16482855268053,-1.42724278054832,1.08814414817261,-0.492673676447736
-1.07168355086334,0.0525774716437991,1.28362212393875,0.196182240777476,2.31095647195339,-1.92301022197004,-0.154435158178474,1.29495530969508,-0.500400797996079,-1.14685965889455
1.08523461984813,-0.236578989975855,-0.53898572458394,0.546820730436496,0.671112415447819,-1.52351562253947,-1.14755732820641,0.562941089648775,-1.37460395306336,1.05992726232858
-1.14732939150882,-2.21500061182991,-1.74278246959112,-0.427645193001416,-1.68076090623102,0.608284074787181,2.64558438697738,-0.136082495321276,0.475562565414257,-0.764170042220952
-0.967127406662654,0.251492459914815,-1.00310843622537,0.425512988156315,-0.96120924084727,1.68833061179545,0.562660431429535,1.26622021855799,1.37009729974048,-0.866142136953464
0.225802101245239,1.01736684357244,0.714950966530795,-0.579385774054533,1.02113089210675,-0.243853096880215,-0.157769687445811,-0.540419656140984,0.127416136847095,0.241282897590801
-1.16820656797452,1.04274662597166,-0.768863158429598,0.158287887509399,0.409530482122743,-0.772153297174304,1.02431331631306,0.586945625955053,1.87633862062921,-0.868374767695491
-0.876744903057474,1.01851827416528,0.872811347640223,-0.952790063781729,0.840438280467297,-0.887022187087019,0.198737830226423,-0.149468041571333,0.154779977728327,-1.55814796987091
-0.342073619649047,-0.649579364131999,-0.671727168333593,0.761618233665113,-0.600626754256566,1.82648161357021,0.448680962441993,-1.17588954174843,-0.453054353820229,1.85677474463101
0.971956460482941,-2.08930343921422,0.779928593095291,-1.29049946489332,-1.51565706896025,2.43114527396263,0.741257150363479,-2.66806737628527,0.00731836774380276,0.632217085856657
0.41939171368309,0.282065547640146,-0.961656463192013,-1.80197080238108,0.934270925070975,-0.530383843784056,-1.82021958847484,2.72066285237008,-1.44746712720559,-1.68279533858801
1.1796313101898,2.05826052718218,-0.822726348395216,0.379813031226734,-0.653621294838188,-0.900654647077305,-1.96035745170317,1.45257991151247,0.36782506640315,-1.8599225837793
1.36943442398122,0.648577736664424,0.11227583884465,-1.33927586569044,0.249096935400451,-0.519000873714062,-0.0788349610146499,-1.6166746401159,-0.886275587515699,-0.061457994819435
0.0606457187793623,-0.874239753949512,-0.96103250842031,0.68189565492015,-0.0239056076247304,-0.157831772710303,0.112648160884107,1.06560886881577,-1.55315478640481,-0.817955538479164
1.56344216271185,0.899263618574031,-0.930406843055639,-0.69634844544937,0.234959402503529,-0.386433931152579,-2.64030889353867,1.14508587435215,-1.67034704743094,-1.20746164370091
0.256682029227525,-0.309569212390524,0.850894500639366,-0.104796191311063,0.230330685730819,0.573715292764194,0.262654554541011,-1.15258706367724,1.03659088495251,0.436405232264718
-0.053251685783697,-2.15079991498625,1.24108942036257,-0.766699507838061,1.08112665267694,-0.945133355063931,1.69311071117486,-1.60387571026397,-2.37922254186453,3.06773128768441
-0.0057699603188647,0.713692905688203,1.32110386945499,0.780290817613276,0.340219067349724,-1.05095303573834,-1.30718698820863,-1.28690003676412,-1.06517005981274,0.888000489139843
-0.0348599670090448,1.53781241133222,0.890981780359227,0.0159429922798407,1.17110587556578,-1.68913940318616,-1.22638850468455,-1.95635559088621,-0.940167172168853,0.0541691395144248
1.07927150780528,-0.597061622520848,0.329545843703794,-1.0752058051337,0.675646256408058,-1.10383034771365,-0.886855079545468,-1.53012224498301,-2.08880033780329,2.03067777603105
-0.473151561262222,0.666379969577742,0.277287594164209,-0.782232763590744,-0.515230686508759,0.134204544005291,0.773061930779915,-0.506044334941673,1.01064203173989,-0.573553897664903
0.126092212079733,-1.33777175680411,0.87753162074629,-1.77882648560612,0.927914459934399,-1.33192198678205,-0.265217608528076,-1.73766215139306,-1.7518011987083,1.64827402952949
-0.477058684037643,-0.331415188214978,-0.00431211697130611,0.0830708370021389,0.372388306514045,-0.558767196112872,-0.301063540394112,2.98761320309216,0.419848728902696,-0.214363154221177
0.564532933297452,0.378222817990247,-0.0793559696109484,1.9275825818654,-0.636774104822668,0.340991511760893,-0.416147891682718,-0.784440731670739,-0.250930875752991,-0.684729632608713
0.501417680923382,-0.328532365753794,-0.0120471051408325,-1.92245655669668,-0.632258511625315,-0.482012616930139,-0.0888290826412268,-0.629709891512823,0.0161291092722286,1.1185251879148
0.360628996014991,-2.02534654978899,0.525175977234264,-0.168647604576058,0.566648952963745,-1.71588077501261,0.222248965336336,-1.48884284492834,-1.98982900049511,-0.092398902829551
-0.202827167636531,-1.31626449940594,1.01447217057644,0.267088704407778,1.72575282248897,0.418573522455588,0.284845850774427,-1.87090333849759,-1.58749169535261,1.61595678820472
0.467204362072417,0.645351339844903,-0.456130743677981,1.2710043377725,0.0582535741859306,0.989358103132665,-1.13345824038934,0.928981195635231,0.50792338633928,-0.0986129872615934
0.403666058979748,0.305416317527426,-0.483735453302477,0.504540294539068,-1.48153191598978,0.52646117593801,-1.00922563103247,0.0860112790197973,0.949276752101196,-1.06486107536988
0.365006429587873,0.800506658141776,-0.368342779819789,-0.831803449788207,1.16381152218892,-0.316403678230317,-0.448669321469707,-0.172387162172115,-0.474841153268359,-1.69995456135649
0.501229182086463,0.810564960900849,-1.94362576608587,0.0263979229789242,-0.984063350716812,1.05936902908375,-0.386595626510808,1.77750926981524,1.03588003697008,-2.97550142034963
-0.196211014395962,1.02622736646882,-1.40677309132248,-0.854304012717118,-0.769891292529838,2.4245662245435,-0.128829539935077,2.10547064498069,0.162848109228425,-2.42813629332828
-0.480064707177688,-1.59009572525641,-0.399679639363951,-1.49295262280141,0.426769888307585,-0.29475585557084,1.09076385834519,1.17170400627379,-1.46804670412947,0.376375092793293
-0.454809717749254,0.661701949432205,1.22976627900557,-0.030375679168055,0.952140910833808,-0.344598666349551,0.404356425104601,-1.38820020261868,-0.110234857450111,0.761693387155882
0.75883778517517,-2.24919912413321,-0.0928789124344438,0.151336077104098,-0.3668170662124,1.15578071577625,2.43717685688837,-2.66983307043775,1.71410532165706,1.10991523268737
0.316971326202341,1.75478328464706,-0.490739198191748,-2.72612233921174,-1.02572961339817,0.0377682136377012,-0.181857875037997,1.90576311741713,3.23741540648318,-2.0260635030703
0.0675102065745558,-0.795105451638907,0.968683404830394,-1.9585570901452,0.28110469618454,-1.02036730858655,0.0932847470010901,-2.05128565354702,-0.510673603496239,2.57519513648165
-0.498544437072818,3.20984764381249,0.523176472431737,-1.26416674460226,0.160076712211815,0.590978439901965,-1.61612301406095,1.21279922110512,1.81206733972642,-1.75157037076453
0.0452857438174344,2.64357264336739,0.932482613495123,-1.51478153076192,-0.91540083173902,0.658387829170257,-1.86224093167748,1.38077066144436,0.817279208001741,-0.15837563286542
1.04501855050607,2.90508433620669,0.206407055324793,0.679622484674928,0.0752753802539748,0.343518563023721,-3.20595536024679,1.73842502486244,0.778736481611658,-0.285503958887511
0.33485770849127,0.0382238024444905,-1.17514788546557,-0.452815430520183,0.317458654260911,0.13249201734565,-0.693121871686275,0.465822673498355,0.149057340998954,-0.961635015569519
1.00781222835859,-0.428194658142588,0.551767362894344,-1.73680912692941,0.640901703150017,0.0319723726301376,-0.106904824978367,-1.30103511690241,-0.662851064992097,-1.65884271336972
-0.0587784978382382,3.36366845780148,1.15698206526921,0.386009832937778,0.264696412486112,0.339636260603547,-1.27802807945693,0.58975809588497,1.24394102869401,-1.2516207629446
0.222064851787334,-0.961254625007623,0.0443109397530987,0.408580097293104,0.284350909253014,-0.394485811557685,0.497387609127205,-0.634178127034532,-0.723534402350732,0.820933559087627
0.721391984416135,0.248814043357908,1.74458361606505,0.730028208503252,1.0622777859116,0.14670739660971,-0.678417581956955,0.0857375762700302,-1.42395027724439,1.62022985124866
-0.817731802930251,-0.910507398293501,0.102038500855567,0.541615835333641,0.716015039981202,-1.75229887883136,-0.329276875427596,3.05093019021592,-2.06229745770065,1.31133671984933
-0.10294715316413,0.0357089644070399,-0.916804362378513,-1.486717612132,0.227963457549498,0.744319483872814,-1.49150191127782,0.515794057122633,-0.793620671930839,-0.915339300584146
-0.663030526211654,-0.608513092320407,-1.03228635438076,0.470941467973024,-1.98203751171877,1.62940786470218,-0.0555696988614801,-0.301568939083662,0.80043009603222,-1.20697620658329
-0.941759769108205,1.49976186956179,-0.0179324384180896,0.0328603244377242,1.51896503307543,-2.8869193262578,0.383477411838073,-0.0404063355102535,-0.604328309524987,-1.79818946382236
-0.741963112538664,-0.57795536239032,-1.35741905310942,-0.0673038117896491,-1.13439442883987,0.235493838415242,-0.15956504628839,1.63960910831557,-1.13129587155579,-1.39211400346602
-1.06605760097372,-1.27757571881307,0.708811491348158,-0.261423529276931,1.87362881746515,-2.22667966124564,0.0292456913624909,-0.128218647508357,-2.7595459883612,-0.165660165795132
0.274151812890812,-2.43647573337695,-0.71280486462593,1.16382173983716,0.388046394742976,-0.177186453498072,0.922282723319201,-2.18296165526887,-1.03377487397288,-0.233789074941894
1.2227778706119,0.470007408234858,0.483344576799496,1.23728406640062,0.090243673262002,-0.462492683669953,-1.43338832590477,-0.686793500643374,-1.13352529932119,-0.20233471668027
0.478927191430782,-0.801467367694656,0.707066004162621,1.49555854543593,0.924044099324179,-1.50364115435089,-0.381648210902163,-0.984115397081341,-2.14325918617428,-0.395525112052841
0.936480557151203,2.13895038307365,-1.56772540848756,0.513569547323695,-1.69448964469014,2.28982813716348,-2.1980264550312,3.3491168025869,1.85316035967274,-2.23114950296798
-0.902084873980228,0.900006869697725,-0.219506585848199,1.64595954709807,-0.755862814593036,0.982821156334654,1.25144468432444,-0.400663783725378,2.71243867381961,-0.284865828620975
-0.848067873858024,-1.13852936250096,0.0741111206833053,0.398680341528872,-0.19236787153383,-0.788919409169268,1.2904604884354,-1.72562843929944,0.317408452247335,-0.242589435529059
0.134305506251528,-0.229164041757391,-0.816217452775005,2.14776404304465,-0.557986766198974,1.30805859730557,-0.491324917552841,0.70598655172016,-0.195523625501571,0.878043298771478
0.455583537211346,-1.28858673309726,-2.4250938043955,0.806412478620489,-1.62277136035932,1.44687128692692,1.49288217506162,0.669417289170292,1.38702927258964,-1.26826835890841
0.512610998962191,0.0572707153260951,-0.77523964938379,-0.161932520930517,0.648938726332815,0.497371370829438,-1.66925465709478,1.14500288477514,-1.21680178026136,0.0550342664735125
0.0560502989685687,2.09156946662229,0.411401867826767,0.252995537988319,-1.05171897665289,0.140591736194998,-2.40941985348359,1.81455106609421,0.000474699452136507,-1.34528360670023
0.555022788549019,-0.817604676131777,0.907114183214679,-1.41463241143786,-0.486103288604201,-0.0915391010886978,-1.10173892981693,-0.134796796277474,-1.60073921422828,1.29387368229502
-0.83381038821254,0.182067585184345,1.80402456389124,1.38813498581886,1.48795366608113,-1.23943949308192,0.265246602229787,-1.00846710648363,-0.204360276683279,0.570679813472745
-0.298789245527503,0.952237997659939,-0.900485329275152,-2.41640594802993,-1.22077181785051,-0.0202733042043379,-0.596583634522247,1.99832732165726,0.951439891155721,-3.53335962749911
-0.809087681070936,0.169693870188549,0.491146632034482,-0.136750925800747,-1.80487194669065,0.561633090405932,-0.444613806304685,1.03577798569419,1.56122763558732,1.58431203505833
0.898872131732011,0.828191766911178,-2.2198242895445,-1.04109851709283,-0.374574129923792,0.38549108483694,-1.25956618624317,1.14052922572207,-0.811654368012903,-2.96997954265056
-0.199019241625117,0.553170997312183,-0.413310980173652,-0.43926485959107,-0.694661160331815,-0.0980692462426058,0.808142658095341,-0.279944077796846,0.947502560622296,-0.0825396592507432
0.658493187241973,-0.282407630234926,0.190884567519008,-0.670955442961984,-0.499066792175264,0.674327321148248,-1.23526325462662,0.435864593239909,-0.419737426333658,-1.30330741073167
-0.835763773803771,-0.68595070126994,-0.433499552116773,0.000268829778216672,-2.18111143254227,2.47793374388042,1.98410585857113,-0.259646758875993,2.08413311874666,-0.730730244738442
1.09665951201159,-1.01242956651367,-0.825673515303352,-0.0333942351319181,-1.42681810857891,0.864499107739353,-0.670497430069765,0.825025710576203,0.187936943186987,-0.190654833214301
0.324683074951401,0.455757406555103,-0.823662873629181,-0.400216723610116,-0.482943176306537,-0.272437222359751,-1.15921877230962,1.25880737131045,-0.702598305386577,0.529110478885045
0.198040420429806,1.34814158942455,0.921630466077884,1.31935429820495,1.49796527605329,-1.35308227774305,-0.884398134635254,-1.29201668435001,-0.72060656359594,0.330426415111824
0.730581993995578,-0.93132961911472,0.226794293443078,-1.08657764035222,0.0462331139449591,0.248200068285762,-0.370038862753267,-0.793211516923503,-0.0163513641368032,1.24344920115421
0.207787725358081,-0.0341974009938586,-0.809595622349402,-0.253462789823757,-0.535463140526424,0.138427170115039,-0.574478818433677,1.19817751658538,0.495221935835089,-1.05295690331312
0.818392778613348,-1.33298554766623,-1.02254410527756,-0.356207818859382,-1.17695189416982,1.18522333419981,0.417103882410138,0.411825010894528,-0.73638478628734,-0.118158982757594
-0.128495176794064,0.46473573512555,0.339374023681947,-0.135407349905486,0.68126191622542,0.267269917683911,0.15226070267319,-0.532793647616007,0.400647003101163,0.777813601508275
-0.827232396162783,0.893408907171398,-1.67789059589365,1.42446821933395,-1.71605357448383,0.967551511041676,-0.473732250347783,2.77001654936579,2.11839579654495,-0.996980205186104
-0.619713575094187,1.71410249623579,1.15835023316379,-0.374471220030685,0.224957157479642,0.363457878637167,-1.55843092948078,2.00672545840264,-0.117661429554591,1.08593814599048
0.131736898223721,-0.735085033010348,0.89037790318538,2.0147172926439,0.615167582449698,-1.73327989179647,-0.368837525509996,1.0534082350401,-1.20405598003066,1.56904881702474
-0.819078904069253,0.0210000843943889,-0.365199596325959,0.181863270005572,0.0958871755733136,-0.539803591842724,0.286026653845868,0.699400546880903,0.134518833014102,-1.08767863755815
-0.344283320121465,1.34078569583567,0.328578789266858,-1.60315665639842,-0.00916476412746035,-0.287521615533352,-1.36893731142941,2.43273385664404,-0.917687641388329,-2.37854912098792
1.32161079002844,-2.90417573734119,0.326718149848478,-0.250422458836311,-0.349743285421122,0.744685294843097,0.600524106416506,-2.40475453176946,-2.16940544614726,1.02798884533827
0.657213670908914,-0.0294797429719763,-1.44977013472803,0.505541414567829,-0.258464432668681,-0.128525783115884,-0.655621633785218,0.115361149901058,-0.74738943643594,-0.642758709798518
0.890071786760399,-0.0121351555335124,0.823262705219984,-0.809661254673147,0.184233786884536,-0.465075345990272,-0.413587976393886,-0.156202627547855,-0.381172742696155,0.444737104551997
-1.24372113192199,1.57404560965069,0.669365987676443,-0.0823013058776475,0.337276973905443,0.00141048225258164,0.386641213985464,0.422734247685442,1.99482925681859,-0.0443229148481148
-0.341995197181231,-0.276434489071342,-1.58910162390565,0.952095711668565,-1.12443970780171,-0.489009354250636,0.262277543717354,0.835430622564271,1.96840024531822,-0.721597225100573
-0.464920595625662,0.360009042745947,0.499349981453603,-1.30018925894631,1.1114427647352,-1.08865945903907,0.256828795158236,-1.44313895640799,-1.48406399007262,-0.141848320331019
-0.715359163676026,-0.508900987456549,-1.01895903092705,0.66273370139363,0.57586843546195,-0.818039117524721,1.11683816658552,-0.310358500218777,0.577027856091278,-1.34021555059827
-0.15660576057779,-2.20704243804327,-0.264198503096568,-2.22356104099699,-1.44517516196606,1.72176017685063,1.32863614726441,-1.51961479433814,-0.791271748884791,1.88385976930922
0.36445848226225,-0.293213756063618,-1.71258546773614,-0.576639639324016,-0.76797592017489,0.951398891878533,0.232958839172797,1.5166064759397,0.00348991423043367,-2.76091438142929
-0.378485278765954,0.201633453264946,0.318413702880981,-1.68367194071892,0.183952775166322,-1.47872556463418,-0.144751087588673,-0.805420975465529,-0.843473515979196,-0.988513945561802
-0.502185777881283,-1.18367572761073,-0.491377186680668,-1.2430921902077,0.21923813378509,-0.944901670602627,0.827987563891186,-0.187140961068145,-0.96617346025857,0.267731797597884
-1.06216394288634,0.533126192906311,-1.42827847617817,1.67589777288912,-1.8931682905588,0.682774139641664,1.66926509334639,0.826397228844314,1.13131367599964,-1.5763528227792
0.30686898484869,0.11749678851225,0.186469593338874,0.72688556736257,1.09636225967306,-1.45134958687732,1.25835585798238,-1.13125121387146,2.07006826436963,-0.696793982169716
-0.926663281079497,-2.48469028228549,0.774871812779131,1.51780877857963,0.457301955749905,-1.01890567675478,0.704275912954887,0.408416536607998,-1.00256742642909,1.02253170875481
-0.0885535808124852,-3.03863748841501,1.79327423741145,-1.95406175802084,0.482173166297545,-0.671859179890213,2.09410027358954,-3.28622029083108,-2.44181498508876,5.15837666823861
1.22721173449646,1.66828895033519,-0.361152516027235,0.73440072290577,-0.471403342802956,0.91656792610055,-1.80662777277237,0.548584270237442,-0.554238238385468,-1.92487967036701
0.501289015604923,0.537347942088694,0.244478472640695,1.49499495148298,-0.970593580447546,0.462987869457348,-1.04439393736367,0.409306644745299,1.09882721758831,-1.0715119705173
0.0913585873302637,0.301002612364594,1.44107384575442,-2.20905853259838,0.136968784317376,0.191734856496023,-0.177370540611838,-0.918856526106967,-0.7577894061488,-0.333261307362993
0.222288737620862,1.21377117028729,-0.855999038643806,0.568256707118421,-0.0238136230825571,1.64303720076926,-0.728086191070548,0.178982026253156,0.668711456587716,-1.49135396095528
0.354179858932394,-1.41526534412743,-3.82108049676921,0.440607531979982,-2.4438546851285,1.41034533396154,0.428271884633362,2.51149293095766,-0.299039872286269,-1.06904193486659
-1.65409121400848,0.399169783412617,0.708224956925861,1.97544745217303,0.808958032012542,-0.0219316934742522,1.44806908337692,0.885727242069437,0.825200700687961,1.48392159396253
0.647105129496111,-0.692344306920083,0.329404762166193,-0.702024447478142,0.00273858268552203,-1.52831631348155,-0.360871989443415,-1.12983923870713,-0.830412425858416,0.154318219743289
-1.31062327153009,0.0741531715484195,-1.08043886436567,-2.00742705981524,0.106856391033281,-0.276132689165417,0.373222287169796,1.14656173956506,1.00395489600412,-2.36644933670799
-0.442293399024577,-1.72331681353022,0.75192431850213,-0.450135315770549,-0.220857045374212,-0.319169434238244,1.20212575325786,-0.891258375682783,-0.511671450848197,3.69938961809117
0.67342708219726,0.626646828161206,-0.630755446107897,0.861352718491982,0.217586963327741,-0.642349858505192,-0.782171122896817,0.314168917833604,0.425267119488261,0.046473069678292
-1.00987736537973,-2.16933178232348,0.449562318572512,-1.11664447733565,0.590602159862468,-0.707319456826829,1.78546809271173,-0.210522861507964,-1.47083712000839,1.23325638844216
0.324146032983547,1.98873048550169,1.67075854373744,-0.631760998578938,1.35349023147734,-2.36883370668285,-1.4123186888078,-0.242686695012733,-0.279361052520625,0.944516416303595
-0.639439733940191,1.27998758569035,-1.40208200779101,-1.47701863338636,0.685182262549734,0.668413744524372,0.156444460647563,1.34224683944097,0.565202600502797,-0.939964891635708
1.02948200541248,-0.608772639257942,1.22948080526729,-0.96206584052266,-0.437244925356226,0.278743653263682,-0.826278173569689,0.141631904633846,-1.1426175373209,1.06592571459652
0.411685704316102,0.154399657749263,0.331367710966211,-0.73863875196412,0.694719712146537,-0.654407292565494,-0.349702163154668,0.253887358507317,-0.38160536211127,0.528931283777354
-0.495095046266307,-0.124964930547284,0.761778883977584,0.437013104747165,1.23146654493271,-0.914420035740057,1.01388056489395,-0.457395843543706,-0.170728708005514,0.272142489831796
1.06974806185609,-1.30710407431547,0.258394266849682,-0.189548417077076,0.514797585912793,-0.124404512515398,0.594329404268342,-1.21441106641162,-1.66563356582481,0.324649149472111
0.612298621636008,-1.17467477168979,0.964599164357007,0.246271212714184,0.436563584576223,-1.60780224845124,-0.847234404253909,0.386297843213186,-2.22445180736685,1.63038428120666
0.554611766788739,0.119301999966804,0.421678206830586,-0.173948243143736,0.344689969958354,-0.39954253592169,0.875801824782214,-2.28595511243637,2.10077668413331,-1.49578063238909
-0.847114927406333,1.09776122970415,-1.82415701069219,0.961847297505024,0.426789225771895,-0.32088628907846,0.216162031913536,1.91992934801086,1.07651492027289,-2.45589478455138
-0.355160401399982,0.989562230992618,-0.539060193298053,0.500936974656967,0.129882931800171,-1.83917729228529,-1.29169153687165,1.1540100573275,-0.63491095787053,-0.25324340983685
-0.715385366683783,-0.675802406969955,1.82250183181607,0.438720635374726,0.886326856583603,-1.40844579279248,0.381097478796671,-1.51527800998645,-0.0703516227186427,1.56074491622174
0.619269942657123,-1.14397566963045,0.0267541992371536,0.717867064308579,0.286366733995417,-1.24849824300376,1.29993172896323,-1.549861541076,-0.0114056144314238,0.851248951340051
1.08895067799472,-0.581906221571446,-0.669035210507364,0.409723665981005,-0.30366005160521,-0.0275095048720312,-0.291460096132229,-0.728379234184163,0.319984407367137,0.651425603034052
-0.470120577010285,2.45613398076558,-1.21487270643563,0.930715882818833,-1.30160684569199,0.599040989572149,-2.7934147537146,2.9613290138824,-0.502462771381957,-3.46695602004739
-0.131288676851897,2.20826769501545,0.228470392345056,0.662481487717729,-0.458276332341681,-0.0352531016311778,-0.914858200512861,1.5752767174258,2.97994662890518,-2.44942685086053
-0.829514636889085,-0.12338988973034,-0.89191794750017,-0.957054821987579,-0.732861790040204,0.722656625050314,0.825110497510583,1.21572720681589,0.851767262489384,-0.562251440947869
0.960415523133893,0.533854682026065,0.316806634470947,-1.00998705533944,1.06542366772454,-2.01315808210962,-0.592592511924028,-0.59966931167495,1.03816854938461,0.619585837806848
-0.272069297591434,0.193047920376031,-0.572290093661566,0.629194755201561,0.232105950728527,0.680665187501566,-0.480279217125825,0.659927494724026,-0.19426123769465,-1.04168710509552
1.13650078504168,-0.727752042690201,-0.165621362625027,0.340325111252518,-0.0331691644847789,-0.698454666575743,-1.51627851050651,-0.110258316390136,-1.41181158196909,3.29695956437313
-0.0679484631407913,1.4062616061152,1.26211765450327,1.88691683639851,1.27346910705431,-1.14389280856354,0.0822986839202541,-0.533139316837862,0.564316715754824,-1.81702367764719
0.38724940345261,2.4067599525145,-2.34305545182898,0.524959427112021,-1.17694783032238,1.71985231610011,-2.57648769935231,3.4471038060928,-0.446186649704083,-4.51694523605543
0.592575338780354,0.809745417822588,-0.472349439228693,0.160568332400605,-1.05437023515501,1.05332091919366,-0.195054060600459,0.250776327312377,0.470704509752981,-1.13224804298074
0.826804622339405,-1.97583964890395,0.358324152299836,1.71911460309542,0.69847055681098,-0.211010173610704,1.68677289891224,-3.18020588507535,0.317268403911057,1.54362784537603
0.338597753734175,-0.756544932995559,-0.648146253980967,-0.469406234687912,-0.422999203251891,0.117704039588919,-1.1422667730696,1.70627668004725,-0.133623238618151,0.346697715483164
-0.366592233290794,0.360319902669862,0.820788189790941,-2.26897214976563,1.06878867218532,-0.639300947091721,-0.228224165160865,0.665679861862002,0.0968034704897313,0.718003890688175
-0.419334726076511,-0.991404059139854,1.29168554787116,0.642340526826116,1.48938182689113,-0.935013417673638,0.591279780957864,-1.13926576480637,-0.69880343947596,2.83610397938462
0.3825236003241,0.942733547210733,-1.88899342976093,0.13640663743438,-1.56893308603584,1.55453603940494,0.135069733384198,0.512196876356028,2.7661309781585,-2.19044608393728
0.754265766748094,0.27262994453675,0.930696355862506,-0.974696986164313,0.869305321825369,-0.247209607278747,-2.12719163889035,1.64796657349323,-1.12884068672125,0.714158776470129
-0.0894588024648993,1.24119328187604,0.399808096652388,-0.697107876952478,-1.13598959789007,0.248991880575346,-0.180262610778459,-0.499807903281539,1.53726736890362,-0.761876460578107
-0.419455701393855,0.169700127487317,-1.91594204122731,0.687449679758756,-2.22435339684925,2.01750825420104,-0.132872191584078,2.56503160182616,1.00559993070169,-1.13603690316319
0.99298565855299,-1.60484503127863,0.0702859096603096,1.15372343454941,1.3030927823784,-0.758671930259158,0.410677827322813,-2.99884435076324,-1.00137198256736,0.6257775174448
1.23844940453814,0.0247006338132204,-0.463793939476203,1.27498013450395,0.377629427299522,-0.239661760190762,-0.904710846168434,0.788269799440864,-1.39079248493982,-1.03672427091457
0.564324883620789,0.335680820238598,0.993475148541967,-0.260555244315122,0.816640730035629,-0.591400373636552,-1.18627743366039,-0.1982707796145,-1.8188157564351,-0.575492086291158
-1.04090316321527,0.00465145096117037,-1.39182898778608,-0.966279535227585,-1.29419515906168,1.17673990932183,1.41443821645882,0.690229988513091,2.77577270970685,0.114750727940037
0.678704392233721,-1.93913610805864,-0.091844412336008,-1.31081870313633,-0.537589108848174,0.459817434873277,1.45185807675802,-2.46779732910602,0.309238181955283,1.73424599332825
0.942973775407951,-1.06119112171265,0.394623745030512,-0.0968643950602058,-1.75365182836496,2.2614423704557,-0.533156600638925,-0.27212040897572,-0.520006261093295,2.66708691128717
-1.90930754910154,-1.0282300117314,-1.22324061006107,-1.45566155664185,-2.05956922491021,2.42302253817905,2.52060818589075,0.520639346655286,2.26700283008537,-0.300494762305758
0.0733812650456107,1.21861546117126,0.337613464817811,0.535010874389721,0.17522856285286,0.129193245969698,0.223500468836924,0.0186653192215713,0.59850254363427,-1.52474866529864
-0.199865405161512,-0.954907276260493,0.343636381243059,2.16625409475889,-0.397436840197784,-0.161157157545413,0.054201661145869,-1.73206322185157,-0.281898335959161,-0.301243089868065
0.304486230293768,-1.79933732246487,0.0941342025669359,-2.07582275999667,0.43035271884006,0.272619230527885,0.943576388671116,-0.137368839361282,-1.38411182297665,1.51039078768995
-0.711705079242735,-1.3721435755329,-0.412757781576711,0.0254637812819502,-1.1746252261578,1.5941189481176,1.26717612317986,0.234230504155949,0.578182939170118,0.409684590290091
-0.0692645338184012,-0.278435157532897,0.373846945899149,-0.13143674490622,-0.356564126675461,0.278296645926017,0.72550486859678,-1.3865532166088,0.546866018642472,0.852434746600504
-0.6390123935488,1.13029781221587,0.0440372434632933,-0.291827783975904,-0.576626745189553,0.300649162072315,-0.922222789510242,0.949195080193601,0.202213231311847,-1.07014750271939
-0.210342444972211,1.39040092245958,0.0003260531766549,-0.200806753188965,-1.64385660120209,0.896978797771535,-0.95334206267539,1.39243416168743,0.365332368264921,-1.70765199416848
0.407212917105525,-0.0635483438588043,0.0199974467181089,-0.463281020372247,0.759946963798287,-0.21948229157881,-0.340508542597055,-0.264904946349187,-1.42391435082629,0.0986145017091596
0.333490369629892,-1.09116835984838,2.20893071555264,-2.33908895379864,1.28658324818101,-0.0576480195248206,0.391474217128862,-3.57365596694323,-1.04731531487993,3.17382692228827
1.21328598871148,-1.0414251201549,-0.664859276787888,-0.222724189667728,0.215081061475323,-0.337241451624253,-0.975753988418132,0.643088981863062,-0.396145379454031,0.169712567730662
-0.818415387514949,-0.768546843665524,-0.322386901941522,-0.651965641842308,-0.768744133626416,0.974196422557277,0.876886505174318,-1.56595941532357,0.785639585494146,-0.0607544158364425
-0.108916875286437,-0.832380857013126,0.747391742300952,1.42195847133497,0.64710357413275,0.826098156806048,1.73198512047379,-2.84241844914477,0.948539443866355,1.23913504211493
0.53648110517662,-2.1506102594728,-0.947412369295326,-0.968600494462771,0.594230689546856,0.144517396966594,0.505404356178972,0.305025673663811,-0.96705406774065,0.0897568885904734
-1.00843281770876,3.16861426694918,0.666496075243508,-0.522155391764044,0.0235535147305223,0.344268183330029,-1.85229462058102,2.67340106390495,1.38750036698447,-1.63026618974164
-0.77840541156452,-1.24325137040073,-1.56675632607814,0.88971148411897,-0.989059313402738,-1.14253982175336,1.00769048738587,1.45852202997935,1.1425265249886,-1.02186642764752
-0.281873611021901,-1.88513429213462,-1.17179290617954,-0.0958146164123576,-0.0491209823705923,-0.699638159017511,1.38300193546402,1.52361578394417,-1.70899975235942,0.839314711092239
0.321701661884776,-0.86465691549889,-0.0633105975802924,-0.599353730866052,-0.232722748178848,0.434141277271392,1.40180381174457,-0.826904559257351,0.459001037733627,2.72744646864761
0.28785803281849,-0.163537081881231,1.33123839087313,-0.837396064543905,1.04112595204572,-1.68560274865703,0.418980492708543,-1.64098318382697,0.0593123745105973,0.924085137007777
0.960963843648433,1.54522583205693,0.63738147654243,-1.08519045558229,0.353197485729343,0.20426225450204,-1.59413233471893,-0.504952675944578,0.259224627332253,-1.60132142509512
-1.29384403822343,-1.00768023252905,2.66372636799942,-0.895939226226706,2.50657699025937,-2.76593499203655,2.23132520233319,-3.24403265874609,-1.29685267731315,1.70236839511447
0.350761532232808,-0.522050717840826,-0.60210183765571,-0.241433688253015,-1.48420517435235,0.361404156488698,-0.912501864222919,0.00887877013912858,0.941153291005561,1.72178003643147
0.87587619126512,0.798343460201384,-1.87669412952573,-1.50233688678231,0.726293085341138,-1.32226108070955,-0.721391517716844,1.66232264240772,-0.0538301127255958,-2.2161033193099
0.468271362356996,-0.792263161917172,0.423437995157613,-1.04087784298855,-0.583174488322054,-1.03773602360525,0.73487401917367,-1.21485498716122,0.979452849823054,0.402927532434155
1.28798210728435,1.73017055235893,-1.01153320695239,0.883911077668772,-1.00156508223704,1.02679859118245,-2.51691287154236,1.55807091158922,0.856804891505943,-1.12178313050275
-0.859820300395821,-0.297418878048468,0.449696620314646,-0.321032027833473,0.832461446757034,-1.37745492050809,0.711595292013642,-0.614665719691451,-0.142686874654383,0.376659556715058
-0.326802803451342,0.965024582254741,0.0210686358376809,-1.14079465361034,0.614996974626686,-1.02037884249583,-0.593179010048505,0.667915261655673,-1.21783826442167,-0.29667937967503
0.906851015820285,-0.0885213016616094,0.793606491093757,1.12119775641486,1.1221592900129,-1.72843137836577,-0.286544803599386,-1.05670624935909,-1.24309855866317,2.01407204145425
-0.546529202422016,-0.608063170556112,-0.47663834965778,-0.980652234185258,-0.334103928116329,-0.606541737673993,0.62025968434673,0.540985903547636,1.05864513350842,0.73964514546356
0.187118459021798,0.648692554524741,0.134630457883541,1.50689910572715,0.402195940554039,-0.0323069959842277,-0.630558902550158,0.0959930175209216,0.045021197693455,0.849411877515773
-0.0565495729350323,0.822343502990997,-0.0346434115183125,-0.103656673201346,-0.628905514964464,0.456862491683601,-0.653991332140688,0.902535191898142,0.315717234154705,0.214715224624239
-0.928253538983872,-0.587826271134712,-1.69334180831456,-1.89618012397445,0.343099905421076,-1.36040730688153,0.828014756023793,1.0009462773031,-0.426994128433668,-1.2026704011687
0.218048850436312,0.957220701092545,0.0919229021537082,-0.483721906965863,-0.611198687930614,0.215814065928615,-1.39323771182992,2.24753315738704,-0.207046475299815,-0.59535600339808
1.40805754078062,2.67321349023016,-0.0635525204086421,2.26757630798197,0.509039912433739,-0.00503647492105122,-3.09107843995882,1.3951986044778,-0.198185941248169,-1.56988143481446
-0.202130199560781,1.40105573551453,0.127893952024151,0.720264063653521,0.095461315561603,-0.525655247464384,0.0619861380863313,-0.0490825317214919,1.04892853075385,-2.67706707131917
-0.40763396234222,0.00954178658035666,0.581497096981294,-0.0232862774421514,-0.464572300633331,0.179136117007587,-0.114242926544914,0.114856066415385,0.567683873159997,-0.0912702968186625
-1.40944119195779,1.57764468157786,0.35823564524997,0.710522828818462,-0.277761285466991,0.780748678737414,-0.0119587738274072,1.79162963878549,1.71084931414323,-0.330983751391992
-0.549850764735577,2.09634548777704,-0.325980613855488,-0.876518238546822,-0.94193698345093,1.41750554717101,-1.15284084892865,1.55090888007211,1.12459600882342,-1.12701621054271
-0.233874072050984,0.790168674433342,0.39147455508338,-0.221932081998241,-0.313653477061598,-0.0182629682755916,0.42882009136591,-0.125379812160584,1.85749158074338,-0.787506423545005
0.2897971285876,-2.34888060909464,0.822499890550563,1.66148847917149,0.950553942505176,-0.571790667906847,3.00597256474981,-4.9046776987427,-0.877394794085023,1.82454696001672
0.862861875564283,0.543570595345258,0.133847804716883,1.39930348035794,-0.465594835714417,1.48309252343837,0.0800410644199829,-0.90020700178169,0.255697633164793,-0.161954343237616
-0.727355648243565,-0.789763432533173,-0.402385074910309,-0.546260256328888,0.446021073873462,-0.409917297386116,-0.463065445729589,2.46895263868119,-0.705299481504439,0.0788271568442028
-0.541465707875367,0.0647622439400782,0.884863395445465,0.79735573784317,-1.0023260423777,-0.1028344841242,-1.54110171876235,1.09678781493251,0.0569000952000093,2.19108997250483
0.112409358721083,-1.31222522057146,2.01373349843946,-0.166043983584498,0.0377650045223367,-1.33324208401413,0.507597284757902,-2.29564055949941,-1.07337126776066,1.75627311384032
0.922170594300742,-2.25963334512003,-1.13834852974718,-0.257567055580777,-0.16781241245823,-0.120978930210334,1.3168027723427,0.0491899874423244,-1.16197248947024,1.29237546239728
0.307348573052284,-0.430761897525329,0.0743186330365738,-0.249507733406451,0.680840465820427,0.897852835296631,1.97439052106948,-1.91272227002007,1.31601693981295,-0.381613883679669
-0.722252861401731,-0.149828915680279,-0.171488461313682,-0.9783476142728,-0.493888472419651,-0.125496826693015,0.444535269325943,-0.23503663350674,0.401055688653552,0.118849212591983
0.138960310580188,1.13690749188859,-0.224816955946709,0.5679140117799,-1.64699948126809,0.927859785895605,-1.92824783150052,1.6031016149359,0.465240799246803,-1.15814327084173
-1.59995225057115,-1.45104065990526,1.05434830697124,-0.45863586314838,0.509745065371779,-1.25735618427873,3.06222001112686,-2.7560030917359,0.468143631832621,2.26993212059654
-0.444143684127142,-0.0601185378077193,-0.668677917832005,-0.406614171775353,-1.09334642164123,0.162774800206675,-0.566766021099913,0.590240766401272,-0.767396810619058,-0.079015287713853
-0.409889432414134,0.60640745229334,0.698365694351287,1.69189819983861,-0.302447522345951,0.550770272991431,-0.0435828689508329,-0.203534650108349,1.13699708863785,-0.0462401361020209
0.757894486810663,0.682159986057467,-0.719372248288276,-0.617417460120201,0.359807068158743,-0.484991309773338,-0.598457173703762,0.262715565607948,0.586007754935939,-1.51963276520146
0.228401675816866,0.470982493375979,0.459465219279863,-0.698453884162035,-0.0291672498499373,0.0184702576889417,-0.739448609822357,0.476997215673682,0.394783326398193,-0.770625296829001
0.444355574504751,-0.821080844227676,-0.71866910562925,0.747433123730603,-0.574111862393344,-0.547590387710182,0.0506411291561826,0.0859319535770976,0.22739535246017,-0.376557044472417
0.0999696873085814,1.55041206703584,-2.1696330246597,-0.188329983140158,-2.95756045698937,2.93792469285641,-0.71792480073392,3.07268223554698,1.97763299364622,-1.92085252651438
0.576485708540368,-1.37300626284038,1.6217955503834,0.262824954833851,2.31799267196255,-2.44997897750264,0.799714753775493,-4.05400655185982,-2.45422434772482,2.24003833958302
1.56434558490025,-0.120182846659894,0.268857630589396,0.384333347986149,0.998627091047134,-0.802961978307636,-0.438239768661283,-1.59199213579391,-0.959332308404674,0.384585738440409
0.736829320161757,-0.0242200453759232,0.927159401296705,-1.38082606222116,-0.304137903547128,0.977494125042266,-0.59090394060744,-0.59395501200579,-0.391195956647118,0.761635948399163
0.286123398640079,0.731491751519412,-0.800024668293512,-0.190513937970286,-0.771009641482748,0.978527050333109,0.16270340972002,0.328201857205961,-0.0922569695710272,-1.94793403541422
-0.073177465501708,1.08534698877382,-0.818151651875182,0.369607801370972,-0.536469962014941,-0.256478744238184,-2.55046576342888,2.72135582888065,-0.38156836007751,-0.641392332920143
-0.0185141613639288,0.26017845306249,-0.336054009850335,1.21511630171305,-0.727826124621119,0.406627613334937,-0.534505524585779,0.557086443278522,-0.238760036633619,-1.67226759580448
0.703791037904687,-2.32550167667657,2.83196231033377,0.25143898120982,1.46018156783541,-1.23042036394582,0.656312274254779,-4.7359451520651,-2.91219811438756,4.83187831906545
-0.268599591805072,0.95897491881604,-0.620980723555696,0.0640086547854899,-0.461886920806516,0.594888329616667,-0.00754721239751155,1.34809943890625,0.459093442561693,0.230935987650775
-0.976629434876612,-1.54459547878557,-1.88014043334616,-0.436561634622075,-1.83999375190417,2.22090984046283,1.61384301077327,1.55597682522102,1.08541989243143,-1.23160736142569
0.511801417432537,-0.914796100948901,-0.226104835830167,2.58661556744626,-0.395114135270532,0.0202746533396456,0.328183650297983,0.121730979283424,0.431319878414299,-0.70972897335602
0.387618644262237,0.721300225590449,1.7529428166675,-0.187703750979562,0.743217545662677,-0.642127530572836,-1.16190202355076,1.7937187512967,0.165202481617528,0.376655008953149
-1.0830306533159,1.1576259690979,-0.274099060673281,0.758048920144251,0.397212228908999,-0.83212473099091,0.990906318822664,1.74867367716956,1.4920245268472,0.165748878371126
0.495194195219536,-1.27708952057989,0.135884325706668,0.0934441427878899,-0.295953599513813,0.989065856441817,0.56333915973335,-1.20448394877262,-1.53614126536814,-0.460263161379739
0.351100284635622,0.508867833695517,-0.488796669587934,0.636591245894718,-1.03858495721359,2.32574508668654,-1.58954190073463,0.0329489264679248,-0.0580453530105393,-0.0998881989088486
0.909120521754901,0.54225836590537,1.20402494875127,-0.865995473381541,1.23895843503297,-1.32661106077661,-1.26076200222324,-0.463600381136706,-1.25101300437271,1.54944271578284
0.0166534265271034,2.73617076669413,2.00594008176466,1.60914708158803,1.57259675977079,-0.820237651223035,-1.70927107856864,-0.348702741432701,0.262350688487681,-0.406301043034429
0.821684213608802,0.130830548946946,-0.236021755710242,-0.389646686586611,0.495333608432095,-0.119911933501943,0.202969690446675,-0.721164681482304,0.757674380548383,-0.617366767522477
-0.123526234750129,0.978846990646331,0.223790852185566,1.34205939042821,0.413760227141132,0.788348797984149,-1.25222930824207,0.226363292007946,-0.998006071385008,1.69605218958457
-0.336400676685061,0.252048545279597,1.17860145569291,0.912461227943184,0.91530777479871,0.170160251349854,-0.215989464431652,0.232971858325573,0.745542240165562,0.111533306050191
1.25735297035023,0.356024024939357,0.157028156676371,-1.58106703294027,0.846526214342187,-1.18710295795853,-0.508153855765839,-0.691706246907657,-0.764954123070437,0.651834536475286
-0.228874657028373,0.586443635303011,-1.06727633656106,-0.0453514875033815,-1.0808870016376,-0.44054662042005,1.03271681958554,-0.228934701588556,1.93603876610626,0.128739402147624
0.0484707387677053,0.436348531336215,2.33265636724028,1.45684739199669,1.64496594633333,-1.81757915269906,-0.0532257317244883,-3.07853269065195,0.241760735340302,-1.2156770474487
0.958253048996623,-0.863796139519968,-1.23892179589097,1.37195877543678,-1.06193976548394,0.478193011529184,0.0422419768940858,-0.20539089442313,-0.908359201803762,0.030716687310878
-0.78357276714106,-1.18368787541639,-0.560749508527997,-0.852331491663451,-0.362598963324396,-0.109919122995815,2.1495976518029,-0.653781691040546,0.193470044346758,2.5089499541819
0.405175722270448,-0.795047626078315,-2.18514507529861,-0.386194542394257,-1.31017404904644,1.12311898102676,-0.743317119085236,2.98750104434623,-1.33950954103879,-2.98880332924454
-0.0952010848539056,-1.44031019810177,-0.660821063410711,-0.55408438032555,0.135897820205598,1.0661552661017,0.569898101025214,0.797877154978487,-0.581851549112459,0.648724640328736
-0.628942899070069,1.17930182038872,0.472000166939539,0.631069182996994,-0.0609532446282902,0.285884311394363,0.633511283402222,-0.439716123671363,-0.329263743288696,-0.183259870467084
-0.0305481135403852,-0.474145239992665,-1.46411828396115,-0.81074635246604,-0.616439376395316,0.633767236412636,0.0347584269454891,0.89391043156967,-0.534602193109303,-0.872101119818874
-0.903607203685842,0.592277753801713,-1.14558595966895,-0.137077563751125,0.416888354034544,-0.455114089678244,-0.352490885888595,0.402691426050766,-1.31813354590547,-1.26786299105633
-0.666644365352296,-2.99696894831618,1.47856378218638,0.0162908418067832,1.2350012189543,-1.06376619588336,3.64933802900482,-3.9762146430744,-0.782728229455494,2.51837794912039
0.931166814887018,0.0170964864857524,-0.111969623612932,0.335856527487794,0.164258539638126,0.541883550482126,-0.112116821265583,-0.0326275202396412,0.275341300317578,-0.117005752205044
-0.0150755246572563,1.49699634174565,-1.33202986670242,1.27780904313924,-0.875860499134758,0.377104862336383,-0.698459378559552,1.28319875521849,1.31230329333616,0.329999383386593
-1.31941069762524,1.10020670807729,-0.50821028146111,0.46202464783107,0.0136700473019372,0.726987989822627,-0.22163566071885,1.88442861032947,-0.830942396673117,-1.23616094306537
-0.0578525814878881,0.967457166175612,0.958153947646348,-1.33952173469209,0.830703027789054,0.124158848519796,-1.1673493189306,-1.11561043487663,0.414764775630351,-0.266022610163078
0.950830758564665,1.64587729484933,-0.0849118901174072,-0.628524554249215,-1.32994608264613,1.17490331207082,-1.10924661414037,-0.641680375365646,0.533328470387629,-3.43025231063227
0.69485905118523,-1.80697156256395,0.121598747322799,0.326150130814375,-1.46313156615639,2.63023884950458,0.725001022956576,-0.531205654690788,0.57658602830786,1.4770360277417
0.891408368841384,-2.25503153571194,-0.212543496084574,1.02785680352374,0.101128569185437,-0.944678838788642,0.267414041309209,-0.37244217213647,-1.9719990816729,0.629177435293491
-0.927629392067712,-0.980901343358913,-0.544867262605379,-1.51706056467408,-1.52136234174179,1.08889502493974,1.43216779668282,-0.81088445365793,0.831285276206028,0.539041255037242
0.0157577259098533,1.53438071126312,1.73826949279922,1.01747220226381,0.65315224594606,-1.34611117146063,-1.49292368058196,0.496738108752253,-0.341992690833521,0.0605474345317198
-0.218636941401673,2.23147359884863,0.450621604467998,-1.00074141234403,-0.0774862675685408,0.142571369782719,-2.39000036387623,0.509629293927647,-0.416270424926761,-2.19802618491827
-0.759700248938937,1.10609473479972,0.151337062976423,-1.22972501769693,0.140745366888462,0.182962073017312,0.338537545570031,-0.369610159871892,0.0694242303093367,-1.71517979833538
-0.538245509609154,1.24723729673973,-0.811588233763445,-0.392839394871053,-0.19379571728861,0.696137319132065,0.675957025368535,0.745215003101668,0.801173196226011,-2.0832417549208
0.866518319703482,0.183280220433305,0.676586279713271,1.51445847956287,0.330803968384852,-1.41215497736012,-0.773728240304748,-0.787062724920751,-0.524234560956967,0.942784906301313
2.03350136715384,-1.92646868360956,-0.444957255232424,-1.52195009076507,0.338755482939578,0.184558504763868,-1.63450821003534,0.627854760092368,-2.28027731878294,1.70053681359183
0.490762286280353,1.24998660829037,-1.52884247573705,-0.704290273111411,-1.32818195647092,1.66313772920453,-2.02814255977354,2.54539527762955,0.844468767883474,-1.31126091766595
-0.5323308594483,-0.843217172512719,-0.875229247813232,-0.521199217107221,-0.601999902428573,1.77958016982107,0.741755392976536,0.252693159003061,0.0668971186560099,-0.742739025840999
0.0929420693074259,-0.328554362394888,0.10126829776039,-0.492344278782707,-0.160990052331904,-0.250825202391185,-0.137043221872105,0.259165459523505,-0.0455701661653572,1.47108131009309
0.687615851017692,1.43998044317119,-1.40634268676915,0.224169320809286,-0.751540470285664,0.312538894442335,-2.083189598325,2.1150533636299,-1.21691589019399,-3.65886191444033
0.157116299615728,-1.19049723949636,-1.02247168231071,0.924981709005686,-0.145550116422239,-1.09717861517096,-0.386525329622771,0.937458913599136,-0.295368814493933,-1.19839419190932
-0.676495214349172,1.78629593663795,-0.341944064657247,0.290399749449831,0.611233407895513,0.968833511092588,-0.130652367081153,1.82178867156415,1.88456102729016,-2.29239861615395
-0.51111073787356,-1.69044807213812,1.28669772850739,-1.2355785572003,1.81396359022,-1.8947919696577,1.37676705266027,-2.17346562828479,-1.85285728519836,3.35104651941077
-0.41139197724664,-1.68555658452785,0.0301571370589289,-1.80936202621084,0.693905830656599,-0.184020977998813,1.14502983846088,-0.794004876438403,-0.261216003657343,0.279928094627224
-0.291589322658014,-0.333898570418661,-2.29241835029386,0.647038696341002,-2.43364375896271,1.49326189026553,-0.287982318137288,2.95933800645921,0.597372219270047,-1.17799836816033
0.219430354322269,0.751323351664144,1.672281914477,0.897962102730738,0.5906171405829,-0.416293070713931,-0.499227461641207,-0.908531175590483,-0.745366248404129,2.29780579289472
0.159974830406828,-0.292149941764087,1.06207033001654,-0.568820956028639,1.13804977656481,-0.736787499334098,-0.66308982537094,-0.707704894920238,-0.318891321224828,0.817423332526755
-0.891399209113408,-0.452350245956567,-0.331043358687655,0.674584150900737,-0.68487617082803,0.201263592867811,1.21699831029212,-0.235388771720543,1.39585440205049,1.59023253363775
-0.901165244628244,-0.6253193598189,2.7132361905826,0.534476985890572,1.72610808377764,-1.02729359636526,1.1246518395833,-3.47269657383128,-1.86445521132479,2.26998904920579
0.211312595433468,-0.64769175226065,0.262925444818722,1.22053223876581,-0.539142629229771,0.477030865916575,-0.446966129769805,-1.40642921324315,-0.477309925142481,1.76363581605464
-0.526605820492955,1.98193907124371,-0.249861538502728,-0.748405409037364,0.0857202598124145,-0.0703821561828153,-0.401012827722826,0.545194065803804,1.57256118538818,0.178224973482274
1.41805011670473,-0.924570325277977,-1.19661965759346,-0.635293067548647,-2.23912287604698,3.41119373542772,-0.0108255428868557,-0.482097685944329,0.0519098715656525,0.160576549862338
0.799258185517792,-1.96341165846618,0.704383470290039,-0.340680324586536,1.49168435121125,-2.85664707182697,1.0986186627076,-1.51671903375047,-1.76837411057492,3.00752266129383
-0.970718876299227,-0.554084817578584,-0.0873198169566447,-0.164531134465849,0.235365907226077,-0.59536788743107,0.655372657878847,-0.910116171262271,-0.747485875997563,0.788726860011563
-0.133909202751282,-0.275482424270696,-0.337805554052253,0.685290478830263,-0.829590114141871,-0.819249128880152,-0.781047997435189,1.80644042219653,-0.10874094737218,1.44000588513008
1.06340951032099,-1.14904013721313,0.889592148593845,0.0224737874897139,0.838641836852186,0.176865625072334,-0.505431165190257,-1.16602129010486,-1.32427194773415,1.43561456610388
-1.60615610061599,0.228893624100082,-1.86319274186182,0.253398294814489,-0.661666172836588,-0.729590569875283,0.859440742545798,1.75892398202683,1.41855847948013,-1.79408645031373
0.647550158744592,0.63396192160861,1.04179860586076,0.748010227841332,1.30102139538042,-0.63170432450378,-0.0236214338681167,-1.3411267353499,0.582363047521118,0.299355331610678
0.367600455984601,-1.56173225491872,-0.931813794751197,0.571475599487018,-1.7929327573787,0.935429420193639,1.23612368721491,-1.09482150439544,-0.0946125681009321,-0.755620431886263
0.304903093919079,0.486979502303273,0.217933307845508,-0.0583385893853966,-0.412607770399758,-0.917181599528998,-2.06214430656594,0.380908546883431,-0.239905635129454,-0.126905237701413
-0.368156891562221,-0.651441243959083,1.08368348150288,1.08570110442582,0.394847987526207,0.389004256186524,0.3835630911646,-1.45240324390495,-0.815091927824753,1.6808709506937
0.408229679953084,-1.06795490365952,2.56915168275131,1.12099536075564,1.58435494292115,-2.29875826566589,0.0940259818266332,-1.76667948271433,-2.76148814437359,2.92245530579713
0.496765735641554,-0.176266375402326,-1.28327660442548,1.60594456617125,-0.549418589448761,-0.261545917434804,-1.42830056766675,2.92961732475636,-0.978483177776776,-1.3753520423125
0.0712361390749867,-0.071553372644074,-0.0363214630904857,-1.20341729199761,-1.12794506089065,1.89963614852541,0.394171583405289,0.212347037947754,1.48066299397977,-0.121095024430127
-0.626974772650804,1.38520548895263,0.0205758150092419,-0.281689388843927,-0.069963051380215,-0.124701332357031,0.348151710180292,0.629643688015238,1.79422303056052,-0.342213240273055
-0.786840828555177,-0.112849895291874,0.210146831670507,-1.79050991515808,-0.746788519623774,0.13284095972731,1.78211537140913,-0.664813447518233,2.26963117065915,0.335422458644112
-0.109862924375129,0.461852974551482,0.280525113312299,1.11362690476011,-0.0880888879457297,0.40669493386531,0.29700828906195,-0.548522691991193,1.3917860577053,1.96713997682569
-0.370125665762154,1.22407710197244,-0.650872592844631,-0.769128993611636,-0.563336965948156,1.21842290943308,-0.109090557275067,2.75459255331029,-0.0552898488121598,-2.48254101595007
-0.537276224708675,-0.683230583848482,0.967293760789181,0.453974754123728,0.539199182647703,-1.15781624659673,0.791285696566706,-0.86616437705908,-0.893823215236364,1.45186282773483
-0.616510672580168,-1.15220419034362,-0.161428535116905,0.132874661457243,0.454031040794748,0.139616676939503,1.60307348638515,-1.09216548474092,-1.09398615776341,0.474639672130674
0.855782708719893,0.744014452596153,-0.800646210231923,1.06681040387237,0.552880099740078,-0.164933730130983,-0.733238807769468,0.902430100259107,-0.240301303062857,0.306753531534292
0.0142688264483459,1.16098967362587,1.26261818280982,-0.554179301679889,1.08090827797023,-1.03369354008903,-0.790190482969716,-0.505109966213947,-2.24494697964978,0.126701145562077
0.068002029857788,0.159379781803539,-0.18623284125099,-1.43780986004009,0.618710217322151,-1.01020683370941,-0.58037244314387,1.49749269591005,0.23491754631999,-0.221185182723949
-0.898036543861851,-0.182509992145854,-1.92006621385005,-1.92479452107513,-0.961679000297828,0.845343666056328,0.017392363970631,2.4843352782144,-0.0231477687201269,-2.98401589687282
1.40021995362311,-0.270720880267408,0.621040322984329,-1.17719819329343,0.561470352286951,-0.0925273570802233,0.295747418073441,-3.1176429471406,0.328620684915461,0.338308610961061
0.332361211573179,-1.75785568943359,-1.18540713233873,1.80346152265602,-0.233548643864634,1.17842194032536,1.63173197047641,-0.25124436550236,-0.320928137076026,0.660859299823337
1.06261073197104,-0.319356815579152,0.19854191916604,0.718096772851737,-0.486934926457226,-0.258910973974623,-0.886408880868031,-0.146517833824108,-0.700527294063966,1.41296549499273
-0.430368047966032,-0.29415455015776,0.511451552845345,-1.48228141891304,0.356678408010121,0.260371026940321,0.398641746951228,-0.85267141025973,1.08200543264056,2.27931988212795
0.433535496787415,-0.624692497453617,-0.635468031856172,0.0444215482670765,0.851190585260059,-0.551998546635821,0.43597261894593,-0.806084201842109,-1.68778556873988,0.199468698814911
-0.471022070701299,0.0670294134417359,-1.65384818430665,-0.417307969806523,-0.109983306911805,0.990573126008702,0.571972121389451,1.39723788517842,0.312468892292437,-0.751589809701152
-0.986535141642237,0.573129186379553,-0.720203816093661,0.191765593630203,-0.172462600327003,0.557157912794992,1.95358571170583,0.250211603011636,2.67311895290084,-1.07182992165846
-0.509693983918575,-0.755949072180631,0.642153017401021,-0.137011699426083,0.915132538333674,-2.07057948875793,1.15998458660791,-1.32928056767738,-1.0126574147648,2.84793562599793
0.526366609524753,0.415715788817391,0.380010839886353,-1.37468868932779,0.0962385867507881,0.550182157966245,-1.06028294788922,0.675562986518771,-0.946546772229644,-2.26556222611843
1.15819315620921,-0.19161918456909,0.743249126657864,0.172464161255855,0.282458906232337,1.09106485919964,-0.394462052342034,-1.06630831624282,-0.48466587324728,1.13034376843766
-1.17540692305624,-0.266186716557793,-0.0329755751252115,-0.0790944563468213,0.624444445435448,-0.837252503539687,1.07147789277729,0.898154695866982,0.647946538204765,1.28138774259823
-0.0871614246370071,-1.13765512907082,-1.9766702112328,1.03445143990926,-0.985832181342709,1.48228913309465,-0.243071876940068,2.11408831991347,-1.79075926997506,-1.41987313737896
0.248231621704241,-0.14646125441378,1.07836504060359,-2.09235258083084,0.688309108388552,-1.26819190516831,0.139902183837133,-0.320213546674675,-0.322442963862503,2.10922335714638
0.275649637207486,0.648770385224292,-0.00955768708441721,-2.34218017585163,0.279438077792346,-0.701918953650216,-1.11396642152385,0.3546672912126,-0.399272213763989,0.504250710111488
-0.258191911438913,-2.74482325075315,-0.287365808804094,-0.0405811536479953,0.792356032659329,-0.465978822591962,2.19331474376282,-1.77362623169222,-0.184537966791116,1.85220518822461
-0.661374616896865,0.137299175116294,1.41256457253653,0.331057352212874,0.280741105075072,-0.304047047848491,0.96730729918285,-1.62710029984741,-1.11621810034037,1.01892561215287
-0.272036731494313,-0.412444850899384,-1.08496347902411,0.661731061842313,0.0808999205301625,-1.02643394313143,0.630433259404112,2.36769463553957,-0.274009234724224,0.079323196096504
0.0680682823037191,-0.258316372952667,0.787561151034441,-2.29451671846984,0.240336470339261,-0.07230950335481,-0.569343723943477,-0.325268236008062,-0.195047497826505,-1.39365409771236
-0.710862316028961,0.466179673706425,-1.62788778864227,-1.23513317361634,-0.998769356406557,1.8109968067302,-0.915051256918182,2.12045175093173,0.224487914881894,-2.53168891092842
1.25897926066933,-1.45188339344735,-0.0792998929881084,-0.886103838433502,0.0512365783456734,0.242426581340023,-0.081048742521979,-2.15093473399702,-1.79291573314062,2.04413227431235
-0.294118362744616,2.36580050004076,0.772901911853314,-0.229221230020167,1.5315597851965,-1.5524123987351,-1.18617325896874,0.887622831064757,1.05006906148549,-2.12411906202992
-0.312908493712175,-1.57306847758455,1.13957446086594,-0.931862239471196,0.736030305613237,-0.604702152711163,0.799304209814452,-1.70564667305072,-1.19894284384373,1.69087254978215
-0.607964690129611,1.27203542235699,-1.22201890396868,0.921419669222413,-1.32708771675985,0.596681854734805,-1.98040042952405,3.38978289504171,-0.314906967247706,-1.42177786963754
-0.349413965333366,1.40008771837986,-1.2285918875809,-0.0987728750477926,-0.903874284081653,0.835030225743122,-1.19656221461367,2.30627175931188,1.26911224763149,-2.91771090216946
0.469107908570469,0.716726064785178,-0.0979047244342422,-1.24200094489855,-1.37287551840891,1.88295623213912,-0.839130656411914,0.0141096535599531,0.409117315048931,-1.56160621984403
0.565993225645974,0.472610808498999,-0.839577895902591,1.47532765907786,-0.715099688711957,1.16445800463264,0.149992033823324,-0.066399195478023,1.58786198392077,-2.01068466955883
0.486560616820713,1.61267535291224,0.445027561437553,-0.735011448710585,0.0901498016674666,-0.79179207268476,-0.811637770192261,0.0889002188142573,-0.470518556482971,-1.34943059796314
0.203360227037197,-1.43297156059171,-0.950487853854288,-0.545251070753015,-0.419568800963944,0.0579263487953797,0.73811126744338,1.20654445338509,0.284379906370973,0.809515511976406
-0.166399822777096,0.291420237233247,-0.297647472670454,1.63802959733593,-0.566955953811108,-0.298133082278093,0.256363384305683,1.24115600178202,1.36473980778167,-0.724872454196352
-1.47153462102186,-0.654905795538189,-1.17069890644471,2.35846390732283,-0.903703460120261,0.315400763156619,1.54671214757419,0.677745551187185,1.78680238759498,-0.836197385646251
0.053855916702897,0.875846944582027,0.0145085313744956,0.219858905258182,-0.0130137364803526,-0.588527016446689,1.64639539263784,-1.70058099187587,1.51818762888858,-0.840066692146912
-0.0746464205157214,0.533504262192078,-1.39539592939676,1.06544628997198,0.0579382640875006,-0.272419120450653,-0.420019728903373,1.66863155187291,0.83626877002404,-0.464602997859794
0.392589888673774,-1.40406028127158,0.126559482358292,-1.62847024494585,0.233659492765631,-0.635826576687902,1.10873441477448,-1.35614083788577,0.387592837879295,-0.70476181924983
-0.883529265645145,-0.337550235027914,1.13634700364666,-1.62292177055762,1.45025434962015,-0.366483639603172,2.25392076699191,-0.438339942636611,2.37457408954049,2.39035417743252
-1.68055365820185,1.03013608004378,0.966611408213471,-1.27367579687592,1.89853394400333,-0.869231365018796,0.512795489128214,-0.622480859847986,-0.0272321910986039,0.626952583038648
0.939044485746714,1.96802101840036,-0.385760238834942,0.0513866107021096,-0.149134261947389,1.31530032721031,-2.32375539945953,2.0035832900291,-0.12028919693641,-0.63013529897838
0.261237179890638,-0.756009098236151,0.610977633986808,0.813299635444032,-0.626537635407517,0.474430139572262,-1.56850056604584,0.875964207941304,-1.81851089772486,0.219160279541898
-0.852190500669997,-0.0523297464780823,0.211240502269935,-0.411807526398785,0.264833595507493,-1.12243037425552,-0.0953276332318943,1.00354894358756,2.15401887445808,1.17548130165052
-0.772827812051635,-0.746326514042579,-0.500450442771976,-0.325619083802903,-0.311752372209192,1.02469527740291,0.856582859917588,0.363512962151128,-0.488501467607839,-0.852248757140954
0.123148380620994,-0.17503976004982,-0.232361524300373,1.51938431464877,-0.403066885444751,0.814388926008295,0.352351394885749,-0.340667182712383,0.784098421076747,-0.108075043956182
0.050386882784855,0.612319276922416,-0.122351567876783,-0.7497890953849,-0.258566011533233,0.481481682299551,-1.61218731492139,1.36032925747616,0.24774335231489,-1.29167503885765
-0.546030325238757,-0.48000804118339,0.621235454445672,0.688994456655896,0.474989061130122,-1.25216899770086,0.442893891442853,-0.294623078668104,-1.10568785708335,-0.462896275823064
0.790099495631681,0.125258522114042,-0.229583617225665,0.624899310203875,-0.133866976715666,0.860499706265594,-1.62663982423164,2.65607348390422,-1.23579569377086,1.10004130145239
-0.533493825300799,0.532357256175287,-0.858422355659696,-0.0894363479885767,-1.43196839359537,2.02581503116741,0.281449822331431,1.59798116012537,0.823039636623976,-1.13177722442544
0.200453959714986,2.10319329468921,0.538864386865337,-1.40574140663032,0.357955782074935,0.90292451428082,-2.18413826187295,-0.437606541417166,0.0260958306333644,1.38753429104251
-0.652823993394132,0.219133527148485,-1.42727097710714,0.48196394706378,-0.992276997624103,0.326494753133223,-0.00374460231039415,1.24131546365633,-0.742122259429553,-2.10872626211669
-0.986210287865769,-1.17528937001739,-0.880689611454113,0.849860925293448,-0.941920779586033,0.927218708660454,1.50378609899913,-0.142234713236883,-0.0357375987532242,-0.635381546180207
1.08830123393393,-0.4251186783713,0.788905264279215,0.412965051628884,1.19537609092742,-0.792406455412891,-0.591028278546004,-1.5701630841421,-1.06477996663758,0.119021889539482
0.588822760922849,-1.82481415489693,0.150791978529191,0.464584985441036,0.40503077374216,-0.277455678949539,0.0988965152745667,-0.592818011794889,-0.178403792276216,0.664897757319871
-0.603520221107806,-0.906690171236121,-1.55791834312974,-0.415208086855317,-0.894926579740232,1.20247070028498,1.68858101293642,0.495584033617353,0.096293567413598,1.34474919915483
-0.803927455418062,-0.212571473401442,0.413626643471157,2.25514177301652,0.237021659222047,-0.0346546349934753,0.78843103686132,-0.205428772397353,2.60729544910183,0.137736642990709
0.755504994780771,-0.948381126915969,-0.714595821341543,1.59285583745127,-0.099180621733486,-0.868475638615961,-1.0480288803315,0.955125296823011,-1.27693694788795,0.787335297911994
0.474278618793222,-0.0124488380079608,0.622121872837225,-2.01361275532586,1.90626498669701,-1.70968508343108,-0.225469879007915,-2.03062642275855,-0.95476571229659,-0.0905034146661862
-1.00533787085623,-0.803262281874287,-0.753621101205499,0.947698711447606,-0.732815292230908,0.484102243019431,2.28547227004091,-0.784815139591471,2.36570349611953,-0.262962134081741
-0.608524399741536,-0.849137505399067,0.863402372635854,0.45891026910057,0.762612363423422,0.175074455995935,-0.26939165296776,0.756249344954096,-1.31759273360286,1.47795407339533
0.370442702689813,-1.62906166543817,-0.304885505937126,0.421736258717568,-0.455323588802394,0.779739609638234,1.20301267012471,-0.696688631329285,-0.605730897234029,0.170852944470169
-1.59957590959556,-1.02165721511,1.02822421756622,0.0197477565679892,0.765368494914225,-0.513431235828323,3.56118159841781,-3.49753673889287,2.01851644702703,1.7288903019476
-0.981462128878335,2.37117724999006,0.441023252365354,-0.605776945817564,1.30405456938619,-1.08592193512265,0.305723969692775,0.478939505556596,1.29095748903177,0.233075919508727
-0.16146875584605,0.633533411750696,1.20542329383949,-1.04838070594568,0.369377070696648,-0.0708623496880221,-0.915549017916453,-1.28955759920561,-0.348992017320156,-1.23619328996492
0.929034362195774,1.9343895562955,0.585671059067451,-0.269205131251481,0.764769375813069,0.136241291583617,-1.6956633947182,0.625003536696471,0.420872954963403,-0.748809929373377
-0.668834737291088,0.63560471673002,-1.26666111842233,0.742456717265521,-1.27777682304441,0.598389889823648,1.30374445500739,0.715825653071074,3.00970534143263,-1.0497740554889
-0.364958401039809,-1.26137212903403,0.490754967807808,-0.980774496814788,1.31179129200446,-0.549671805043344,1.17998945429015,-1.01872574244047,-2.4207259945765,-1.84256986303185
0.610442378511385,1.9929790862466,0.294593222319008,1.15902104928123,-0.348228348811889,0.0892642731962952,-1.22617006882655,1.22461072501875,0.622418281817941,0.932461860587301
-0.28187265737326,-1.80861674740387,1.0306290646789,-0.334879379520695,0.276659987909086,0.0514832435387442,1.12763798440659,-2.09058778219495,-1.28025295215635,2.86972227461169
0.252717230149118,0.208017131897033,2.36429574025766,-0.0253183571403101,0.569506135482441,-1.11444157097527,0.130635582284877,-2.14888807404024,-0.547642685126628,2.26479462240361
0.0815198070977123,-1.37088598738927,0.270107278653449,1.51159954225734,0.240469026920948,0.568480080887847,2.21688080336159,-1.97013152053815,1.50760679550947,0.539811297871287
0.0540422238593008,2.59743787830841,-0.793567349304606,-0.0128447191910217,0.0385189374222398,-0.708893431841431,-1.14592914252835,2.84140992578597,1.52939832675331,-1.47747993840113
-0.124477313665063,0.660212006177024,0.238884804490878,1.7993098931039,0.347063541480394,-0.375421908291436,-0.30812591296616,0.121089041809896,-0.65101636994009,1.11622217906381
-0.825213433971645,-0.270587890941275,0.94757119393601,1.08706432727085,0.448985699162436,-0.905531935573035,0.164118429431341,-0.124350164012865,-1.06910126456364,2.5764870355005
-0.251224795583681,1.29373784961934,-0.918246814852653,-0.62623869082905,0.659888635354491,-0.810899010951999,-1.39019387432025,2.21788600639629,-0.613617716218619,-2.1376210721873
0.87244760423716,-1.00683380821727,1.49793790333448,-0.41556647012176,0.5001356865116,0.0421068428014957,0.323973284976501,-1.59927085775535,-0.0358931535850824,2.04144040364714
-0.554267753559716,0.235464518899248,-0.244051205130692,-0.760915453301712,-0.818439498200562,1.08769399892174,-0.281934381745629,2.28086815911451,0.503298278711919,0.506031868072221
-1.00478892861224,0.872974677802013,-1.81769897501443,-0.688232781958193,-0.142497317570937,-0.29171562583642,0.611962261896968,1.74943447228546,1.38995078580127,-2.33059349854748
-0.195651749320303,-0.869980501338017,1.30233195450449,1.64245610968481,2.666217142521,-2.4234263057641,0.853805088235831,-3.19583077609535,-1.60485497650752,2.07627983715319
0.463984316904179,0.396445612976947,2.11811463144039,-0.328434912349999,0.243904465002515,0.671245460596393,-1.03537911562001,-2.21668355876846,-1.15843516700226,1.45655804921362
0.10746149157762,-0.944227245519809,-0.349912432824654,0.586088033768545,0.38436913647425,-1.57580364470729,-0.24803923994667,-0.726097471624153,-1.03586913264317,1.59616227018816
0.540801988687389,1.843526392102,0.370007951842188,2.31958137636312,0.0922839361423322,0.259673976136868,-2.27868719313774,1.35201824643842,-1.01788730483771,-0.800632535338135
-0.822097685092678,1.26984077200121,0.465903917767644,-0.303127898267574,0.298262935026061,0.16641985776653,0.325944311614097,-0.00326364688965371,-0.540057039729241,0.956920891752814
0.365823245889067,-0.388687219317115,-1.81199811396422,0.134029240491097,-0.501526668532425,0.0447193793810683,0.571975141985183,0.0940853854848976,0.67430198515693,-2.42747526814998
-0.204055096872997,-2.03806661780442,0.50795646583781,-0.227967851070303,0.282868999881631,-0.941728318253407,2.41763754214039,-3.30647441364746,-0.586459979005509,1.84462471259184
-0.796039150296997,-1.63811925409517,1.47601343130119,1.00217299373281,1.35031735028036,-1.16423070484169,1.06695259808899,-1.38459802583096,-2.62633343996363,1.17323259305746
-0.307839645674487,-1.53812632835684,-0.991756385864494,-1.03397485679823,-0.751074934627415,0.711922518667283,1.73284009272408,-1.50721058166159,0.82152248817565,-2.57952076141592
-0.346822920075207,-1.15090292557133,-0.633709296150205,-0.508506974555452,-0.804942030869507,-0.109995473044013,0.745074032703442,0.681880890424637,-0.25215541076353,0.407011917733492
0.076277588543683,0.820890906369771,-0.990688917209443,-1.38770665896983,-1.07812907429258,0.145519290611869,-1.1032778268865,2.47480498968521,0.46228187921157,-0.714268525763147
0.643770299255545,-0.892911033682439,0.486969167325099,-0.524816169342857,0.182059406246402,0.154619229333815,-0.574191598832945,-0.136372468760466,-0.819226244738954,1.1631674607586
0.195872899145608,0.00306260821072661,0.708211493150231,0.621568131005463,0.93565214899915,-1.04583450690475,-0.579600344438124,0.334490665737197,-0.0554684005666535,-0.456524999747311
-0.835279787965741,-0.663032205654354,-0.628552943391614,1.60079379852973,0.0821458441413145,-1.35209507454784,1.0761855491587,-0.310130157524042,-0.2296927624038,-1.28377615145304
-0.467657662171129,-0.193308241560075,0.431504303336474,1.59717840400997,0.828949736303932,-1.58441540657172,0.0232060776761308,-0.251792753234435,0.185422684837616,1.74521371856485
0.1768747474706,-0.138725361251034,-1.51788970528555,0.203531386188324,-0.971797133773397,1.24893413995601,-0.258103015376591,1.01302148151156,0.0802062618808196,0.363380804692418
-0.895294008104778,-2.00870883403851,1.60550709209887,0.273620139778076,1.49453016899096,-1.51703803390938,1.65838778557176,-1.76214949495172,-0.863083684203099,3.79644544280665
0.11327306598237,-0.986916736298407,-0.975167647721885,1.3750700455914,-1.59696969416173,2.08018308662731,1.20375316030628,-0.744099666231348,1.25055337161769,0.777984863840779
-1.03347240725897,0.764166849839024,-0.701768880671158,1.74466303765376,-0.951082770149772,1.48205010092874,-0.00191048410866082,1.30715658873423,2.8819478069049,-4.3697108143554
-0.463910105898063,-1.0149480262958,0.013730036638487,-1.7782111825886,1.03126862623279,-0.140529465925104,1.23430994444171,-0.988332223185764,-1.17348545284389,-0.927734959544301
0.0541173906577692,-0.636064017017328,0.361241026407313,1.2933306632497,0.0030582423942781,-1.08645023758702,0.100147258970777,-1.1939492059762,-0.645784133524681,0.162648890382301
0.180751919874016,0.675698105323271,0.719917546420488,-0.203798909677807,-0.612312272834066,1.68979306070113,-0.421139460409255,0.258821662169775,0.00215911888611446,0.813360931738858
0.026630646309712,-0.360750205405356,-0.14485569430229,-0.730748581681032,-0.827193846679917,0.25668950894883,0.000412859277279156,-0.0074563382441536,0.171638240332933,3.75651026679565
1.0888760557371,1.93805810707125,-1.0131780778618,-1.80204585322866,-0.294836492337454,0.0857412237744848,-0.777510603786083,1.09227234161622,0.746587389507074,-1.44051229907987
0.301405550800214,-1.31206896905045,0.277887326662227,1.65299641978676,-0.292365397962138,-0.755105287573501,0.851340256418688,-0.949180157694963,0.140464358092135,0.290231998106084
0.711085845914139,0.198736547590457,1.11237959453389,1.5227294221831,0.244071802415739,-0.475678070071409,-0.00736732062482313,-1.67084447557968,0.204264007718001,1.2202870340276
-0.839444060352462,-0.238085446884349,0.214641323540825,1.09073685737778,0.310996410820042,-1.28563733849028,0.580644284515201,-0.722209674958956,-1.49728589358013,1.07889560065185
0.0195663123828812,0.553391820757574,-0.192708291620017,0.254710976238725,-0.617631392352828,0.485960325395595,-0.357594999241134,0.382576479599005,0.898005652793098,-1.3482424389902
1.34406975618215,-1.3205979425937,-0.126381265230045,0.233858638347098,-0.619722075339258,1.13471376219735,0.281926928114084,-0.461032518862808,-0.821020495783192,-0.0025482151780188
-0.433199836909444,-0.20106791692755,-0.959757287079315,0.987680063770086,-0.643556293963033,0.448219972634505,-0.681510796975311,1.8903304802841,-1.01999025917235,0.773334918361441
0.604102711667659,-1.25767784434746,-0.439814098692304,0.700358994563116,-0.264778567851437,-0.450006236877162,0.426898925253744,-0.0254404220467084,0.15197960530831,0.413367228988703
-0.401010452267578,2.58113480198493,-1.91630915865372,0.0523971901921333,-0.939513500960668,-0.0882161969598764,-1.11574632634525,3.09044656060626,0.803825883950559,-3.97944076085422
0.624585973294693,-1.51301705940074,-0.90842463903793,1.34492982484779,-0.154224060006724,0.212595684998166,1.32506740677966,-1.38231433999002,-1.88656048973923,-1.64585237155989
-0.68896341295535,1.56768989969901,-1.23150467438643,-0.820111688013436,-0.527197370638815,-0.496118446812315,0.282867703333661,0.89819606116901,2.08299717953301,-1.14025907322238
0.841590401828246,-0.640766169538778,-0.227549929816279,-0.837565254566041,-0.484035232749728,0.72055280555974,0.776111924176911,0.189863522848234,-0.198476408350213,0.487873146493148
1.82637235964511,-1.04986305371724,2.45299623730548,-0.558783379010133,0.367914163970383,-1.28154702931606,0.29739362001812,-3.50928987064348,-1.1213808133383,3.24895233039227
0.456103745816067,-1.47157174320668,-0.391865266578268,-1.99705851367345,-0.814641635657701,0.558784784481564,0.572816312198122,0.661167761883518,-1.66699349269808,-0.879030185086733
-0.17144009523418,-0.667597080625809,1.62599942527115,0.0539812278848388,0.495170927953868,-0.651873995057712,-0.117490255780216,-1.59320898123965,-1.75715323268381,3.79629623903963
0.0765096450112842,1.19519019967254,-0.238906051636844,-0.841844165405777,-0.0461082341499227,0.0352557389915642,-2.40512837446539,1.11171110333156,-0.880800434409845,-0.76582486834419
-0.897776582380857,-0.0421079449955079,1.37108895352666,-1.03771021534369,1.67688613034845,-1.38135489143499,1.4256895717481,-0.973797320301654,1.26639065786939,-0.737674164307923
0.126439511252398,-1.6329673762728,1.42302960137086,1.63873571189063,1.15510971701682,-1.47529479985208,1.44639505713283,-3.29390382610796,-1.05706464656991,1.34332828073519
-1.06947804411553,-1.02925888871831,-0.664490729985826,-1.38481912138913,-0.0601191696366326,-1.48788793189914,1.18584887307028,0.398149064249728,0.718487023581535,-0.727023444887471
-0.610655767283142,0.636573436726709,-0.39071985492241,-0.466027495095128,-0.343013825396581,0.317523842074681,0.163211462364474,1.03856944548269,-0.596916643511763,-0.775944235970908
0.839032218147224,-0.528976542551448,1.8256541115805,0.629210132803729,0.241888414799742,-0.293708266047124,-0.615147494094275,-0.980438161896637,-0.523014571308941,0.808212010231761
0.707691824971399,-0.0682080958381364,-1.38417028859391,-0.478739470934021,-0.130773558005202,0.394746780310046,-2.02555298837552,2.1065915886606,-0.992842390718285,-0.727267823906009
-0.507501199543807,-1.91643807335733,0.381060696151684,-0.458195667514424,-0.249385751361924,0.493028754230901,1.14894371052886,-1.61324175974261,-0.132939862004161,2.34283779669104
0.872693525781001,-0.00598158818382283,-0.029986146751385,-0.402473436711592,1.28812844310695,-2.23649889718684,-0.581847134923268,0.169931455950478,-0.14143719205923,-0.248384258150071
0.0311422097793017,0.295844667770709,-0.179839778031401,-1.95572543919119,-0.647638485988901,1.11012607344714,-0.497293806335353,0.789090412653771,-0.493567114193486,-1.36140765466901
0.863402555795149,2.12392637919482,0.592557721538824,0.125614413125892,0.0911002792446271,-0.270114713220917,-1.20871140598976,-0.339126004802037,0.476296088476217,0.274717214892403
-0.341374082506413,0.0812889949092606,-0.262137126705536,0.114391579717193,0.00297523283275438,-0.424331725653709,0.93606941250289,-0.431716076710343,-0.439069305261652,-0.120740000616799
0.251191152202923,0.100188655848322,0.320465206768768,-1.11653675815102,1.55175358705676,-2.5364422589746,0.147324272331225,-0.433258060714058,-0.219759716131956,1.65905801009537
0.237980499333956,0.225635790158744,1.60048359238172,0.12924072639824,0.00697144840687051,1.71569141849012,-0.0639754808126476,-0.292250946243681,-0.164710268179625,0.865758010793073
0.566515529539805,-0.327231095898354,0.344620925948984,1.56607397339419,-0.0776375225231001,0.59127438732772,0.598133965405021,-0.270722100556031,-0.0721229789039304,0.119468189188452
-0.184505961321447,-1.02929311472379,-1.53725890301274,-0.283409166285209,-0.03161356570826,0.522912179742521,-0.774571176791562,1.22568709471383,-1.82416072516472,-0.87185636159377
0.457111917447392,-0.412458233495995,-0.743367269079951,1.7412304394329,-0.798932165559654,0.408669635391435,0.32282975198208,0.0523606815625213,0.682919526229541,-1.87533237186299
-0.982082579407472,-1.61165320293884,-0.0996810195570478,1.05144349282967,0.0495050078902242,-0.281703253040866,1.47152172113667,0.146278754411855,0.535480878495091,-0.509367455143107
-0.170679185286353,-0.360204604883237,-0.358477843787085,1.46013016402538,-0.578925365385628,0.478544183623124,0.0568847067205573,0.235195314109418,0.197109294938696,-0.177525051787132
-0.671376087100502,-0.16800399274142,-1.08709556569082,-0.0301480425281013,-2.01978519907664,0.311903742100085,-0.00901014307828747,2.07131311742662,1.444161900917,0.697334112159324
0.585653871841736,-2.60587032831925,-0.489710334420094,0.324042495560998,0.0637000804822948,0.131969499490354,0.690710962894596,-0.868029806755785,-0.171762378087162,1.45125484732077
-0.808920389054664,-0.255346662647316,0.718195531353448,-1.13433952939623,0.921209814764713,-1.16082499588272,0.769793338095096,0.201738610001025,-1.17289885275924,-0.225481107957589
-0.797560849340445,-0.44075178557714,-1.09398890816832,2.00054326644837,-0.47472759317842,1.12331163355633,0.992823772170078,-0.764293933248593,1.51509056380765,-0.479345065463178
1.53581573654697,-0.0383888021130025,0.37626211198102,-0.221063360596814,0.21094049366753,-0.16637309946966,-2.08434800161512,-0.412996592960733,-3.07789328919083,2.41434743308694
-0.833868176206558,0.362960855353166,0.802087331581442,1.66463486635076,-0.680024058736272,0.754812044000813,0.817412239262334,-0.703654409695316,1.50258943092237,-1.20826650724047
-0.851423627033093,1.31303228834246,-1.56161712570818,-1.56890626643611,-1.15848534129309,-0.600415201805081,-0.705998580259971,1.74448934480301,0.764977304461805,-1.02073445022099
-0.456020247948213,-0.0987646791973375,-1.28021888091937,0.577922113345417,-1.32410188116319,1.05617561444613,0.914618202958439,0.739238269894928,1.82016956508489,-0.964597470354696
0.172688422112964,0.803036806646122,-0.701960566043749,1.07237254391388,-0.758119941137801,0.023717757833739,-1.23617697893793,1.94461274727463,-0.703762889297975,0.322413280325854
-0.548220028381726,0.478353695371713,0.171897891068889,-0.102134860274615,-0.579472532729021,-0.0207866985683073,-2.27717184581947,2.18093213987517,-0.490719511229193,-0.16558112891805
0.648289591775227,-1.84810924602755,0.00296702954727973,0.769426579833429,1.14196351011429,-0.774717424316159,1.0144279852784,-1.7720203892072,-1.60444528108517,0.490079160911961
-0.144408560137671,-1.38125365035982,-0.00708640209940949,-0.895644886483153,0.0929895729554323,-0.232042473856914,0.372637395214491,-0.770214195676573,-1.07948466347065,1.38700137867465
-0.699875587144571,-1.44871727947066,0.350531730822489,-2.0297970749419,0.19202199201812,0.519016218585157,0.296042935983734,-1.42300065622531,-0.98964178832373,1.24042252429752
-0.348202911199312,-0.147997157116506,-0.958366345445552,-1.15242512675196,0.659753912457286,-0.927669126528896,0.25104111028906,-1.84034337980492,0.432021533290902,0.995734865566898
0.595611527972552,0.617904348551773,-0.416218491561046,-0.276947853134796,-0.0829412011118819,0.515889383685234,-1.41774879720907,0.404714219215938,-0.527408148441656,0.719215238090097
-0.196319829563517,-1.74207602259572,-0.0296156928587156,-0.75742705142834,1.02738480550993,0.0184234810592772,0.216873802522328,0.148790242088283,-1.68534216489264,0.531445880445937
-0.246976981220086,0.83117000229813,-0.265563950952832,-0.321825054523604,0.752430321728286,-1.87243349168889,-1.68002177100844,2.15003266760057,-1.09293463568123,-0.194669959780411
-0.400945633977683,1.25382457739668,0.6631846769266,-0.777633622406054,-0.737888948629547,0.731387670682046,-0.0817386147746276,0.013543944379801,2.42311509200736,0.319207671941793
1.42697886745788,0.928403552480408,0.414036489981629,0.938073590733337,0.569218070073012,-0.533010221808658,-2.7967247631845,0.992649479980335,-0.68554353847018,-0.724413078981958
-0.298230824464575,-0.0804750860384194,-0.622501984396091,0.590273319781619,-1.28937168524711,1.95492338020924,0.148679741518066,0.557172593387815,1.30112795005746,0.308223887315173
0.381794092125525,-2.49800126669508,-2.06507003256409,-1.50480287683077,-0.311579370430258,0.512986646569048,1.74766650460243,-0.563950197703007,-0.867378334168506,-0.559633022823053
-0.718839767764616,-1.6041363188574,0.177862401876605,1.16072401022736,0.593462530494341,-1.39076751101734,1.64244486732023,-1.45562418360906,-0.473429686207252,-0.111152625983885
0.523995779698127,-1.56664378860156,-0.0370474535998496,1.27110506283342,-0.326690683670601,-0.698138780829864,0.363108780828547,-0.039077407301791,0.237129895542087,0.956133874978153
-1.02265783672179,0.0525141236925392,-1.61796223875233,-0.0867204061442295,0.384144014793988,-0.133776493893761,1.17438311454651,0.816466239049299,0.0986903529092922,-1.35650303111525
-0.311454105981109,0.451438386227471,0.526641851052502,-0.458589329086483,0.659910952099965,-0.273659931490494,-1.0005250707614,0.952963896162572,-1.73171591032727,1.04912564706744
1.1667080350616,-0.581536388990321,-0.967050162435292,-0.801122116520495,0.293811029560533,0.376944729693114,-0.575935924063105,-0.422154383828736,-1.28759734307313,-1.42185742343682
0.0102014085875499,-0.679597554820643,-1.4228889320291,0.26994619399064,-1.44037269356262,0.976295134785837,0.924522439686349,0.883220409849936,0.791472715682953,-0.595266072003268
-0.877235208483218,-2.18704008384098,0.768051677212619,-0.162150287270555,0.886304177036676,-0.420730449725058,3.30669023628296,-4.13150339340751,0.914151444873932,0.565393052769897
-0.0722696991184841,-0.0519659791315312,0.574107443599406,-1.32410960607195,0.0445867133233108,-1.19846294815134,-0.531970026554099,-0.192052479656512,-0.233080621907192,0.899828342162157
-0.62872728937356,0.336121731937314,0.894141576381831,1.70425758339719,1.32054731817532,-0.072508303668627,0.531583192119226,-0.634929676213627,0.153275126041071,0.479256242193774
-0.342798738180888,-2.76005732243949,-0.578546230082434,-0.763237191413765,0.865390088704922,-1.0236530970847,1.36457275004966,-1.32075974580775,-1.37929857952382,0.542050436905359
1.02487173296755,-0.682387869726706,-0.310679768583705,-0.577913167158179,0.818456794454402,-1.85356350961201,-0.495827450124388,-1.1621117416925,-3.89572734737651,2.12894957772299
-1.43982351977018,-0.510366525266049,-0.939205397000701,0.554258250473738,0.126012169360786,-0.242958946381953,0.722043298805704,2.40619448142599,1.3004331652311,1.41243308412946
-0.0876542588041213,1.02668331948534,-0.397783512343203,-1.00482039540693,-0.690925088835348,0.820260413194002,0.0824981177166895,0.677283645901193,1.55339207577092,-0.485893464596679
1.15110094644796,0.795519795350868,-2.10817620931623,1.38958481590448,-0.813408200532466,0.182730973689621,-2.09198221198568,2.41449019899371,-1.17221231097541,-1.6852323706495
1.10187598577396,0.0778238807908854,0.462713540967192,0.782164967274458,0.471133824625922,-0.0660362004273328,-1.32919291711618,-0.339601405781015,0.221353308946807,-3.25060628018844
-0.0448606869552347,-0.0188009859732278,-0.300080894800149,1.09547373346386,0.313552221332381,0.260171781953113,0.287825880000176,0.228054722335023,0.462876411302259,-1.88322637167442
0.690284452874196,0.847276864331674,-0.70234913524304,-0.226477700487546,-0.405891339933237,1.59303250659562,-1.96591695401514,0.61218452675924,-1.76816407218529,-2.18325438570455
0.522479627524167,0.818109838025759,-1.74237734752181,1.52899947926548,-1.35360587683487,0.829953921222293,-0.534943628460471,0.651355430704819,-0.0416146805913987,-1.32541405586354
-0.102335886459724,0.486799526823968,0.225844364288685,-0.855694029286189,-0.746001351228939,0.0108016310943919,0.687537792422153,-0.940003187573645,1.86184613661417,-1.05026600495094
-0.54670044106664,0.924516677833279,0.395577391634795,0.0850511467759788,-0.769789665037571,0.766546786895858,-0.424500557391057,0.472768740489982,0.500173232976814,-0.754378592388081
0.972376675493704,0.130124120943473,0.82418892811776,-1.91323063560768,0.757385122620641,-0.640646765173729,-1.2677008167057,-0.531736836445164,-1.71458887704153,1.38447642590337
-0.0578035450744865,-0.0970998095817881,-0.314529380556877,-1.53741126137671,-0.831548819539812,-0.863300534335485,-0.301720033551547,0.181779194861652,-0.215383568912634,-0.24931814472617
-0.308437624302717,0.0509300149667141,-0.335722688038838,1.25732328126062,-0.766428034171157,1.00563587500009,-0.773834958461626,0.211927383909732,0.493550268770782,-0.0808592716711143
0.375015616146738,1.10810653553469,0.13738866883296,0.164304527415512,-0.2972510459221,0.0221381427214052,-1.22274684438669,1.66299833697763,1.0798100681789,-1.70184387569391
1.1212626706475,-0.552011296912552,-1.51052414745498,0.405595689994574,-0.651575120117915,0.191465376415537,-1.73100431151153,2.55914940766527,-1.92180915117041,-0.770068319683963
-1.10019644118422,1.7205097045891,-0.67816236842246,1.06620067384878,0.597330939014211,-0.297338588961671,-0.350152198686373,3.12328534294526,-0.440829058679078,-3.2659628430976
1.0134715654423,0.834653628878522,-0.276646054956401,0.558086748883155,-0.447550568002513,1.1079556221585,-1.58975085152194,0.077887696921198,0.0454903525648543,-1.05559113572407
0.32386716539024,-0.537331050855778,-0.573701580430307,0.577666396314018,-0.130200810302067,0.161276859014246,0.310866707536488,0.115990877809976,-0.0972766271443831,0.911559642283769
0.583546020462274,-0.0234844679998737,-2.26317534734378,-0.161358826531479,-0.526580123452947,0.207639885641658,0.649380455950716,1.40195276304902,0.590020126117459,-3.22105920512234
-0.056672012670738,-0.916883821646175,-0.190233836883407,0.248451573393109,0.082676225012351,-0.801724959486924,1.45116829626438,-1.97404077327629,0.363078096531243,-0.699156786067783
-0.441484143521811,-1.99120123620899,0.0583536016267418,-0.592752017123387,-0.687059666267456,0.375113173644669,1.07093641181646,-0.665517520664032,-1.35910478221256,1.79016875708055
-0.0333834375722291,-1.04832356248643,0.82532614931413,0.837565250097807,-0.00376847067071352,0.394785565199182,-0.0678555771128592,-1.13401300788096,-0.655116280913762,1.12785917033701
0.0211409362060679,0.334493136666973,-0.300471069545006,0.273250686799074,-0.820532361343289,-0.108086560500313,1.255247504356,-1.00856118295124,1.57411965297181,-0.041010466931492
-0.761937326991942,-1.39410380671847,-1.20269625450982,-0.749187073573119,-0.940476266790077,1.13264788055085,1.38309440502624,0.210917902331255,1.31960584359901,-0.98504102707813
-0.518746308160623,0.622769218866616,2.24732354581611,-0.870175261679691,1.47157933066721,-0.0971725634791342,0.484834217061898,-2.3921995809878,-0.760105061466707,0.215462988027225
-0.719875876765087,-0.325406576322017,0.138141737806851,-0.0484075943390838,-0.639928563799715,1.80544527111694,-0.442148623199875,0.387061790597797,0.0291411275629461,0.922758156008312
0.234071609621771,-0.263527061740654,0.567532139675207,-2.00587230657511,-1.34886549026072,0.761028843809493,0.176357681839014,-0.128260432396935,-0.276629805347855,1.78407595244892
-0.419315470891897,-0.317538533464192,2.3576024001623,0.7863339201109,2.1108304728404,-1.59637374221446,-0.0678858563247295,-2.34416151890067,-1.94500613762865,2.29436445367584
-0.170392823012136,0.240870028431732,-0.294855191001946,-0.667412194702079,-0.232558466430051,-0.171585913099538,-0.346079204492801,0.881976123505371,0.555784259785963,1.63829212089181
-0.719184213054337,-0.655060303617626,-0.0537719660825016,1.82426928607445,0.0959486936970382,0.403061302818611,1.87871883212242,-1.4916265653795,1.26480452181816,0.852748840552036
-0.757767362479012,1.54420411283409,-0.65117215765134,-0.185362403553154,0.0993875376007712,-0.422774528518896,-0.209880884666623,2.38718780707049,-0.338217979554979,-1.47358065192894
-0.0711707066633367,1.25134481320043,-0.946472609274349,1.36644940967614,-1.37182246745272,1.12098212173005,-0.869163790736829,2.32120022254825,0.691773975360858,0.0500117594093029
0.412845849089169,-0.160529721856151,0.404491502590209,-0.734735957609509,1.17059409285257,-0.802291783170287,-0.929317476196029,-0.640424211060589,-1.38135107242217,1.95191621719719
-0.409701407959739,-0.819598320792993,1.00837988636384,1.3909270388762,0.659517687455101,-1.64840858089671,1.11519073882126,-0.568943927219724,0.264296502366908,1.76061273737312
0.856477054268491,1.1560104008628,-2.24580381901847,0.716730113148169,-1.63329073578998,1.57525344143103,-1.59588456728633,1.90958829521349,0.62279916305706,-3.7715405161149
-0.483793627682064,0.112800308202654,0.545396349140436,-0.108902517356349,0.609898517935922,0.329953788738682,0.0664097968443244,1.92239757185542,0.213233839329315,0.423325200412971
0.230701403686403,1.13969831509774,-0.0508337437230166,0.0788511884451153,0.00507935157628393,-0.396460883670927,-2.05005827652072,0.653943188773076,-0.617040358823131,-1.48692714422448
-1.18795532283217,1.3578984752563,3.05832189573378,-0.14026862620644,0.76766125862571,-1.3322346391909,-0.187222348234489,-0.764854482825539,1.42706580642125,2.69883893547445
-0.362365364664121,1.69230182782785,0.635189863823194,0.138454470486046,1.34566924631311,-0.60272404053729,-0.675336979692765,0.52226293951057,0.39374885904388,-1.23758401953335
0.154462010353981,0.869898235715595,1.24604472972358,-1.30092574445207,0.165985432126841,-1.6687853081927,-1.51997070645421,1.05628943640015,-0.110947463518167,0.569044034852773
1.33633909833464,0.751934222899186,3.12093821783756,2.26512745183611,1.43971824606878,-2.34697509914982,-1.6797636146015,-2.84244019251606,-1.99663661925981,1.56359350038903
1.4168912168764,-0.190607766964287,-1.42850837633923,0.00728857826322075,-0.397663344319355,0.320233778644923,-0.635395090225755,-0.652164578849632,-1.07355403644012,-1.4376477772861
0.445372207705789,-1.428803262358,-1.65904869344925,0.334982486513143,-0.593162175891544,1.15879285192784,1.36947590304832,0.82646940024343,0.666683285701578,-2.92592804290598
0.65268175717534,-1.32485219135063,0.281133266825742,1.10318196495309,0.049159492397045,-0.477885142941338,0.0719651833089191,-0.563042466237798,-0.966481630039441,1.85974145833298
-1.05082351879796,1.01643707913089,-0.0653351479046125,-0.966881107622377,-0.677699564251192,1.81067632396263,0.791839086108667,0.376244987692867,2.77396910109704,1.26515648027586
-0.130440533469939,-2.79454367599117,-0.0590440776434375,-0.138749395580902,1.29881269970975,-0.755461996392683,2.24416660767061,-1.62364816169331,-1.32859334234813,1.54088513227194
-0.336312482245393,1.26812665498957,0.469236665837357,0.905368921754879,-1.0581123746787,1.10640691283088,0.809520073468276,-0.624358958735521,2.26429749155049,-1.19252273554512
1.38137264132492,-0.149019570672791,0.270293086564353,-1.33098769096869,0.186248409557174,1.21431832589654,-0.593773830920825,-0.062274538101006,-2.38250130079885,0.209794367509853
-0.208104755066005,-0.223917520300267,1.26944848994613,-0.10974364364648,1.26778459784055,-1.40682896886167,0.527971632201994,-0.85932890287694,-0.0764822645317433,1.75858077903423
0.202394435040891,2.23820891105631,-1.28681967948057,0.423047314530729,-0.729338441644835,1.0682258164432,-1.50802046886124,0.928085875378247,1.24719631564813,-2.62865505354965
0.0505486802108284,2.42060662582004,-0.368681316289592,-0.838889659654003,0.461193962670615,0.156118830209514,-1.8765441167836,1.17970264427821,2.40496849757034,-0.939256349596962
0.750510760474959,0.819914465624864,-1.35687745850113,-2.35355298225662,-0.600606575664182,-0.105067574413122,-1.47300242104976,0.571088540097065,-0.499051110446971,-1.04434236706192
0.502078938882308,0.618855524886033,-0.425281448129626,1.40679729055137,1.06676522641563,-1.39614221000347,-1.13352678489618,1.41366432994398,-1.32489457469493,0.482034656262082
-0.760220815544162,-0.562329005170047,-0.685769353720127,0.338246578663525,-1.12545831102399,0.244784930196399,0.754621982753068,1.72856535329708,0.762960777031391,-0.298048939027589
-0.472008758532952,1.29431807726454,0.556643968324575,0.982858015851939,0.393311423838413,-0.588764303126488,0.467323739110019,0.570052280730478,1.62489102556633,-0.978154936097936
-0.74244474705756,0.053412274264019,-0.249413595181635,-0.667312580938681,0.530997151218537,0.478881586811369,0.513094967093384,1.10747129243866,-0.0012015777690631,0.00425688575921768
-0.178036831144117,1.23468533432651,1.33707352036057,1.04011541050554,1.58057007263118,-1.73270401034831,-0.38670804802205,1.15838319789715,-0.369448938467818,-0.00739063289901557
-1.19352802589039,0.493312796933802,1.20719534526049,-1.00858441267865,0.277570301279038,-0.355975200483386,1.22288577731631,-0.771166887644742,1.56073269437369,-0.191700413579525
-0.504655829266863,-1.37582284893179,-0.531058589825495,-0.696929212387543,-0.764444320840579,1.20629170249045,1.36070089063211,0.032067671931039,0.136794313032669,0.129291955186389
0.300781380391241,0.163502254186785,-1.21132968707963,-0.587713020623633,-0.86590033665771,0.717644001123799,0.777134505403548,0.24886289912227,2.92018116750137,-0.734726636189748
0.377280550333332,-0.0987896817728449,-0.143501404588053,0.822146816500564,-0.0454626156784017,-0.153313848887382,-0.42127780088865,1.45529827470902,0.347163891673859,0.26616798877995
0.28074139346281,-2.24182046959687,-1.1435025680769,1.48697943116047,0.87292785258815,-0.430734339737847,1.99007594374087,-1.33319445509519,-0.802338397262877,-1.91576636438056
0.517948541542449,-0.955284020782222,0.479785597551589,-0.879101782835128,-0.25165006040626,-0.265969041230887,1.28017966417364,-1.26665595547965,0.679697131956539,1.40380275731053
0.948092907919666,0.370323440909587,2.00551958365084,1.16581452239166,2.17172688085299,-1.7176059836288,-0.335603573449972,-1.7394656241697,-1.89160905859406,1.23377652508725
-0.177958840209898,1.90412174036868,0.357909251101199,-0.435033299661391,-0.964794872036076,-0.0497187388794012,-0.888948403940692,0.422001447025515,1.31614423184224,-1.80338710175233
0.551779426519715,-1.51305683763855,-0.919120008789462,-0.352987294407668,-1.83360231091204,-0.212559600519583,1.49504822479293,-0.658395063636362,1.40967006201285,0.535849784254552
0.951780354055698,0.855223632592208,0.455271968312868,-1.58477687206425,0.854566653992141,-1.68791132535231,-1.61542781785766,-0.679084305333267,-1.58997629061848,0.856449612373735
-0.769152168741185,-0.136675752310255,-2.00818788772347,0.564898824757173,-1.21450012930981,0.939525890639522,1.78992984855965,1.38263620832936,2.57851031430661,-2.15201641932201
-0.0609668912241536,-1.86659545433994,0.856635207067709,-1.75251753462,1.66367972376696,-2.798869816786,0.707276101929785,0.387218205411847,-2.3384161231785,2.7045048315749
0.594791721079658,-0.368950641009672,1.29390338272677,-1.03360897792936,0.799120617292595,0.479352257721116,-1.00027642961999,-1.62302349166159,-1.94529590172885,0.551001071692004
-1.08873518019317,-1.70704656752422,0.104765829719386,-0.0790920417932991,0.581888831731829,-0.228317126703767,1.35627119443348,-0.635278513751385,-0.155699649189597,1.52832908006363
0.109869987393899,1.56818943009117,-1.08201477639213,-0.206858581507995,0.24844033646066,-0.658951063214295,-0.487525804625493,1.35293912868652,0.48501379480293,-1.81836361150041
0.159662743693099,-1.41632683013261,-0.204275277199132,-1.93679787975672,-0.648666149763986,-0.138725336894927,0.726831061598251,0.361933474464855,-1.14116982234671,1.47496565623638
0.754471186380066,-1.11912847445032,0.669333635730279,0.480426632228745,0.721171201113686,-0.705185955297205,0.40867065549785,-0.978185949201199,-0.82735254862517,3.66393176620406
1.74657030740077,-0.392626639746041,0.817999820529833,1.0012953385917,0.495770451848478,-0.289408020148602,-1.56077434376524,-1.07236785207284,-2.14185511821598,0.559245782623499
-0.359803172964768,0.970147691637966,0.674058156282108,0.119636615170645,-0.493521437080255,1.25114621167862,-0.385251141754946,0.00928206060692166,0.36921264375102,0.0483635887365654
-0.782385427270946,0.920746704163788,0.136554261250038,-0.828794984715326,0.114971772112064,-0.844226083968097,0.936930513360255,-0.296864826879134,1.97206038983223,0.10647370080677
-0.132315450420924,-1.78259818221847,0.302900493233001,0.296654936388957,-0.0242776114616335,0.350762244124894,2.02418865150748,-1.89533760989249,0.932291953689481,1.52742882286292
0.924942158933152,-0.50296439143123,-0.473667034429893,-0.248281608074987,-0.655648798459966,0.671548516994868,-1.59888122332947,1.07230519679464,-1.84468348251263,0.173810120184747
-0.745733026540295,-0.416434995517315,-0.721804270169914,0.519480074417541,-1.04149499809875,0.211198748961682,1.092494227183,0.797988059740174,0.636933162518166,-2.26872923409508
-0.595953819470508,-1.26739704367215,-0.532018296944952,1.31301606803252,-0.438591400281491,0.0795610531890946,1.45923200169251,-1.01953348208204,2.51288711110213,1.25148536655585
1.04510872224241,1.02592080364765,0.579024876278453,1.34766398507382,0.14629605620861,-0.216906823184039,-1.40147275382153,0.175688584708987,-0.171270299015207,-1.05109371787683
0.143081216079257,-0.512884152952259,0.884692072534311,-0.416926984939155,0.552492831628647,-0.976393784859115,-0.162074941160894,-0.200744307892348,-1.42891500035673,-1.04086051471187
-0.517308699843807,-0.412045993141024,-0.566806956019575,0.615670703673048,-0.508279576062877,0.749710893753514,0.309936980746247,1.05927354278018,0.757425142173489,0.893189446907995
-0.672673139057542,0.85222136638885,0.0696431382839767,0.783081512837779,0.528334668011146,0.0206830295659216,-0.470806110130785,0.751877971894981,-0.779548513654005,-0.938570799390488
-0.0691005278099881,0.338894901825476,-0.896706639600699,0.686858388858504,-1.08865754204595,1.97798660646601,-0.56299866865295,0.796591865984359,0.239017937408455,-1.69994071700045
0.150169235232663,-2.06574994567237,-0.537369427041672,-0.385415154557602,-1.46980773194258,1.26298308203111,0.823045256518826,-0.531968707329038,-0.35884700468008,-0.0459830099587735
0.763811750153997,2.26782927131265,0.396601503213959,0.0765228876566607,0.959389049783746,-1.32683473622334,-2.06385384157426,1.20721710764895,-0.620096877920162,-0.538109105369596
0.256526994243121,-0.808027492497783,-1.14330215382162,-0.445292125389508,-1.90384113521934,1.25876822542691,0.518284859632511,0.810310322628949,0.734727335814309,-0.0268220581002812
-0.659984016509963,-2.00349447299203,1.45876549536859,0.952812399947208,1.28009627274218,-1.70909756700377,1.62626349535587,-3.43341017733736,0.348171948460188,2.07932248093073
-0.154787318960623,2.38922682527992,-0.50509724059585,1.94754101131791,0.875732499019385,-0.484318879861708,-0.648682554301986,1.55315572911511,0.933496807522295,-2.96316399026587
-0.110589237796881,1.14227885223516,0.444422342339121,0.663125267210142,-0.19999657967217,0.30947700841423,-1.04973562734719,0.412602174079355,0.111835358062841,0.399542598444359
-0.962255471009182,-1.12219139054324,-0.0599231750459575,0.873389442617671,-0.309798614177378,-0.520166841831416,0.28529789329439,1.09217659464115,-0.182102957419871,-0.474870326611579
-0.749637312582186,-0.205372345358571,-2.05537971873035,-1.32734374118249,-0.725467329287155,0.940807605699746,1.6371569697757,1.30843566390595,2.56249635551468,-0.258788419799981
-0.690967047564479,-1.39414541513424,0.164981668267307,0.700078004136382,0.399444238922498,0.925766172146754,2.18621047076902,0.125966715846445,1.70246326528379,0.607736613672178
-0.954908651136358,2.56706984674352,1.36720298216585,0.812510364143942,1.441075152114,-2.18931777342271,-0.534612041285019,0.265928066993108,0.360024490215044,0.245556222386949
-1.61542480905814,1.17371995307979,-1.93627797916372,0.137605017159148,-1.21352355476989,-0.880724752150444,1.16051245598446,1.582425257607,2.81245818516137,-1.53304109293412
1.67490832273902,-0.388112737796931,1.29888848934705,-0.42416443389445,0.955780616262194,-1.80150192759346,-1.19306380395491,-1.65595312745237,-1.69202561636895,2.19178794586665
-1.1204684700431,1.38092676774091,0.405511376746201,-0.426177384312014,1.07826378046169,-0.720737405436083,-0.647364929920348,1.55811523851588,0.767319089520222,-1.42175989792074
0.845737776817704,-0.339524766480585,1.34423968339058,-0.918984887696309,1.59998040330493,-0.273953011528382,0.388617429396157,-1.77799837340205,-0.397977563366272,1.74568030267084
-0.196473603399604,-0.329895403640032,0.652044723624279,1.01493592367657,-0.173570671105927,-0.0994569945822465,-0.435005883885766,-0.811580674410182,0.204546194814874,0.693418647717107
-0.846274572285408,0.815541212685907,-0.07007916967754,-1.24059405426947,-0.0935870121246768,-0.216165303264809,-0.403697735820291,1.93641224435847,0.593518250202367,1.21312151563516
-0.493095118660109,1.7441263377652,1.86007507360672,0.628100460616687,0.480317847194534,-0.241440687854114,-0.137152255423076,-1.30709087281749,1.14217155014623,2.31618436038637
0.368183222518134,0.357103214711773,-1.53005030381836,0.471863851887489,-0.0892763186445081,-0.552183352717916,0.0358653091286958,1.3012040500319,-0.439850759925621,-3.04940235290529
-0.489928115011881,0.378623051279232,0.111009485832611,1.4637558410121,0.205056668931699,-1.18771974370812,-0.525533253320206,0.388605403432605,-1.64804624670487,-1.33497668918967
0.254845414217317,-0.193345942062204,-1.5811555092423,0.653535156354453,-0.997001378439384,1.38115287437031,0.616917757902494,0.99983362367563,-0.0253004178917211,1.40699485439749
-0.213442922105232,1.03251341732034,-0.650142192618818,-0.0377531768689222,0.138855384362317,-1.07432139838914,-0.378068824280445,1.08532137744473,0.737118810750813,0.832833267444213
-0.571067780084301,-0.0290000387086704,0.925485757657171,-0.111352803150382,-0.342650061941701,0.687973860382337,1.5091585320303,-1.11928402740458,0.0366586951918703,-0.214929291241926
0.53591147788192,2.15127206119874,0.989872781807885,-1.2991622597087,0.636950837013503,-0.744195910877482,-3.35252493425088,1.46148126930014,-1.12856426230186,-1.92754490898623
0.101895837740836,-0.646417124293814,-0.783281910909995,-0.636908930515284,-1.18363754344032,1.92703643473513,0.0349237662024549,-0.28115491923472,0.434251979623224,-1.70066942197543
-0.166545464094727,-0.472752696302387,0.762052957278534,-1.32847532742946,0.357461877056614,0.59772967531227,-0.156496631819093,-0.842619160329243,-0.290012462229295,0.481282502156677
0.172184173896167,-1.31815038177013,0.0303905787066716,1.71839168344314,0.260416663675617,-0.78544782569645,-0.0155012474928224,-1.05456567677135,-0.0507285935341506,0.0431950229723533
-0.0772144262348566,-0.0633752764900675,1.16033551421638,-0.135039946745421,0.572846414374774,-0.00287637633525275,0.535825084806146,-2.75925436597388,0.662699563232251,0.84189953432884
-0.193060661693322,1.14481312790734,-0.840604475785894,-0.998019111695894,0.224254150848821,-0.889291730685681,-1.00917796641896,2.17980916105554,0.108410595391084,-0.793400269409852
0.212939230023227,2.02400262730812,-0.331835832176301,1.57962460987714,-0.292797009969184,0.900368565451803,-0.696716587981717,0.713351518257596,0.728338068464306,-0.944743774666766
0.062994707237859,-1.36230297279765,-0.237164648228421,-0.297366419820796,0.189352660467377,0.352010782006009,1.82162277609252,-1.44356380375821,0.0112346384982764,2.23667627328126
-0.549185275823723,-2.11673017116068,-1.76292853310465,1.14895444431588,-0.59058308956941,-0.0518293616213331,1.93574990914651,-0.0519706974861641,1.39436127512279,-0.2613343986488
-1.24386461450838,0.146434867020917,-2.00740760084352,-0.092543453636026,-1.51714893974356,1.60064061459033,0.217365319716207,1.50921285688408,1.55859919157279,-2.42542548989384
-0.820207737085388,-0.724629658931425,-1.08916493833813,-0.197651784057834,-0.0226987265432717,-0.911577251623382,2.08291222683875,0.346463026634479,0.995123139131717,-0.392738306676969
-0.942339641666103,-1.56975223057841,0.874073644137425,0.305659673970184,0.675590941840762,-0.162566269438282,2.47922589785488,-1.88965000475983,0.894067385108754,2.07192080576911
0.544731287320336,0.680537562414581,-0.445848051909646,0.14330868846221,0.445251985962126,-0.325066521434973,-1.35731112640945,1.31286244924297,-0.588286476453605,-0.153055879930016
-0.654720244674764,-4.57855066965231,1.30349273196199,-1.37639651140824,0.752643558566682,-1.087517978154,1.93773362476222,-2.64553132088234,-2.82111419831192,3.76574805769574
-0.25708982109734,-1.05187174235394,0.22537123729007,-1.15845857090564,0.604890797796504,0.235402620614853,0.549167796860771,-0.0447784321454772,-1.74228075999207,1.0246828877227
-0.645692168752377,4.28813758224936,-0.11099800880593,0.346541628356374,-0.398312087245925,0.252541301390215,-2.49295635007355,2.16883137596344,0.857441320275648,-2.95882036961331
-1.08009699608168,-0.789079356970768,0.198703753964829,0.0845005524194961,0.697559768504204,-0.264537495047381,2.7518514925042,-1.80696581224372,3.23319263490233,0.978291436699714
0.156513764075048,-0.372996050518699,1.54059354339912,1.06843705859351,2.22650180607195,-1.63124798036318,0.635652496941459,-2.2745997978194,-1.24689679725058,1.45475967662228
0.114546013421052,-1.30554911126453,-0.151084418025386,-0.139838343418697,0.608979113594616,-0.0494962661728586,1.49786842454947,-1.29385001260242,0.132193721632867,0.0600080969525345
0.811235946624273,-1.23363297986267,0.182098796306129,0.110549998265137,0.03044054600443,-0.33209740531972,0.0386551950168028,0.382062821800356,-0.690837694360507,2.30440449763311
-0.310711021401836,0.193020325605562,0.816194113704636,-0.839351195384576,-0.308353955756581,-0.221958122319552,-0.316647070400135,0.718877945419286,0.168075319071874,2.09196989868989
0.469261498212301,-1.24478331409538,-1.01739227795021,-1.37495016865114,-0.421165250235278,0.0517813255158309,0.634855226354864,-1.15351127185571,0.0345510530160009,1.0488362098029
-0.459408739549521,0.984949220895557,0.647588010803563,-0.0278358733793621,1.13073466504984,-0.634191640776047,-0.577843808357057,0.464135374164846,-1.2416291565591,-1.13747550158125
0.182613240030337,0.238171420140672,0.662855254153468,-1.56895705870852,-1.05727962499968,0.242235062125464,-0.728647531109748,-0.0660143332482593,-0.723961137730516,0.507717205871711
-0.570343337960913,1.27277818675872,-0.59779783727718,-0.392994719807162,-0.690671958400418,0.47857696629663,-1.39572450442178,1.07189697865911,-0.547893686877474,-2.08829850436612
-0.199899622804171,0.48626062648293,-0.38404248198082,-1.23081770083736,0.281740083246173,0.747910315056166,-1.98406441424872,3.1526814703525,-2.02625053734533,0.383221879058082
-0.318320816414662,0.591928950994132,0.239686530074863,0.0654050132986363,0.8475151296878,-0.482476981722427,0.576048276991894,-0.151493135784166,-0.728150046909042,-0.582328025284153
-0.480299754407724,0.241425532118092,-0.144336759334621,0.443399976867616,-0.450392538134891,0.944849882570771,-0.592532788604314,1.77025964385176,-0.096393277106934,0.61637429978098
-1.4492528120117,1.14389935541101,1.25986290136201,-2.96931539441258,0.925563752280423,0.358926269735954,0.497183636796917,-0.428269235131558,0.707015128127204,1.59966832379081
-0.00681425107700318,0.666360954626351,-0.187730519961725,-0.399642599601557,-1.29188280126369,2.34240153753395,-0.733749714264427,0.785990517363994,1.30008431565395,1.36841715578899
0.591099418462984,-0.601598217768777,-0.0648935078811839,-1.11508360985069,1.11957087100283,-0.966516375523649,-0.148881461511611,0.169870211885536,-1.33336150105779,0.129049878709052
-0.130239856627352,1.32665041001118,-0.266007697597625,0.752104610041904,0.425811267038356,0.160189725927948,-0.536885655666608,1.54927749505099,0.181638149230675,-1.74730638367656
0.193203701097221,0.747569763305081,-0.517017341137148,0.74766078356741,-0.250306176371665,0.450454584432808,-1.27706582345811,1.35718624440371,-0.935144026208912,-1.80809135966489
-1.53118701591107,-0.956750101084489,0.160463093431074,-0.17112157651701,0.252809343663586,-0.232279666524024,2.06352778190848,-0.266383926733272,-0.410756278688472,0.0333766681641194
0.906420242140109,-0.818162185514436,-0.553894238233641,1.08730581506355,0.399129770772993,-0.0619322211973281,-0.341309898593015,-0.381668314432076,0.330426052505556,3.09804026099755
0.560190241879175,0.0551701423312307,-0.60415918615481,1.08961571790039,0.379031317162793,-0.264065268959595,0.0280731065748736,0.0264288483647688,-0.059987868902989,-0.907535244605491
0.129457867517897,0.802037881276362,0.242394508488382,-1.09757089845339,0.745213319750278,-0.75247258878292,-1.17955005820144,0.408622364440577,-1.56613729325522,-0.888955219723073
0.369428062483681,-1.30281707083074,1.09132654904787,0.49869132308861,0.74801914828608,-0.153424543122171,1.35792934843324,-2.79624305397121,-0.517826723985221,1.14604775713086
0.234293169626014,-0.241700401071207,1.85221921759526,1.16427883927206,0.716049975259394,-0.602465676428638,-1.29060567607374,-0.132780550801346,-2.33613524306013,1.98072853927985
-0.56261714448041,-1.10791479593047,0.344104937786634,1.40037666753805,0.543983669576682,0.883356560770044,2.1753763798055,-1.84187532967515,1.2580820866561,0.628013953089341
0.914194113177712,-2.44521525236737,1.43152607495803,-0.842967933553191,1.11271921510307,-0.866619263337557,0.181275072551465,-2.11338083361155,-2.41502239880446,4.07862863424849
-1.89145206520594,-1.89473848228241,1.12639582836299,-0.532090273668252,1.37298024824747,-0.675596105859417,2.95542996613489,-2.47779409405903,-1.68931594329518,1.58110284509615
1.31345556568265,-0.365995219272824,0.0745032309453617,-1.05595988253253,-1.12972405670102,0.925483419206005,-1.44469180672458,-0.127641509551283,-0.760158429612739,-0.467169509136127
0.407498572875717,0.123303296231761,-0.00549424258706081,-0.709335155404776,0.0185300614201216,-0.73744726012265,0.481999395876874,-1.09957678038569,0.942950632373246,0.821953704620808
-0.641651152706048,0.308981670792555,0.705492638596455,-0.854408126073222,0.244851185178671,-0.469216534375145,-0.457792179352125,-0.0988487138418402,0.352966803620224,0.341453158988119
0.438493128258844,-1.87819637572408,0.971918227459657,0.436258130422648,-0.680051408338955,-0.373530229645775,1.37016249289472,-3.37590775284575,-0.449604585515604,2.78021306323256
0.560501645469333,0.492158990793252,-1.10708172817737,0.0236711679140281,-2.06795716454359,1.67476400200724,-1.33410035408113,0.52727300307934,2.25956119518297,-1.23971957267152
-0.517684124312337,-0.675830354334809,-0.528527700961042,-0.346675352094009,-0.767313633082746,0.499498461339068,-0.576261534106577,2.05681399056677,-0.709686629620274,-0.538913773122876
-0.46592758558814,0.14708212227697,-0.860418792081787,-0.624909608228216,-0.825394801577413,0.931834965555101,-0.902787631736725,1.81446305179519,-1.26512796751231,-0.176116855869179
0.15287739528418,3.08006873177292,0.0947554974313231,0.56309190177626,0.626696634467463,0.0848767518300441,-2.10325543660177,1.52487994048123,0.403479022546603,-2.98792942499718
0.174300299231027,-0.642558453567361,0.49333856027478,-0.487708612221674,1.86949196656832,-1.21737374962954,-0.992305105638978,0.0547109198188295,-2.4612239042129,0.874447867041146
-0.125743947339215,-0.788367603970469,0.554608575344713,0.56176746397359,2.10951677357825,-2.2129112717451,-0.299370380047902,-0.208682255265604,-2.19354495201681,2.02870640374415
0.121754747706107,0.681324011183182,2.56050347060665,-0.17769654796983,0.908858156506072,-0.259584641869087,-0.689246235979079,-1.75347639273577,-0.605844831091653,1.87685557512916
0.594732330212489,0.0132763235418494,-0.586884959448806,-1.7964610955621,0.512560692911203,0.9228884582138,0.123231755436424,-0.258100369360766,-1.10193094719266,0.0820750209082662
-0.702329254974451,-1.74433531853009,0.593536898814757,1.45066958047945,0.575556423222302,-1.32343457478691,1.79464263420459,-1.6298205215787,-0.161630169660009,1.06175176298151
-0.272619608001996,0.0987544059717095,0.884887222015422,-0.293368083310688,0.623799889576455,-0.0922433925957431,-0.965692113506633,1.01847737561119,-0.746975912416407,-0.499398026268498
0.762770104521819,0.891906872670835,0.825304018779142,-0.251423461219717,0.354683097716353,-0.868609178328777,-0.829077769411592,-1.49228216564154,-1.07039328485006,-1.23756169039812
0.693814964008313,-0.831376519886445,1.18373158609708,-0.854993576299925,1.08676601497104,0.0253894518305705,-0.331231568980063,-0.945899435177872,-2.49620035965345,0.15570122179764
1.10663436538172,-0.239504650628154,-0.318087786000996,-0.324986493663992,0.889702407137628,-1.49942894509425,-1.79708509610482,1.40837013150412,-3.48778664222049,0.095308172670176
-0.0444671856403297,1.73094417568312,0.544440060479112,0.697485455203613,0.824473964969751,0.197024330246821,-1.41603013352181,0.918315823491458,-0.432013178179624,-1.92620932257289
0.188480673880996,0.46564118351639,1.6742004854108,-1.47739797680109,2.26648603378054,-0.582085774023834,-1.42767686109654,0.487977280875899,-2.54673428771804,-0.777321717470495
-0.879498414635508,-0.736934199792123,-0.985753757266065,-0.874045762162886,-2.00345893443858,2.00779502365617,-0.223171139016378,1.19605887505762,-0.32080722672785,-1.86189956441421
0.31259285122569,-0.167564783962471,-1.93858881349847,-0.895407111858503,-1.74230806630786,1.95283416209059,0.274397936203594,0.763083064896183,1.37022861812084,-1.99531769525742
0.896886395079511,-0.312658693658606,-0.951527350228454,-0.123634406970345,1.17678730873938,-0.476393075023625,0.553898370112107,0.390173182655924,-0.411249157122711,0.0808962680059732
0.115041251864615,0.743195104857886,0.917532914083867,-0.47325620073101,0.465928339063435,1.51318918619463,0.677734361940775,-0.716848647353484,0.714798946319248,-0.820929854522022
0.0468083163341137,1.4834717391233,0.277384893910768,-1.50589043337215,-0.481654358733354,0.269844927296,-0.658212099176145,0.308624494663155,1.08701443241377,-1.02864039652952
1.19471709638378,-1.8124198102507,0.792934932235786,0.12982409506938,0.11588125100192,0.623692740336539,-0.583201626172786,-0.71727663212835,-1.82384389850473,1.52255332527916
0.519631969123468,-0.442946650120394,-0.885548755290309,1.57811848161484,-1.6261131331209,0.0585988090063633,0.378485624944065,-1.53205565114943,1.2110522398015,-2.34312019699349
-0.198909829360634,-1.78477312586824,-0.371351955409122,1.16200858790856,0.648886969895629,-0.57482202127796,1.72981007751811,-0.668055313306174,-0.532505322237118,1.54190761517816
0.464762177664328,-3.42591562063778,-0.0852752886605898,-0.829377445455671,0.336340008082419,0.159816332840287,2.87723322448072,-2.72911166598939,-1.24573499127043,2.61118310359147
0.582099885593661,0.251226506078918,1.32227453232137,0.691441634883579,1.30283434338336,-0.637486912988341,-2.00496458658031,0.581618824864859,-2.98416853008231,1.96121078845766
-0.273655733808421,0.241434561600236,0.642101064990048,-0.623966111298382,0.779863454769227,-1.56313522421051,0.654987501659911,-1.23203523293403,-0.405767050078652,-1.10275264718633
0.216899432682686,-1.0423039477382,0.0527791728812199,-0.412411474329194,0.181818913078464,-0.721253850675284,0.87636964840804,-0.999502240009866,1.02520122812426,0.56749777797335
-1.4471483574134,0.491522816542387,3.1855264480471,-0.961096075752972,1.80757914505994,-1.62018478168426,1.33998462587795,-2.22077290803878,0.946553930323448,-0.0888480843830425
-0.703777184029594,-0.849283186222164,0.277526291554719,-0.954959019898273,-1.3572010881074,2.0782778032207,1.33251886688125,-1.3173744569975,1.77309177220324,-0.238063441657341
-1.4845025711759,-1.75244912161914,-1.01614508337074,-0.462642130892872,-0.721492698111968,-0.387559875266035,3.03647379237534,-0.721536781844986,1.77912079507136,0.915866453566753
0.279460295717345,-0.279295150721799,-1.50159358359728,-0.592335701121989,-1.72257592841706,0.247617768235671,-0.254966954782904,1.41884299920432,1.62382744789894,-0.233340095357432
-0.0831859586838913,-0.90763959211405,1.57065296377199,0.668798769628201,1.56727684840814,-1.18930027142018,0.700069793060041,-1.74969895254539,-1.96084945491855,0.73811825127573
0.51137419159726,-0.340260547634713,-0.42728340750016,-0.572253252181231,0.557107636438677,-0.906041476471553,1.08897853241785,-0.840773573459385,0.46431757631222,-0.106966248677628
-0.566211901973375,-1.31695832388123,-1.48086179534146,-0.461994261595946,0.0783661908999654,0.894031525854345,0.816695581858414,2.11132390215758,-0.0112607892240541,0.380147292773788
0.176566026767468,-1.47464252368468,0.132183543097526,1.51073204604237,0.778613780856702,-0.958085688354711,0.526124378732841,-1.77716434693786,-1.05436685262826,1.54040454452412
-0.181896437485473,0.114015373725359,-1.47801863506313,-0.5281722584492,0.143497359086395,0.624950436457199,0.396656648792277,1.35428912191179,0.300541518737586,-0.189652533454194
-0.532754775922516,-0.430794975606974,0.666015132205202,-0.65207214649938,1.62493989698552,-1.01659486045859,0.332280009797404,-1.28985919373257,-0.0320391780031486,0.0621054330028451
-0.091780597832926,1.37550045750497,-0.0877898477356095,-1.53646177331834,0.720353176846169,-0.608964764245569,-0.457414185050952,-0.3391773733212,0.971948333146177,-0.603026268921011
-0.190133299512398,1.47850601981328,0.270515728674169,1.03764161016564,0.503141278493906,-1.09472757022554,-1.43837221320338,1.49857114535172,-0.178318306282239,-1.31632162758648
-0.350908658298265,0.597499501361904,0.259196757402446,1.03283858301119,-0.498363201868229,0.0583975834093776,-0.554590944012751,0.284196717202076,-0.532875125836723,-0.455169850765595
-0.664219890263024,-0.374233193798757,0.209363464355989,-0.307903801150914,0.646736509526055,-0.329473942598593,0.895439354593332,-0.0228279505236982,0.216870795510413,0.723833781373923
1.50520196997809,-0.674706978975567,2.06025874905483,-1.41139939742523,0.498634937309482,-0.949636074110058,0.177299088104847,-3.62621841824798,-0.738629860177251,1.845415701735
-0.856938603641337,1.05655843220613,-1.1434834356491,1.4438316935008,-0.913855136899188,-0.164968319038307,-0.0908527293225063,1.68916368214697,0.795485792465525,-0.726425788672701
0.752994135626623,0.084031499333097,-0.611088775212451,-0.700235433064226,-0.151028133959421,-0.737750342653439,-1.32063719825262,1.80453475589659,-1.61806670691607,-0.673024119365415
0.0710553171273647,3.20158631254461,-0.382314942974774,0.578113780622821,-0.775592526658953,0.856860128787921,-1.85446873509398,0.643211600631793,1.3030887896875,-3.15850510865604
0.881503536686603,0.119485478496274,-0.646491125957155,0.437152417711108,0.411331829373323,-0.28129098732681,-0.778010683823891,-0.167228003658554,-1.31040360422704,0.297885277109781
0.250380887210061,-1.82081445407183,0.0700026665719648,-0.802517944488389,-0.940912958094895,1.14043220927149,0.966278458462266,-0.934609230927645,-0.907668381986219,1.14792346721693
0.10160913309719,0.711939362664084,-1.02594316047077,-0.0477922917450394,-1.04749432096152,2.05150890635626,-0.229943057787015,0.364967747366145,0.794745739104937,0.0840231653199246
-0.289182683495325,2.00706421734328,1.20408395059288,0.368427007444992,1.48407956371221,-0.161155379848023,-1.78985756816098,1.22436515919341,-0.84913640766722,-0.0496884753502998
0.256171327049125,-1.43071327030909,0.494436748349544,-0.63940116703277,-0.728765826254104,-0.106280470545599,-0.986326453086563,0.265316833235663,-1.11598230006165,1.05748053804071
0.529985094018303,-0.803228280523165,-1.25186297609922,-1.41684103037381,0.447043930979948,0.498569146952974,-0.252444280851866,-0.352161502086699,-0.79074421305954,-0.545038097257168
-2.15092570861398,0.541325862860345,-0.810015064067775,-0.424614971612715,1.19734448482485,-1.34504693659606,2.67042754179494,0.613248948445958,1.45595794245115,-1.94824364643
0.475677153003676,-0.134085944399024,-0.367750283676575,0.453826435649858,-0.750486734508069,0.289711503993963,-1.30743429635747,0.250586355152328,-0.119200024226176,-0.988749298571827
0.193304283373148,2.0866453811677,0.41006909902463,-0.266149077067764,0.399831434293401,0.2563796910226,-0.868124464942412,-1.20431379718278,0.495718262339849,-3.04820520266837
0.992825346613445,0.682279565909159,-0.62174316992415,1.21034322100234,0.502691662341396,-1.87297440308559,-1.46979524313949,1.42279661872417,-0.812956601480455,-0.339574958505852
0.47604188845498,-0.236496903447425,-1.43794039259865,1.15804949485429,-1.3281101189874,-0.256231191473691,1.65853435070619,0.080586806854871,2.71628774102369,-1.12936520403357
1.19074372189585,-1.087649630549,0.317858392224082,0.997963726707091,1.040242356643,-0.526616527890782,0.705378243335375,-2.9230756915314,-0.915447143588911,0.551978730536543
0.273384119779657,0.633224306300762,-2.20754472626171,0.504990875012422,-1.93032953307862,1.22388027348382,-1.2541758736261,3.53931007101295,2.21716004707795,-1.4408793879327
0.104679327823017,1.80339007539906,0.356208327704181,-2.02326479090038,-0.745262753882708,1.03658010939459,-0.560577135498293,0.349216350434127,1.06662443320059,-1.97125111785858
0.133707053684449,-0.253782057512132,-0.976476451725346,0.72241554107165,0.304412170992305,-0.839902649271333,1.49499181318391,0.404588562891561,1.17923634374177,-1.64832994123485
0.242789790357576,-0.853701640075557,-0.425298058727417,0.338345795682956,-0.0748190188275624,-1.13649245732986,0.445014611373079,-0.434434710346131,1.0432914597042,-0.766369136346254
0.0255051054728233,0.830190323542376,0.233964519262546,-0.220651285956697,1.92219805619098,-1.36462582072256,-0.976244564450328,-0.835929313062174,-1.42666999807324,-0.235759676694098
0.257540200916652,-1.26257403070018,1.30350977374229,0.370503147951035,0.125696547126769,0.150385489192412,0.539170959067817,-2.66246783331824,0.146615423399809,2.22661099615864
-0.117647180383458,0.0643179960221814,1.63502901568245,1.03457150225145,-0.461090048040955,0.793784831423266,0.687143702742608,-1.75132686856865,1.54974764922311,1.33511472163312
1.22120193396677,-0.765957009910238,-1.65330173022073,1.21199128005849,-1.19378640073175,1.77216769978414,0.0378339112299273,0.678769069115877,0.108857570396853,0.887958036789909
0.567706437064896,-0.400538985425941,0.309599320425871,1.32327406807399,-0.333864101281532,1.45993178281721,-0.329908501698586,-0.644167406938146,-1.04391039596663,1.44454896917901
0.834059970199334,-0.210941612121671,0.956294320134917,0.0432837976503395,0.22481941363644,-1.58531246149261,-0.839811870865584,-2.07242627320935,0.272384962498788,-1.26395864344716
0.755902546904685,1.20377295556938,-1.91989844799481,1.36820446388558,-1.33403584690262,1.01504319122914,-2.73821796132852,3.50168178744857,-0.77781934773693,-3.77864746624897
-0.923449232071348,1.05931733461124,-0.531341425304793,-0.911045415954637,0.474203765248418,-1.06846138828036,-0.836429495725603,1.77402946509939,-1.20786467843196,-2.83516018099605
1.04809457266254,-0.180015257628445,0.188182081904702,-0.261538147346902,-0.0515348217854817,-0.924228839201503,-0.243200627554256,-0.820640778121973,-1.22189702426297,0.572921104673611
-0.913848771203587,1.4519794735348,0.955974836700203,0.20730732354944,0.919558678757408,-0.0806492714687124,-1.54764603363887,2.36859353376756,-1.2528107083257,-0.469509026964831
0.266605814738638,0.150239906435561,-0.917562264797446,0.59927800340495,-1.09591295111817,1.11599640381261,-1.18686934715037,0.87243963031127,-0.196206944891855,0.00532783441460298
0.802320893482078,-1.78036115020306,0.427169856429444,0.126624080696229,-0.20650531249379,0.805763579127076,1.73945901795491,-2.85808903786541,1.20567017084029,1.09667312142202
-0.830742329464459,-1.48414114248354,1.76352335625599,-0.689737896348224,2.09252403914705,-1.31765685924334,1.72382771582859,-3.19143109270028,-0.511912500260983,2.33531557941687
0.311273183829295,0.509710071942613,-0.568948188426262,0.47815745101247,-1.19843060701629,0.132789320432478,0.122673725972552,0.018844959816499,1.65613800587205,-0.372260940694652
-0.0614072911512106,-0.223817158618707,1.77053584993088,0.392427281662287,0.452667611338358,-0.523026769743367,0.211682080079873,-0.64913676585108,-0.650489673808544,0.194716353808329
0.14741778561804,1.29843013074559,0.358291984479358,0.942368457079155,-0.55366151429308,0.774175530878577,-1.12878467174136,1.20759465223788,0.932694221838911,-0.670921850342387
-0.891510601971032,2.14027895883461,-0.619036582354844,1.17063555317501,0.214410271525955,0.942256954799563,-1.04326079867124,1.39640481332914,-0.608399978993139,-1.18063952759099
-0.0841087931140719,-0.799196963646895,0.346813076681498,-0.182424827468284,-0.240828508036736,-0.62413158381893,0.991500910634679,-0.757303973650065,1.72563885030027,-0.563528372090908
0.362822089348276,-1.49348429480483,1.04354114724088,-0.110830990890674,1.75288880026683,-1.75964372054218,-0.76421967190358,-1.41567989525509,-2.5845522812941,2.25852292826782
-0.69395310488764,0.438116509047372,0.0769704013681441,0.494245924064614,-0.232576678444202,0.472875162234058,-0.916417560911476,1.23149700061258,0.110969173371824,-0.294201448301493
-0.48736001001897,0.0222573447234473,-1.24994535978195,0.536923967022919,-0.135649636391033,0.712366640024797,-0.71002084518047,2.36876447963465,-0.587805719072987,-1.39186922750173
1.09061472899096,0.0358978107218264,0.0986946928033685,2.00470598609104,0.445422961965803,0.0988117787147997,-0.685408879349978,-1.44829683135793,-0.518608518868485,-1.0168966580792
-0.744856513522003,1.4812314859771,-1.15710649981064,0.426425595285739,0.63945779656952,-1.39993385904615,-0.048444123240075,1.44170966013851,1.1328408486181,-0.834210503019616
-0.614331766525972,2.86698919381218,1.65028367940785,0.690024803476295,1.0170964738125,-1.62791175874892,-2.33706354785143,2.39667202945978,0.187619739827914,-1.29558305162294
0.710127189630258,1.00052968434369,1.02591296484544,-0.928787101695182,1.35827866696828,-0.508189462751683,-1.53706365657934,-1.01742199234708,-0.579081117184976,-0.9537264012559
-1.47682644442493,3.40640197961785,0.499344952944018,-1.32474599929303,-1.06484164994151,1.27729244070832,-1.37546999540224,1.5479144160232,0.989810024928432,-0.603336221686563
-0.158495527856661,0.64578931523426,-0.278875610409412,-1.13232046551322,-0.339254448978151,0.262989744571941,-0.86176317037004,1.20314910760978,0.683384037529436,-1.06532374197753
0.54401180059809,-0.411518100221756,0.630567330364547,0.455355550621156,-0.0796358657420926,0.11141971146191,-0.206380803096988,-1.9540722255237,0.616789831654415,0.621780767035424
-0.844812985975026,-0.290319453501248,-1.46294367578167,-0.322660965953022,-1.06268397619343,0.245755913096849,1.21783842174227,1.38829701486988,1.38759261004451,-2.06428126222023
-0.237919252366132,-0.759392904549,0.270459335839032,0.178533787214128,-0.390205577034994,0.678752018154768,0.42090123850179,0.809700176520506,0.779206035378798,2.1360660571017
-0.810219722887895,2.32858520859724,-0.611321239975956,0.168586551833743,0.263868350718937,-0.844668004371902,0.0826918585795984,0.961332934791586,3.07142217156025,-1.61492669212847
0.683944849778248,0.740066526053813,1.22976021489696,1.0244689204784,-0.51955764812939,-0.52320619952557,-1.99400062545223,0.176101136165401,0.667449463173635,-1.20114550431255
-0.790650623209862,-2.3473662207719,1.21566480639633,-0.126127294733544,0.693489054750699,0.345742128673844,1.53952959349962,0.223505186345824,-0.165335638389508,3.33510135622879
-0.111670536623269,0.82572337173927,-0.113336004389731,0.143714756955965,-0.691969535903368,1.91788303948967,-0.125897488779342,0.368376089068194,0.816091226124315,-0.327693133612379
0.00327647824303229,0.780702598009731,1.07150160281584,0.0336564668167061,-0.0705964438644498,0.321936383997709,-1.01497407508134,0.12764603178321,-0.622969492938212,-0.102004094545352
-0.171129971150368,0.465288560845397,0.583041395366957,-0.821336699554807,-0.293447394914362,0.00495910329441101,-0.825647134007131,-0.30806138338003,1.27365093006187,-0.215465025272382
-0.14382480381003,-0.102064200814227,-0.105444905647557,0.244779214761195,-0.575580047708246,-0.17143182384216,0.429478053145234,-1.24722423311796,0.0739643445565623,0.107455112271118
-1.10810497741483,-0.348518407101121,0.298791726754151,-0.0385888831983657,1.03799261793488,-1.59699386767222,1.82385847563865,-1.08579244645197,0.585903109433258,0.281508509429491
0.182702320966308,-0.295162864713119,-0.695468254703078,-0.302758026532064,-1.2696751558685,0.651217995697135,0.105225517666365,-0.133218738591971,0.910271483798225,-0.0938324845424677
0.374771868567583,1.75378814496075,1.25685244383097,0.997780952496295,0.797373129617968,-0.329816204864072,-0.895421748565488,-0.842895257215103,0.46566606165943,-0.0871189805454641
0.255621828950694,0.4244265238669,-0.20373626417217,-0.727889676333137,0.92871912028309,-0.791952029016199,-0.36615532850284,1.40745238304272,-0.693327554739647,-0.225363287122156
0.00268146947691844,0.1900052696725,-0.267929030580485,-0.75039948788226,0.1132164122458,-0.915442712631929,0.216730160575853,-0.0762260332447991,0.998689297791956,0.0549399874230389
-1.52994189813042,0.721805008404267,1.83065696223192,0.613608201446268,-1.37913858519584,1.60445285327116,1.27739704111218,-2.2246217504317,2.02256508738539,0.654391672594954
0.268963648729547,0.265537563599253,0.374166905845879,-1.38476164699497,-0.971207795797025,0.917015277470108,-0.24660261970417,-0.0719668477867037,0.177999939557185,0.485643774456049
-0.779747683175582,0.104619098821219,-0.625552218282782,-0.441771855814717,-0.115478033644022,0.317039861551456,0.533253520707734,0.624855059552794,0.387095630170484,-0.63104719674188
-0.781481817119479,0.898277143592254,-1.89161529856234,0.396345176542434,-0.81219937818743,0.443032947003762,0.440789292219373,1.42341765069004,1.0355308325601,-1.04885484939561
0.387015508614193,0.377391019553614,-0.753001288109255,-0.0843313865831658,-0.342852456419941,0.471529523591663,0.641093938843447,-0.210716971515871,0.377733461679845,-1.83830859676927
1.30362033340512,2.13139521756739,-1.65002811899962,-0.587416926144834,-0.966853640508894,1.42769425741311,-3.90041067483903,3.34386154775735,-1.0344017985262,-2.80339909224779
-1.32705189953831,-1.52756195684443,-0.673258424499103,-2.02112976916527,0.332250901342229,-0.321173171272833,1.61428815070232,-0.496339081521997,-1.08548179700578,-0.324755945376909
0.826896046156462,-0.249780469802712,-0.772776350463389,0.264619306875394,0.226094209596813,0.100185396343219,-0.858632268440558,0.890235222348936,-1.10094093252781,-0.820197584255705
-0.526379954547744,-0.627442431824584,-0.48977543009194,-0.26544892431864,-1.15249487551545,0.612872641808722,0.214385494602442,0.450607327610544,0.743290269617308,0.219652140621178
-0.086277349577988,-1.33772787212209,-0.185616117129567,-0.971194670322847,-0.151293186517253,-0.604795022879283,1.13462328122141,-0.58542769053823,0.0267921639387797,2.47681905305592
-0.461289908212243,0.646247547019638,-0.654019141920036,0.27979552211078,-0.798089858591598,-0.570005519478542,-0.0629581484259522,0.385625903597702,0.210524770936984,-2.9635049627232
-0.25236823785502,-0.803435164932872,1.16216220957219,-1.02230677469937,0.446802429837994,-0.469784781166899,-0.281695711681157,-0.00433465082562382,-0.830519054155271,0.816899414435044
0.0253683864536255,1.09098292233436,2.67340883860584,1.67267716361282,1.25618006748144,-1.26647765547382,0.662523229645818,-2.02376106198401,-0.0900860139327613,2.43238748832678
0.534002852416607,-0.251940682617196,0.0437430541454969,-0.0381481675437136,1.03200017600434,-1.02528278146666,-1.01021896824544,1.90462852520878,-0.83197695168425,0.586707172710272
-0.153285101159669,-0.459774397259461,0.675441400131712,-1.72524545744112,0.197097252032942,-1.91389237924822,-0.500630879726037,-1.37520076971335,-1.1817787437837,0.845382216667564
0.989351342742549,1.44313530726649,-0.860773055999706,0.875184663442896,-0.314346458599823,0.20147217211608,-1.68548169494244,0.173470041699609,1.5024899124102,-1.34838170849505
0.0678762027171219,-0.12393165674224,0.657436897943313,0.000970597237687937,1.74607343093706,-0.850199349449785,-0.730143540906069,0.618793729593407,-1.65981658391691,-0.765867260615728
-0.930670782566157,-0.160218281495046,-1.12548110580412,-0.718946960918713,-0.164285350717269,-0.814690809287155,0.766418351849873,1.49344040964703,0.421688892345473,2.04781791244223
0.350709241407677,-0.0453096156691878,-1.02213188627425,-1.77237349229566,-0.101528619687443,-0.563830865855736,-0.546031047163929,1.86272378282462,1.0054065576044,-1.32674172713764
1.01513145653002,0.780675705349552,-1.63629850593646,0.114378424125919,-0.846101295656225,0.479601436501148,-2.05588622849604,1.86706965539182,0.0529354470173809,-1.79298387578139
0.996281575376533,0.161124847804171,-0.491525813473672,0.103928003148148,0.0781510469186537,0.831953635537854,-1.19780938415473,1.40847986963029,-0.814611788550396,0.50511296309103
-1.16500726140596,-0.665154050591617,-0.989737160900022,-0.926168528333195,-0.580781962147324,1.84703895336,2.3133088102798,-0.154481452510988,1.44634477949141,-0.250856887520698
1.017190621092,2.15702913957767,-0.485047489954804,-0.124469263769951,0.620023328844071,-1.00605701888287,-1.56323674675057,0.209516770658557,0.0680275774702193,-1.27433959326677
0.711159761948544,0.67781533030701,0.712636046116061,-1.34716559640626,0.639074151647976,-0.538294371180499,-0.508631174675986,-1.47356475074882,-0.380727552745032,-0.530078420198147
-0.525977798395098,1.48109466355908,-2.6627805240047,1.83595347326602,-1.88509157067984,0.658435286661396,-0.444153141433901,3.67877720848799,2.2127221726689,-3.73915037388544
0.0988867109285528,2.1597698685769,0.243117427084368,-1.83593930440934,0.485011936539762,-0.0304765177326106,-0.361904427175783,0.51454017020887,1.72784298955193,-1.68541248798253
0.321311155092416,0.206632777764558,2.0414036578791,-0.53023054933517,1.13920436324141,-2.25242676363764,-1.20421469051856,-0.663578390640165,-1.63100337506231,1.07302016010505
-1.27135911174025,0.42172641666426,-0.51925956559541,-1.07619193480716,-0.880657449165565,0.9889987768086,0.883814158209083,0.936828035953028,1.19525418138486,-0.79021548468376
-0.0103066182414546,-2.10119083660117,-0.222278348062256,0.18379689087175,-0.095868593159207,0.164817530858974,1.63613126937469,-1.68485423009645,0.264477054401915,0.633322256543218
0.236470469315804,0.210020236788985,-0.636984811436059,1.86950458429383,-0.694696827406434,2.13016812263828,-0.333122571907518,-0.267770810167479,-0.907850563238837,-1.2270724925889
0.69503875707342,1.20839171940134,1.35843769805982,1.39218209647422,2.09337073065348,-2.10309020112667,-1.66366683623141,-0.19697931827818,-1.51745097958197,1.2272374638565
1.31659066693888,1.42491661546182,-0.0953121071549724,0.1743329449708,-0.330827827858386,-0.28117529334969,-3.02087332652136,1.49258413753345,-1.62419255115376,1.46414455351542
-0.265805020670586,-2.14700329994506,-1.51558800025631,1.58993296395127,-1.53786954352039,1.6867926039935,1.87063633015421,-0.670472006306821,-0.800239170341464,-1.70538405730981
0.123038332571017,-0.203115097616178,-0.0943558284045037,-0.986799897692838,-1.10456585603511,1.41577833583753,0.799764622034094,-0.064437738849084,2.20199872108967,-1.15329890455265
-0.420485932537802,-0.0636823855635597,0.714197679667448,-0.20312906693677,1.03451105297296,-1.46669562533299,0.401656896250486,0.417467828231777,-0.397971126358776,-0.371347729916238
-0.171689586994686,-0.0934069354903686,0.709116957816695,-0.0502151606405368,-0.446748840242947,-0.134279794367649,0.628183753126004,-1.68998393059247,0.820992122389812,1.14464291100928
0.586059102259045,0.0611070373619758,-2.23397569111796,1.36666537202841,-1.94984714430885,1.17195061935597,-1.09485846129046,2.16128443457311,-0.608597150763693,-1.14325511352678
-0.703521691986997,2.42294414655108,0.115206798348155,0.853393715972113,-0.307059474281485,-0.48299076377948,0.459490325871203,-0.598011717609948,2.54948572605991,-0.673936563055672
0.323984511946012,1.26789021553587,-0.914710462069456,0.0728664801813635,-1.19889149781017,1.12404909376119,-1.36687460717891,1.58216774281097,1.6486011595937,-0.178670839665447
1.17856435581908,0.664743293487335,0.206486805049924,-0.233624949102447,0.97107672939475,-1.07405765543491,-1.84253649959262,-0.775070638018224,-0.841383864404287,-1.37694882363191
0.6218962345025,-0.121883238271296,-0.324561834234176,0.775314642592011,0.89246067372952,-0.655518859267273,-0.512326912385447,-1.18215093596548,-0.985070699257861,1.46008907122296
0.922608398153908,1.34751719017222,-0.203946663718605,0.696396728470286,-1.48373563326764,1.15041934634055,-1.10130404869539,0.0727798633962473,1.25610078157966,-0.664503366163178
-0.231366208549875,-1.47899822494721,0.430874604881326,1.33992383120058,-0.0785017310315411,0.846407768080325,0.752170328449431,-0.0858561760190913,-0.655139065371948,1.2324940171688
-0.169770634748035,0.115883703524961,-1.20724338400708,-0.972481917447119,-0.706507714835341,-0.186278876107445,1.24645413909784,-1.5355727722855,0.679680243559483,-0.385212154411843
-0.316335545229633,-0.416179450723511,-3.45667357078196,-0.52841640172949,-2.57148740743712,0.91386906572903,-0.726615885468544,4.2710094336287,0.390170577173668,-1.5315465460026
-0.122229081664333,0.728857234956544,-0.722938540136714,-1.70672748860469,-0.55867848824821,1.06749629965061,-0.55358735549842,1.35630003171049,2.83794399875372,-0.570663204625416
-0.655159472291144,-0.145412616889495,-0.61985046788863,1.14715817289188,-0.282936626962432,-0.253479153215464,0.183355767730034,0.874202088860259,-0.312133123595082,-0.74190387716401
-0.84903332196891,2.01264399564101,-0.312752370849505,-1.84207111766123,-1.09318221057054,0.891196013273513,-0.148902751637554,0.928211667415735,1.82932758574239,-3.64255663422816
-0.2121398383601,2.25766732684835,1.33273508835706,0.689600994799163,1.21922789771597,-2.65108791864914,-0.59415132753829,0.636644406470038,1.57707131435699,0.276131717584172
0.885303523661207,-1.74701670925791,1.07396568762652,-0.774251745504667,0.607912416724086,-0.1275597635879,-0.813879787695596,-0.622454534605161,-2.57146628832099,2.66797282975301
0.97146455174448,-1.28332161927981,1.20711548962425,0.923379622747184,0.369437128156238,-0.386517043025453,1.32864763451776,-2.79349799667469,0.942162697869767,1.63439152715383
-0.202828412066382,-1.03632745414446,2.02760926276003,1.37892212739965,1.66478597637017,0.104464997661719,1.34479953827518,-3.32291060325459,-1.10495473659754,3.6636679635893
-0.0622303894101533,3.14925733412872,-0.326681345905576,-0.958824465143804,-0.343495942027694,1.66536684709771,0.0516083284936802,-0.625223724771382,1.81772228725573,-2.47260799140658
-0.978394866269044,0.318264488626645,-0.321767100493594,1.49168121942779,0.95479444502667,-0.742585676438534,1.48063405580555,-0.463985514128103,1.05959082578361,-0.271802148172419
-0.272263100762821,1.63393845761723,-0.596593546645323,-0.58909757788044,-0.420231790657455,0.14854099701946,0.0891867143106675,0.643616008793465,2.81891748550165,-1.88214001983733
-0.969572079062475,0.367978732694787,-1.1817359879625,-1.32538300139614,-1.2212171892121,1.75780068227826,0.554466184525186,2.47658718798737,1.28021528102123,-0.5275892511041
0.805033600925017,0.11163125278749,-1.48962277819004,-0.867073485656149,-1.59280275567041,1.79612781960924,-0.785876722704326,1.36371326963065,1.40237719845304,-1.96391564038967
-0.086203712435529,-0.443232507221026,-1.51403647842206,0.499839678938837,-1.13701222343725,0.627550837305916,0.0426512703753188,1.10000169236022,0.900171182650943,0.140472896153622
-0.0991748611621939,-0.161286691539855,1.68256242303356,-0.789775707708512,1.22494642703131,-0.911901964987549,-0.999078068419055,-0.523105079647726,-1.02733239391075,3.51898700390881
-0.4973117372289,-0.0464673199808837,0.61945745202371,-1.62715875137478,1.3684675976262,-2.23430595294575,0.279015669160127,1.48959731412815,-0.479111982831828,1.20437381246741
-0.931915122309266,-1.19235755599837,-1.27318504581222,1.45542924978513,-1.57001265537652,1.57091154612863,1.37015628658175,0.968723903673936,-0.148658415600771,-0.412355402943433
0.465286793950723,-0.696095996613532,0.652740899918682,-1.86880505535441,-0.475309060064151,0.295534370254137,-0.091840181341024,-0.601400282788765,0.0224157416980739,0.743673981667068
-0.808882861648979,-0.201518633985517,0.979597096984905,1.61189841823474,-0.779629659495372,0.9746696606102,1.56055697509829,-1.20254561344712,2.14535746365412,0.853854790489815
0.586808263586444,1.62480220520421,-2.24402073205671,1.15867814419294,-0.907561571195196,-0.187096266343884,-1.73388146890201,2.32905255295925,0.834560448369306,-2.5649512312706
-0.889487701052859,0.235352671622596,-0.272191891823531,-0.582928054130802,-0.69266205161706,0.780678096918618,1.07933051459628,0.173654999400781,1.92653739304796,-1.69548389838939
0.578654300616687,-2.03588011146776,-0.837767655937218,-0.687618411059553,0.710019532915259,-0.690600557399435,0.0334787614536373,0.440527252555394,-2.80831883566273,-2.83683554159352
0.792746585961202,-1.56941788810698,1.12540860543371,-0.736517389204452,-0.307010254635522,1.33248493156636,-0.180455137387935,-2.52474678400556,-2.46434291584703,1.7267918534783
-0.7908268651258,-0.424772914490828,-0.329359512628669,0.627437719487172,-0.15650088660696,-0.512495496216547,0.702635340404547,0.33284008325311,-0.157604428321377,0.239737547185697
-0.193947963305499,-0.33506834266895,-0.79648945443954,0.253310790810825,-0.368556073366706,0.847938878980451,0.991012795379075,0.137402822007832,0.214528261896632,-0.937700012430003
-0.863365347480165,0.181973349547855,-0.980962189246481,-0.46278661612765,0.164663391545087,0.336156243498703,0.849520369918619,0.236914794182567,1.4394729457545,-1.37349313529773
-0.352499696417624,-0.520507245850801,-1.39331401275646,-1.41637929617071,-0.867706434267018,0.637528276494057,2.00589200317018,0.26694225044959,0.827146307410335,-1.5593066479176
0.0988457552167206,1.84837376080411,-0.419906477204729,-0.695341818874712,0.0958485881405326,-0.086747389771474,-2.3977713019443,1.94496576929277,0.505155864200254,-1.53078237491959
-0.553001210828364,-0.394074634476876,-1.85027213272972,-0.529138983179821,-2.42688191721006,2.12300438455884,-0.0361231849902581,1.13053402158733,1.60018480756404,-2.56520808054203
-0.602821077071777,-0.0105199181125083,2.1448978900255,0.948008876960858,1.32364800679422,-1.06072674943796,0.459136225272495,-2.11730565331313,-0.899703102732749,2.27069785243506
0.557630917431713,0.671585303490491,0.144743272577596,0.731106024957586,-0.73102183602748,0.00919838784067876,-1.12392149352931,0.950770758930102,0.945531424756871,-1.25193233924211
1.96703049555224,3.07722420038865,0.330722453035157,-1.45455771298832,-0.715392516281032,0.244041156538713,-2.98310308289994,0.0719246209186371,0.849775319076101,-2.87340470965708
0.893423044037066,2.88896814937947,-1.21250355093348,-0.18541507695934,-1.60029975016995,1.56818717149223,-0.333512596061763,0.314235136476067,2.9385927624414,-1.50237679745574
0.576716159250472,0.341957620096056,0.773112217152581,2.51059432323055,0.232204547746401,-0.268885288396375,0.21091544332567,-1.61315550699441,-1.38509549761263,0.576394342624012
0.575800084258155,-0.278255476727655,0.0460622704585047,-0.851805601231794,-0.0965727367691347,-0.66997513996411,0.679805461046949,-1.71949241219415,-0.0979477802827267,-0.937692707376571
-0.396144830310601,1.08432529395624,0.0202105637507249,-1.13880269551873,0.614560157118773,0.859231179305145,-0.647650221908933,1.89419232981009,0.254233301343454,-1.65763001993988
0.928770304648757,-2.67811579955238,-0.34526538312937,0.925120506044787,0.679007012966813,-0.161869747573982,1.32802736499609,-1.87940413890134,-1.30112316708046,1.41296374439598
-0.133913573766985,0.0524606966464689,-0.608811705292331,0.0263622814687217,-0.181297036665185,-1.37717185316654,0.840312046107965,0.468819071280187,0.32817331861944,-0.582716107623461
1.64443956304088,-0.606560525817942,-0.577122681524463,-0.511589104670506,0.314139993005485,-0.188818670048183,-0.374774054581127,-0.759045509133346,-0.199124839392219,-0.0551007628958674
-0.0126489587539997,2.559996568121,0.750797651593338,0.191152239734783,0.447518591682008,-0.998426502966774,-1.76370029523308,0.262469341699036,-0.0605638855008032,-1.48405674350296
0.436925886155079,0.704700413489203,-2.67366514065739,0.845250586927578,-2.08206052240286,1.41930219498365,-0.868877435788263,1.44288977425552,0.0635116622713793,-1.86899451306931
-0.437962625097143,1.08562954845547,1.869194895481,-1.56105979512319,0.796693846559505,-0.791304410348359,-2.05909931514545,0.9975702026841,-1.71285179954087,0.782843606470599
0.577119764865655,-0.570558778008309,-0.0396313191395894,1.1722400029452,0.135423864194982,-0.530899939778252,0.450671729416531,-1.37100625032284,0.409633297023947,-0.096702747073011
0.0480403499884221,-2.97745296692813,-1.11839901329884,-0.308478540018859,-1.45742801527388,2.48373639271585,2.57114429965573,0.140848505515832,0.0586591182204119,3.17047919052497
-0.895230166950991,-0.651279560333879,-1.24230812273945,-0.356158357104316,-0.367739805808265,1.01025945516495,0.0255762184431944,0.419181039444807,-0.873115059674544,-1.8350502915164
-1.44140904723912,1.49767230414025,1.36781116472675,-0.296038587057767,-0.0631542967532586,0.081063335253534,-0.622882312873513,0.571681909208805,0.785028029391581,0.500380926139075
0.157254983272198,0.34747246316471,-0.556403917959142,0.787366982201785,0.717824594839692,-0.142052888179844,-0.647504909621813,0.521988694973508,-1.09865427566033,-1.0286401235031
-0.570738818346866,-0.137817263491232,0.499402187552374,1.01600708573459,-0.678558956342136,0.0504426028569221,1.35534999674313,-1.45120294390272,0.976916582542954,1.85570375993593
0.470990902731452,-0.0820100056813363,0.66681615312884,0.601914573554986,-0.29144464360119,0.275568559405986,-0.41114292168895,1.24818126978764,0.0959000122279099,-0.543807070302937
0.378152643412819,-0.15746370265302,-0.840513695584582,2.55934795716793,-0.0842396521717469,0.326416397793437,0.251233751930953,0.841008388361705,0.254823690414043,0.517273006620457
0.092651553575564,0.996694401659134,0.59047550212944,0.267729420896167,1.15473887519896,-0.753209984279368,0.0233022889364008,-1.19964459743681,0.178055494116615,1.38633354887413
0.198110582173076,-1.23457689657886,-0.207198640505191,0.708781407973703,-1.25013100607227,0.148934037773533,0.35211385834943,0.659031367895894,0.568895047071994,-0.329418484286795
0.974702950776164,-0.0170171162353921,0.206202214292345,1.5666159392511,0.546086150311037,-0.366358933492666,-0.154115331291252,0.0244264886737176,-0.0893133763160181,-0.230610814387157
-0.26236245968775,0.244098620509955,0.228863894382473,1.58071528709326,0.544395217609048,-1.69986878337668,0.282059644687385,0.145890751995406,0.0551939808053444,-0.331682277646978
0.483505355439875,1.80690229581984,-0.531549534329356,-0.336981581890136,-0.763561509823038,0.823154291888382,-1.44605697434225,1.421808359187,0.491308700804212,-1.28977199999469
-1.56630708021022,0.411009730611359,-1.60315134102431,-1.23089495494616,-0.625338288700046,-0.907368215795722,0.692484120540013,1.43207523467254,1.9117450821045,-2.01066254232641
0.759484463745952,0.477626624722299,-0.773210076817528,1.19906921493972,0.317853588566682,-0.120450492064686,-0.912118879702628,1.74249452136992,-0.0901390872050563,-2.38699404699758
0.77957499294982,-0.345058297455426,0.49544549117901,0.177342124968016,-0.615521507737308,0.386294987185592,-0.586249026242995,-1.85273899582309,0.15098870279837,0.944369423894777
0.83121286758433,0.0800699618608636,0.673049831889028,-0.369487999762054,0.875743034863099,0.236471994131494,0.277832922661418,-2.14512771451053,0.491495099261204,1.90942940967169
0.742223325651514,1.09331665004711,1.05155775796474,-2.76259590605941,1.07284535276926,-1.2826157501089,-2.2033509840007,-0.33807896337026,-1.95394321566423,-0.321275918779212
-0.120175769039509,-0.606607826627168,1.56315072906631,-0.59945318998732,0.810417788370885,-0.868249923797077,0.286507767372557,-1.30183948580547,-1.69012746589489,1.30823988708718
-0.0661252926899824,0.484452071200156,-2.32951847457672,0.722640831068589,-1.63210740313309,1.82287118256134,0.95418176052692,-0.122199170801892,2.28080806573394,-2.26972355611556
-0.469924554803675,1.72269832281249,0.410750272975656,1.97431495568248,1.24934685322771,-1.07077127339962,-1.4815652174678,1.64684739503198,-1.09585666264394,0.196195368945228
0.945071922460957,0.122542978901238,0.629601466538008,-0.119218415901484,1.01689532820496,0.0576073572777906,-0.809740274128188,-0.206979516523021,-1.01455807431417,0.46964457582386
0.473750394172682,1.63103411343303,-1.53552128731781,-0.533239159518652,-1.59102482550291,0.72701421562916,-0.452048673098155,1.67720797592483,3.23873401074797,-2.06922440743791
0.570215296923856,1.1368919943791,0.53768130262006,0.517170705894955,-0.73501124632445,2.09132433354457,-0.59236962873198,0.684029865200536,0.49669085538624,-1.65250525896495
-0.263376188114935,0.342819022819781,-1.34250007296516,-0.254513699750639,-1.37899715075952,1.31947713809884,-1.09541878564084,3.24434035851898,0.441776442759831,-1.76305393734782
0.890736072793071,1.52421570578568,-0.504299320039479,1.88515063137063,-0.956311233306496,1.38795217454072,-1.35470480245424,1.80849489775719,1.92998451074964,-0.936324509096681
1.23300649245014,1.1083975617362,-0.246426462005468,-2.54728347865157,0.496357159725572,-1.26540808067329,-1.90155781594517,-0.074185115785293,-0.801649617175474,-1.24242074555854
-0.227438538949726,-2.06153942771958,-0.741987828639429,-0.549564228929861,-1.108969577011,0.55706688996727,1.00836187104242,0.909655677511253,-0.264113747007142,-1.58458879345312
-0.581488878042203,0.0967472995257848,0.116107090204008,-0.199799949480987,-0.51897665049804,0.888165618828194,-0.632733423186353,0.974938034723369,0.205412188661441,-0.500924729524847
0.79261908318389,0.512010432649049,-0.642312340623187,-2.08756442030259,0.64750984209641,-2.07696438620722,-1.76944063203274,0.804184689942422,-1.76040185582271,-0.359770346764354
0.236798525660845,0.864632444024063,0.0969330792458561,-0.924997506824041,0.0715167444802125,0.926135752057267,-0.173590653651173,-0.736886053717775,0.356305218908335,-0.563794439250838
0.537619170825367,0.637057607831684,-0.0329854563063193,-3.19282917129692,0.440246468478069,-0.907329201708885,-1.10231941023811,1.08084645323937,-0.540276751391253,-1.18752512652985
-0.429454316383315,-1.50858777133373,-0.286139482924647,0.898885711390371,-2.44238269087449,1.90223420430252,2.00181791412828,-2.3154305338995,1.82990779901874,0.166710604726975
0.943377926486148,2.19786353970341,-0.370927501537241,1.10839397494234,-1.19241073692686,0.499233588922441,-0.46162095190772,0.248907771110012,1.41973186623907,-0.865014631297149
0.865932617181191,0.350857448842906,-0.868978106063896,0.417842258709238,-1.41623746822626,0.751310121179427,-0.965327518004914,-0.0471463203157233,2.05233849590716,-0.139577686906155
-0.628731034268084,-2.73616720370759,0.809684586146744,0.849334625692631,-0.337929752313215,1.69705343070786,1.3884721031577,-1.67726643289145,-0.990025059983435,2.05759207183487
0.187401297999712,-1.6025966896067,-0.498974205574638,0.118209586425984,0.086224451894193,0.160043416249175,0.508802356362489,0.0596427830668943,0.0628493595750326,0.846966927519663
-0.650922373664866,-0.337724030483986,-0.567041039451066,-0.484774145249618,-0.140442008560353,0.831063164001554,-0.0720019601335179,0.741154170584668,0.344086725015134,-0.0421933413785495
-0.133958366338494,0.327037407132308,0.398221008388233,0.20939180857539,-0.295564237254589,-0.537178791152665,-0.772642656070815,0.918999619368756,-1.21565295454631,0.370715107561905
-0.121633514187234,1.62927958009168,1.06826052640206,0.31788744753337,0.863892308067365,-0.922282597402608,-0.298832369500667,-0.734421548313501,0.95702568967845,-1.61851735084648
-0.377277058003458,0.107760502509603,0.764105958150171,-1.18692629589709,-0.00240251616270826,-1.07559902297636,1.64898900836128,-0.821344566328635,1.14302659399701,1.38997729636086
1.32046242618892,-0.665225251449784,0.131995194783743,-0.657079681547547,-0.121663164816868,-1.56764674568138,-0.596173437430502,0.37028623534896,-1.13174263153498,-0.532839167522701
-0.679469965826524,-3.67744284804671,0.623144102054524,1.14318843225736,-0.503684361512802,1.07690343140094,2.70021975732971,-2.17343620188514,-0.935915415948804,2.67873948209762
1.00543854048255,0.28410640158363,1.37667613493463,0.101770460372151,0.304638343780089,-0.0929417167152327,-1.63542204224545,-0.724021838838743,-1.20254138380546,1.23813231523625
0.0548234253701545,1.35874909168212,-0.223246747599209,1.63482623817843,1.53154799088252,-1.62687475181198,-0.836950970263045,1.82168089743428,-0.297314631085758,-1.26946338168588
-0.0114764631976291,0.671682692998903,0.329121030207283,1.86011823114917,0.972739570706396,-0.993562897344206,0.0592052883896133,-0.810806059896435,0.491595459396885,-0.783423974348273
0.216551414323061,-0.241520144535223,0.618718663163544,0.0497262327541725,0.375161455094563,-0.104091203029455,1.0570256820269,-1.58648400596905,0.00878561004304459,-0.947568199412953
-0.851228054711623,-0.167057477936241,2.56311085644259,1.17021943316627,1.41127847356908,-1.53064743247279,1.08181300384326,-2.40405865794712,-1.74453598793725,1.85369451243111
-1.26885838048135,-2.0410330130857,1.53972732796483,-1.08642405384233,1.14295653787139,-2.08260929641917,1.52689505631535,-2.7835019102079,-1.83322722307109,3.65837988549317
0.526867589682456,0.384757505790846,0.503578183037298,-0.18541820880654,0.893969485579145,-0.622712817086065,-0.00170078215883974,-0.648600688508147,-0.188538431432787,1.39249200841902
0.158616705588613,-1.68424307545887,-0.0568158182622503,0.416450850818594,-0.42467962819164,-1.96016823144963,-0.886732099064179,-0.40690501401109,-1.54540363469252,-0.698024983338368
0.451401617729992,-0.750687943378152,0.152041838850353,-0.245732023995265,-0.00696699765735664,-0.802937773061163,0.0228177087611603,-0.600253102530771,-0.966160167782411,-1.84472262211784
-0.668621571224443,-1.21903502032924,0.0479764343769619,0.131249303844858,1.18615074437381,-0.827929085477953,0.847950006935704,-0.142410232600433,-0.569879180746532,0.738568122030798
-0.315728448376984,-0.0692072355808888,-0.247340829588952,-0.924217398777949,0.518894708602394,-0.0699172546251121,0.74768430183337,0.39536045197573,0.921492550329256,0.361405001850699
4.62039075867931e-05,0.214033935487944,0.0964648743262488,0.493061609070166,-0.792231911581986,0.64839325738124,0.441646320750355,0.876778270133907,0.855348357106418,-0.108363565956996
-0.324012458426371,0.869672160384282,-0.734849214735095,1.12216576798292,-0.637377317507384,-0.242757067929976,0.271434429843462,0.967799799357091,1.3287623986178,-0.702961281464786
0.695737960530238,-2.07496613969403,-0.634534896909676,1.12423272241581,0.276451892604904,0.41778849273187,0.709080636580899,0.0641808241937963,-1.16445408376899,0.143528486036042
0.772463608763004,1.89294131088522,0.365594871384942,-0.700670546594264,0.52819582218438,-0.41911796203813,-1.78955097818383,0.787489735550775,-0.383726839137623,-0.243214301143611
0.707508567163713,0.585322615372024,0.772422540508905,-0.823663907376173,0.549332375917108,-0.906531830547788,-0.952706465421592,-0.978848625085103,-2.49921555911796,1.9904345218359
0.0507545594659545,-0.518427436111416,-1.37128322116021,-0.251948817294165,-1.88701417890078,0.673652074278904,0.725314323294689,1.52942910443569,1.74737456938869,-1.65505397637787
1.66639624898414,0.552805190130607,-0.795424587193314,0.772177319360583,-0.0955497899082003,0.529545384567242,-0.43007140529505,-0.0579755589826169,1.03793063898889,0.0261900896573151
1.9574573150284,0.357815981201904,-0.272228496084928,-0.0412174696809449,0.928678609645815,-0.0224144623760872,-2.20897858291191,0.587937382174132,-3.19080268029101,-0.470285942233287
-0.559751536571545,-1.12662740970298,0.440900894768214,-1.1229940854393,0.255348132027748,-0.452736662585241,1.42386107610107,-1.2760709891111,0.0943409644155869,1.9010384553112
-1.2136443256286,-0.718384004426518,2.72038138937565,1.92482162880495,1.45573033816437,-1.31625338502685,1.59072613388712,-2.69957202695886,-1.03756786206131,4.51120625599793
-0.450727191029833,3.00806731062433,-0.478962429204137,0.482173917548386,-0.584799668709774,1.92545185579939,-2.31346173993273,3.33215919091275,1.42370252629244,-2.65962021649083
-1.75264275939183,1.66712312162394,2.04907595482468,1.93042587557231,1.46884651428268,-1.2586494928474,1.03335314425,-1.7679555068862,-0.0803623526479247,1.64659504712151
-0.432392358733968,0.681517492486933,1.22561957312159,0.883057216912886,1.39570742738878,-1.38550718074534,0.550303464635697,-1.83944591743149,0.197963885414614,2.05977240748425
0.333678155323162,2.21330006542443,0.604869595610908,-0.0671053689988275,0.573719087509421,-1.39413140694349,-1.43028415784075,-0.687186263906357,0.547324772190699,0.00879716049293184
-0.286321362302697,0.828736342107594,-0.922788966035474,-0.916940233543563,-1.08885171850226,0.552299166760259,0.696748611469818,-0.37484493362039,1.12515187965079,-1.88188799495867
0.134353297241447,1.60437292287228,0.983388837891932,0.639029596980314,-0.47034396558632,0.0929244181151379,-1.25538392553728,0.194787735877986,0.731398486052838,-1.46514229845278
-0.463785668101744,0.306185064247047,-0.644096471937685,0.854625332349062,-0.333186128982046,0.410734537476602,0.278270530617625,0.273616227097183,1.79330417037181,-1.32251657825951
-1.28805719459005,-1.0566074886438,1.53345501063013,-0.219603663789167,0.425979840000697,-0.16929093306094,1.32203748471657,-2.16433760985274,0.729217711456296,3.56335460421183
-0.560563247116849,0.067183529240071,0.600177585184392,0.647062995977388,1.3103982834652,-1.29943133046062,-0.700197674631224,1.82897623461262,-2.23065033173752,-0.841886519114232
0.51490190197552,-0.218507081392509,-0.0268750480529675,3.18601037705762,-0.263357971647273,-0.258232139698254,-0.0705081923090911,0.827219979230545,0.58055400949158,-1.14079482528436
0.00883418475906593,1.02212575895349,-0.613991924625309,0.675869248616975,-0.0826569134461944,0.944485064358907,0.271962657848687,-0.0567543141967218,2.01549514862947,-2.1373174585055
0.514037635048238,-0.998751696859224,1.42919503193309,-0.670371610193902,1.07303887132424,-1.4501770168532,0.739519820213459,-0.982366746527976,-1.61791617453982,2.96358079262282
-0.245712061614109,-1.71130756293448,1.19675519522301,0.723676372018178,0.758391523030435,-0.492696181661419,1.93268187000438,-2.3163416842846,-0.459457568635418,1.48002520550532
0.993441989996675,1.44987068404891,0.310147314886745,0.331409434896059,1.0330573149432,-0.491445921050548,-1.08401132249026,-1.98882769426444,-1.47069737247923,-0.426196613643343
0.757680356844701,1.40669682012327,-1.10492224553239,-0.00423820870350085,-0.642323607565873,0.33494639624904,-2.60744734784337,0.0110273640958553,-1.86566941903643,0.265510455497599
1.16620798606569,1.74435527027594,1.64614178284404,-0.45586797662979,-0.868078933384264,1.05440352188866,-2.05243448264465,-1.1896004750699,-1.11867883032116,-1.66437569372437
-0.532436022059451,0.297363506663269,1.3300729755491,-0.933992986764245,1.86048079803727,-1.63182673169876,0.521456270179513,-0.809495463637855,-0.164173861637076,2.35107854907122
0.568589195832112,1.39164745413074,-0.495333172727756,1.46964029407503,-0.029079657601022,-1.48864487354342,-1.93386061411866,1.43370092236734,-0.265189274561182,-1.03364585297774
0.186926621488597,0.538014967852164,0.0233531581347959,0.10263755853463,-0.449523033998587,0.0383000073354149,0.256690652308993,1.23894386831221,2.09949790663955,-1.05575144768679
0.458419394712543,-1.69423700968514,-0.931024604282982,-1.17077135810602,-0.190940267271737,-0.461462243200145,1.02410640444245,-1.57986730377701,-1.68281835884593,-0.359811603998293
0.293309249304925,1.01081621865185,-0.341850193629012,-0.552093560774509,0.835768317880902,1.28891513598818,-0.769740225937012,0.821183657815131,-0.203770581240145,-0.838049558218905
-0.669528884522769,0.0293269756171308,0.297051621382067,-0.902460244654893,1.53474883932183,-0.5661134798949,-0.324113933671354,1.37346941044846,-2.26219894071764,1.65101738860745
0.0981071337236266,0.0158745339031482,1.00502223281,1.1871939350631,0.0804836824412497,1.23211198860301,-0.0115407688265116,-1.60761594381739,0.00454110764116399,1.79657707533608
-0.0015381805584041,-1.10810541244724,1.35253266959895,0.320368922692028,-0.916905476581643,0.305019362755691,0.6197765315822,-1.04258263136686,1.59064385627106,2.87159780353229
1.77280201418213,-0.888687077174492,1.06568149229107,-1.92049129266189,-0.0766023708486166,0.429719291465976,-0.876321332116321,-0.69714549038867,-2.27792409038285,2.84480994909673
0.0150145237824225,-1.49087453477861,0.931924685474165,-0.535606621358115,0.947325223241582,-0.732720732381326,1.08309291010564,-0.631099039008532,-1.25181016735837,-1.33279363464513
-0.542728866004055,-0.286587426662185,-0.538582537292963,0.389692682022682,-1.02751595787191,0.549577384887326,0.237730762003839,-0.0210854915718131,0.686120159449819,-1.03568001315208
-0.0448889087045184,0.392081106586973,1.23176825565223,0.181406472043515,-0.104018563485014,-0.485039587290297,-0.397140179224424,-0.607258491057692,-0.334321022840905,0.170127011101333
0.304100638152073,-1.58579124468348,-0.53582346877021,-0.121127525365046,-1.21640934469198,0.54499811330073,1.97052328341598,-0.536265683295584,0.475305882141446,1.03752550130464
-0.486070316371354,2.83093613994423,0.435775963445455,-0.665809975632441,1.38945172400625,-1.26179340425916,-1.61429953669515,0.213959376632135,-0.0997255496247035,-1.25120261159029
-0.307315425994206,3.23494081703409,1.38873634216163,-0.843048826417622,1.12332493055346,-1.22000420427086,-2.91060048282703,0.991531082192109,-0.506353130988398,-2.42695639365626
-0.441497337141806,0.622869227272305,1.40801429602813,-0.529206613330833,1.29546822484248,-1.31195334063613,-0.751200113509555,-0.53141718393841,-0.235026365698291,-0.272407566074222
0.259272981638225,0.926608920407995,-1.41916220403393,-0.937439116604536,-1.15137491029764,0.907728613358321,-1.05123986754303,2.52767926900484,0.693526495130208,-2.30323010519132
-0.960405476058356,0.523119400772569,1.21134603083886,0.864584771714294,0.652143150355092,-1.85900291046949,-0.292551676758232,-0.863961374911798,0.718630910401279,1.07425809165407
0.252869992893169,-1.86929242275128,-1.11791133697114,-1.07419322850152,-0.112029978906034,0.598122465650837,-0.577694716197148,1.19653048126871,-3.12442242790996,-0.488737630451363
0.201059566185119,-1.77167217092745,0.812072446909621,0.178156472234376,-0.221345364152964,-0.598025224719759,2.31045132700261,-2.42329131152584,-0.437038085642855,0.844244343231859
-0.328927299003866,-3.44334022994746,0.440824113350207,0.841283148075875,1.66460789231766,-0.889463796647249,3.91119257569491,-3.61621942560197,-1.53061225449376,3.53913460114633
0.0435126718098548,-1.26191296218246,1.96912027751167,0.787465955832921,1.96773586844435,-0.697757183515064,0.852350834064368,-3.1011568198333,-1.15259364024212,2.72991819234266
0.160416754658402,0.514252607492817,0.862113823053161,-0.618177164154442,0.408664118129451,-0.186671561849649,0.378331550580835,-1.41795819391618,-0.984913971991265,-0.795337985391174
-0.0512673222033861,1.44130092192569,-0.0341002692904884,0.956199611455102,0.263799831556558,-0.123462170962885,-2.23364625938589,-0.120900685332045,-0.701198931467019,0.231354898937999
-0.365305236774844,-0.197364012434661,-0.654384718390526,-0.476998150742721,-0.492099364155834,-0.609189362617984,1.56037695757432,-0.646021848908117,1.03051256339954,-0.00223850833225763
0.562764515370664,-0.428671385588987,1.02030158351923,-1.21007763036862,0.369361493994439,-0.398125076148065,-0.9219267859502,-0.693646501953917,-1.18016831547345,1.53552276057333
-1.19115105386367,-2.05736542320884,0.18453008376401,0.339619783041093,0.623375485354716,-0.289863261367857,2.33487100950123,0.0294248775198375,-1.35885415265892,0.696568038948015
-0.0845610800567231,-0.0792824922155112,-0.718820624693047,-0.056807976825347,-1.4620944600635,0.386874509640037,-0.398392528870489,0.693729703781718,0.335517262325964,-0.772986234987059
0.303167108338709,-1.28879400628911,0.295089988980423,0.0502898962795747,0.850401883679444,-0.271750549858357,0.861515498218197,0.0493768921317898,-1.32026482547613,1.11170572613549
0.25311612323772,0.275757265493116,1.07952872995056,-0.96214886756915,1.20984655579355,-1.3079031563533,-0.250945586100965,-0.620300696175871,-2.16952426192318,1.19823245301345
0.250553169780823,1.57784200141685,-2.68050254749809,0.106928249094914,-0.248118910146492,-0.247578559138296,-1.39623945431163,2.84878398546218,-0.373263646123289,-1.4359130183864
0.17626713516167,-0.264122262976642,-0.32099731488043,1.76733507339636,-0.104723531389881,0.0970264689531483,0.0110003148214203,0.657317573650798,-0.394847142255839,-1.39749101717081
-0.113663088631714,-1.3895359861387,-0.140086104486748,0.315561805601777,0.0240220987047809,-0.81982543124467,1.80840206777865,-0.853889747035727,1.27455696683619,-0.980467804461529
-1.29128975078031,-0.592491630777955,0.764386973767745,0.576603366591607,0.871710221552145,-1.48592965265517,2.67652375488638,-2.03542614065625,1.69108366379568,1.7283728014451
0.764646533443026,-0.63240320419212,-0.42655983408639,1.3217155698446,0.894212526956886,-1.84798912939085,-0.44169911869151,-0.449860761029201,-1.60616084691415,0.763830765575999
-0.529177604260762,0.973029481121998,-0.0407262451615838,-0.226501389527898,-0.995644189177255,0.822708237794106,-0.043253664930964,-0.450190472408028,1.03655969265244,-0.541707471077022
0.133500110945479,-1.42362996615406,2.07275725326717,-0.0728122740978916,0.966154758145783,-0.750521714161102,0.896595362842392,-1.75821245000398,-0.234872893813877,1.27937066156704
-0.111890940403602,3.24895775750418,-0.285002443506617,0.706483073434825,-0.928042573495725,0.94189322787733,-1.66041959448953,1.32846850766366,1.08903727048584,-2.16758521881383
-0.181274226374661,-0.341229673995751,-0.218621217796136,-0.538965502786344,-1.00143466933737,1.4796774079259,0.471798147308186,-0.131450519494334,0.554840283462063,-0.30642281027276
0.521032879706714,0.786258150027213,-1.90235717649149,2.02902153907838,-0.0748528338100257,0.827164844462122,-1.69058541208591,3.48730456463437,-0.844291789834136,-1.59656059406483
-1.54900961707241,-0.00207131948739655,0.532449157285138,2.00956182956822,-0.247378093803669,0.00065751804675915,1.2381408059867,-0.274256812070259,1.79853151271186,1.47234892142445
0.660297615690554,0.201646211713286,-2.55547441086351,0.336443626337725,-1.62597832427991,2.44153828798789,-0.0016865027340536,2.69862525818089,0.48582772843514,-3.26236138802696
-0.00846117014333396,-0.130593666756091,2.58073752448997,0.627421575208081,2.39907295078407,-0.680538179771023,0.735516379594547,-3.05220748386416,-1.24332900805832,1.61272875504242
0.57786054357527,0.148593362516081,0.560751108444028,0.441242662001427,-0.0748881989697519,-1.91360884021458,-0.593358105420278,-0.236346556860306,-0.527254350406276,1.83989865482588
0.117565880554055,0.128709518133923,1.84477805579569,0.0786152453635978,0.889962130060197,-0.62393919101325,1.17505321471387,-2.70990718143874,0.460564903262844,1.76939843159149
0.20200319804844,-0.665173073235813,-0.753570929841473,-1.41556919521851,-0.974690255021342,1.32175293893247,1.07418469455091,-0.45577789001788,0.524209496493397,1.79848450412251
0.525061990645158,0.730877029493532,-1.92526721803505,0.92901041092473,-1.09760482825228,0.942842080198173,-1.78209703022353,2.88275414177004,0.557445140097331,-1.95333383882094
1.8274079294657,2.40714763859788,0.407922753926073,-0.439693395898868,0.927325818093746,-1.02448962122471,-2.78814286902641,1.18421738140191,-2.4658218845814,-0.571987647346181
0.600097503650023,-0.0969090871375142,1.58233257281843,-0.90557762435127,0.696464399468685,-1.3291175374973,-0.824405550890917,-0.7872300354225,-0.530773944254451,1.40394667208149
-0.0791897272908176,-0.610003606831869,0.161042843386798,-1.90730198027646,0.134175833909075,0.3391706291076,0.775198409070829,-0.450219399170478,0.218748225007195,0.289203192341686
-0.134597412416392,-1.17684370043286,0.888228374364449,-1.4467563470711,0.587156531031587,-1.02413807793968,1.79090635741132,-1.84248341665082,1.08104037759787,2.1974906949264
0.444643982514778,1.66005365115747,-0.921087347615635,-0.2989357118061,-1.07166792886476,1.22188263733033,-1.45682033536068,2.28460115381403,0.927178549010617,-2.15398886326005
0.839267789277212,0.67988715965097,0.00461384356903599,0.860759390553296,0.521468755670191,0.586364380814716,-0.987282009692322,-0.677107480959484,-0.283757289931517,-1.15155269944897
0.940575159190672,1.42414663872317,-1.44162930427696,-0.68610993652643,-1.82216978665906,0.940335862335909,-0.149917929543156,0.729815019059282,3.0253405862977,-2.30716710717057
-0.690835054497855,-0.0454163302728839,-1.20335518181966,-0.607102482926717,-0.455307175773279,-0.299390674374094,1.62095678758596,-1.09851745722706,2.90326823758618,-0.118691418003365
-0.0882849276866933,-1.77101680111409,-1.14974460484429,0.399666924879886,-0.913824927688262,0.37161639657293,2.66125675698676,-0.41008419909697,0.52591291197082,0.73673032174495
0.512979940820137,2.39267859218903,-1.35228840501392,-1.02954311401118,-0.0787439981956277,-0.482502936036809,-1.79881552743897,2.14822922300821,0.810328732702512,-2.76842667692142
-0.400121848996767,-1.69079548258406,-1.75401703392826,-0.633036098895376,-0.781179431060989,1.5688392834378,2.61215705490015,0.0249721960976028,1.60359280810235,-0.187496087524845
-0.311017538930834,1.03130615789666,-0.149009097292812,-0.101182194071843,-0.235039531767247,-0.61501900396814,-1.6809088991072,1.56938044076765,-0.578690003345744,-1.50881399951172
0.52904179933967,3.34785522480494,0.383441523720743,-0.309843336845995,-1.02205487446409,0.305846946759442,-3.06223073457194,3.59236179979497,0.890610528670133,-1.14186211003742
0.72991147312802,-0.991540296268652,0.819268910141311,0.500946865980332,0.332800174506426,-1.37743637626813,0.191815687209904,-1.99351798567245,-0.94644615737017,-0.308744603705731
1.11224347304301,-0.503622437911896,0.230700584908761,1.69293268089565,-1.06023779252325,0.861761179628273,0.0588893649737438,-0.676829567932018,0.257383671296024,-0.711098915151334
-0.033759608265814,-0.826390503660229,-0.506672506830372,-0.0293143362022185,0.696268528704844,-0.444724146779028,0.265054578381005,0.0740199103634106,-0.209558502193935,0.0670175921324838
-0.499716909232559,-1.68910056754969,1.42798198664703,0.165125782376108,0.946985133865477,-0.7609363644632,-0.536435636378354,0.697859554505412,-2.55177694616064,2.00442846046683
0.406309794751283,1.15308743919566,-0.371292254224997,0.100300101773728,1.31967570109385,-1.51100894294205,-1.2096423605374,1.53792610568451,-1.59595597649833,2.4848425293204
0.849095615225201,0.835819493772672,0.351336310329928,1.16645707230017,0.782176565176783,-0.567531099236954,-1.15797000432658,-0.202922130520328,-1.14582719801407,-2.18247880246191
-0.0614794144447929,1.38500222770682,-0.0200791630305762,-1.97658387413092,-0.362135458962348,0.413616526333377,-1.49351833660096,0.197579957126876,0.162499582511812,-0.187617653356137
-0.203405348056018,-1.04681742756744,1.20878675510917,0.986998089246125,-0.259167217326847,1.16564411751683,0.488444403539863,-1.13969633834606,-0.778804808956069,0.76206869244542
-0.103029631406735,-0.973951226399273,0.00265131750151438,1.08723596586189,-0.575149436914776,1.38838717136473,0.600225088191798,-0.158065605795592,-0.654058632047949,2.42415105959918
-0.991862808983545,1.223047965906,0.516922466458226,0.0216733401069905,0.723319015519273,0.397274165323839,0.389244779996335,-0.436079253331828,1.57389271945116,-0.927856093070933
-0.373595637534823,-1.04725245554356,-1.66057772330907,-1.09154997503444,-1.43150584352348,0.749875401805086,1.11368695412385,0.6149860846803,1.39713976223972,-2.04918624455536
0.352280521375519,-1.56783791869159,-0.343775220426624,-0.895321229203952,-1.50161923551731,0.994083036241317,0.95833507260515,-1.16830327680685,0.346797028339064,0.179726651592332
0.332340720045214,-1.11006350532626,0.447973357561092,-1.41485601673626,0.159941582926043,0.257550798525901,-0.339087619174466,-0.0557863979788171,-0.344735864630709,0.992515301572209
0.010343687261152,-0.936674359675787,-1.18652404284572,-0.764977502100547,0.474937934249856,-0.205329689084702,0.820742852438087,-0.117603920626367,-0.655421384663132,-2.04023649087444
0.796638202560099,0.613847586837188,-0.0948632495603854,0.406901049203,-0.884373308340903,0.462083083908556,-0.932238513626378,-0.405982619521508,1.40302429277101,0.972682097699988
-0.225423762140971,0.170994328221826,0.049810834249859,-0.301737110357227,-0.569379801926943,1.43749109799685,0.44608949157702,0.0298031389120958,1.19258532987566,0.348582619694127
0.0593090056931851,1.49813671135624,0.0933310067437935,0.147550435967341,-0.233632561593689,1.38632984245022,-0.599670623923228,1.22478664439574,0.930026196571339,-2.51056599934491
-0.387513048139398,1.00811098750766,0.730583162880258,1.77880582938637,1.10427835950668,-1.92708034437142,0.0162068668439498,-0.100029655349371,-0.420461881881441,0.584114726016634
0.453298420279135,0.715355209714648,-0.552896039825474,-0.475646948107597,-0.597678919905659,1.23186298151155,-0.832639123045054,1.5894572157793,0.393084132249868,-0.782791585405489
0.0881436832927519,-1.98442303319779,0.137713571141731,-0.466502438399136,-0.404012242140567,-0.885995165936005,0.567308868918443,-1.65375994764175,-2.36704100781423,0.309046001026635
-1.25588342066937,-0.163159746838197,1.60820197934328,-0.0694210678146393,0.769977847622584,0.796907995113418,1.56089677078658,-1.73641549216049,1.14951415569369,0.75765749758718
0.545048248545762,-0.264829897356232,-1.1690220339552,-0.278178513365716,-0.693717985967691,0.110929649984603,0.19219676125515,-0.047894751560275,1.69510156199248,-1.67531973517827
-0.639546355185836,0.16406604345993,0.396790218969582,-0.216609338539117,0.664897356667878,-2.01452288254333,0.434723275710318,-0.331952696383973,-0.545530609235243,-0.157016493119008
-0.211816006480291,-1.56341464439128,-0.891691857475707,-0.384898474399232,-0.61613477718911,0.609270105648671,1.26798120029607,0.216329592057214,-0.694286822577453,0.198551669468437
0.0873364545808855,1.61470782957016,-0.309428592079636,0.378362071897351,0.399928559349422,0.431593786299416,-1.51482617841627,1.54189605393387,-0.318757203300406,1.00892154452522
1.12790850989312,0.495729594707774,-0.94740079942699,0.646777659911685,-1.02979451712692,2.46225578814359,-1.48468689143417,0.282067417474306,-0.00222585397423969,-0.965363696444106
-0.0365059186819317,-1.18781935408286,0.982118287971509,-0.807347413912322,0.781119339971825,-0.257970913094264,1.53640281318169,-1.6421334698664,0.155281028345845,2.79261941713764
0.289806543994042,-0.569843069532866,-1.25031518865269,2.54710304980814,0.147711916556288,-0.217819455177119,0.0501871078341737,0.011839788347126,-0.414111441201635,-2.33810349310095
-0.38738416528033,2.16472535006284,-0.785401740214118,1.20659016824425,1.05228285658027,-0.322985146105796,-2.11246153071002,2.46283949158922,0.871248873556176,-2.31547753276327
-0.92991835696883,-1.12919808630057,0.873795683658868,0.382417474201864,0.536020255849623,-0.5141060712518,0.602017845537603,0.847287105645726,-1.03051963207545,0.864759486569813
-0.587566991133986,1.64454960723657,0.561154654948507,0.0956137893262569,0.574710116391561,0.0744853069895852,-0.570921653690003,0.783371475194021,0.657570451559615,-1.1466992396456
0.57734159077846,-0.184299221259652,0.657207902588349,1.62612199766432,1.43465890000979,-0.533199161526105,0.464126714545997,-0.5582206623182,-0.40341426420251,3.0261651969335
-0.313073527374407,-1.43553620302845,-0.460005215302711,-0.033940495087117,0.425896277014061,-0.0910516961077948,1.8310383284964,-1.62614855158495,-0.817157058599812,0.110507217432938
-0.19215321783986,-1.37439912630554,-1.19811925075475,0.714369871484999,-1.70480306842778,1.08193152888309,0.331944520470741,1.09553774770086,-0.178413490072056,1.33605894477803
-0.973005495980466,-1.36246406087804,0.174590947386912,-0.0439413760029393,1.47031486936018,-1.00593223916964,1.27973750249783,-0.0182173451364527,-0.62021243319083,2.17828602505283
-1.01469384718107,-1.60334311869659,-0.181187053356934,-2.08516040939482,-0.725366796027455,1.01401782131741,1.30522472485261,0.0686932565123766,-1.28202342755984,-0.860380000883616
-0.933975110459953,-0.736884766795151,2.6604472194492,-1.33802262584973,0.712317986758615,-0.712524221980297,1.6891058580289,-2.2961019216819,0.133755579851594,2.13195608673654
-0.491388265447781,-0.683795158440699,1.23291535437686,-0.0617239693945608,0.6557231293807,-1.53537940497215,1.74550447187861,-0.408004755994347,0.328694957377853,0.9061845329541
-0.0315096649503897,0.165705507568109,-0.146532279608682,0.665050759154262,0.856216762498203,-0.691134241470815,-0.889176083502271,0.0179363608651569,-2.00045110029955,1.5760149945221
0.541573010694143,-0.849687139147563,0.739419786936719,-0.414064243129075,1.46335539719696,-1.04561878617066,-0.568516128869259,-0.47622551547505,-0.555062733267592,-0.498083965200333
0.104056185701635,0.524641156897274,-1.3023964973982,0.1366391214534,-0.367714797527405,0.980256206934881,-1.21998943163151,1.66829211627385,-0.123053845310954,-1.17149948259393
-0.357736818299124,-1.74712729535895,-0.347144103138081,0.917945201905727,-0.952026927047498,0.390663368848212,0.957457565900005,-1.18393107013747,0.628134334447253,1.10586344056467
-1.00222009390892,-0.447572722507138,1.14107250955383,0.157564278685028,1.40383389789554,-1.49266196180431,1.38260767262758,-1.505499756014,0.299919748266133,3.39635451516345
-0.0407960495050135,-0.451342847952524,-0.66242154370307,0.356821701662151,0.651132526966001,0.161725095633703,-0.0228398621399069,-0.686100745544204,-2.26705267837696,-0.316525962964768
-0.0449243662018915,-1.37439992293893,-0.795995310042275,-1.2265179002476,-0.184589752948446,-0.094517681964943,0.676960829434615,0.257468877223444,-0.881534236146157,2.67759133280616
0.389904087398079,0.311813728174043,0.0899077966309021,-1.60043098436039,0.687794730413691,-0.888237788620151,-2.24530984300747,3.11764572975336,-2.26460388085486,-1.5463439670098
0.257364115664928,-0.13271955006348,-0.200968906061311,0.811977004815833,-0.380724233312629,-0.0175078609173089,-0.434419621204383,0.822257141626034,0.484202837938992,1.44476574919486
-0.564282787582135,2.14486646785875,-1.67891841109586,0.524123066339537,-1.22159012318003,0.402563621478159,-0.612693229750528,2.37027107425446,1.7231118631866,-2.83451074738037
0.350701496661598,1.68390332874859,-0.136279720241057,-0.722600119547143,-0.457019310764084,-0.989530448583642,-1.71397595885546,2.62339857807191,0.861754562030851,0.200672042544437
-0.538613935221618,-0.503113896871427,0.452870592698737,0.168158260673235,-0.588199723533496,0.619691840330988,-0.15006832327228,0.984757221383191,-0.208336325548334,2.30852792743564
1.60326698454056,-1.06184382207244,-0.056991536621998,0.539387644948975,0.0360969839087919,0.323504259302555,-0.672492500311931,-1.44365093076611,-1.25588919456875,0.918253092700559
-0.387474417924528,1.48043005036139,0.290010482942701,-0.464953753601575,0.575239723268591,0.682376635103961,-0.808317523025533,1.97338807094214,0.565496102385174,-1.30696382025149
-1.62673965460757,-1.04127993988211,1.15950725465547,-2.28147337996982,0.0478339017548258,0.405786638153291,2.21557206366588,-1.67420265129247,0.115641949259467,0.485994165496248
1.59453535958001,-0.219535565074038,0.0357551123317148,-0.168484199292798,-1.38024889997731,1.29535810979676,0.204478099303764,-1.77753589667584,-0.295070414917647,0.0167189498660583
0.265374840012425,0.729660845056781,0.378088997218781,-1.22649701249956,1.16750948872484,-1.57750290055878,-1.02416258611608,0.484378032600971,0.652882421687788,-0.234766674927727
0.981977692140293,-0.466563595518989,1.44276464356055,-0.895688343507799,1.94865540805176,-1.49542614508745,0.0370358737105444,-2.54075608609028,-1.10407037403341,2.06199264721372
0.768546497171561,0.0627544729504683,1.16114807233259,0.702225424049773,2.07845899677069,-2.47206419708001,0.325364620006796,-3.11180427132801,-2.14752114153017,0.799175695823659
-0.170292417627774,-0.342603680533451,0.202071340592901,0.726602339044475,-0.372942692190102,-0.378842741207578,-0.739819917178703,-0.103202501344076,-0.956492262991368,-0.601095355962784
-0.174637822516797,0.675536403560505,0.708535021373712,-0.879465903404803,1.561317071534,-0.535565438167991,0.55844523257934,-0.624155400546608,-0.416777788408611,1.18766164399241
-0.329860547492336,1.33876990843683,-0.24577081933573,-1.23468984713036,0.288426515821574,-0.859258310452445,-0.638395336393043,0.0623601469518391,0.841096387798368,-0.469434463000695
0.0659146527631105,0.860334413081771,0.22491231397307,-0.903773204347811,-1.19284471894294,0.831706343642861,-2.35244411012464,1.3136230750395,-1.44240800697753,-1.04603209085968
-0.0382133647970635,0.349797045464718,-0.494986907701388,1.16747392731636,-0.353143418626149,0.581143280737448,0.476467968951403,0.401405188687629,0.832128084369092,-1.36184266453466
-0.388811588815995,0.2869885004958,-0.531392507926217,-0.344900771496256,0.559166848994437,0.616563040810993,0.838966958739497,-0.294412206377567,1.17098298075666,-0.719440921933087
-0.459332278290862,1.72531466624327,-0.594013563840901,0.789570724610691,0.629171258604143,-1.4274692260719,-0.990308126774241,2.69636614786157,0.0861014924079878,-2.03475121473581
0.239676045905918,-0.51009273257691,0.199000870935149,0.539031316204469,1.13875092016594,-0.684205749572927,0.873253944789345,-1.6188706937046,-0.153977978366429,0.777962273849462
-0.418491454662932,-0.637862071608053,0.46287039027131,-0.93485114296687,-0.168217709077962,-0.495926866653856,1.3724092320396,-1.24246469085782,0.378054851564978,1.69471962252446
0.000698229602833877,-2.09387749265338,-1.8189881332629,1.02962276051501,-1.92506959236303,1.46912184773175,0.00786021213380353,1.90956520586204,0.918014027388093,-1.27009214797436
0.130496697448108,-0.861497893259337,-0.0641951357969816,1.26339678596963,-0.215386732561196,1.34485519847453,0.338963026881355,-1.07736174123859,-0.473102341579556,-0.786979775124281
-0.3462121750681,0.180385182795648,-0.409793112281543,0.287790659677708,0.425192667389993,0.636542432461909,0.788743371059081,0.443662557567896,0.580415255516609,-0.322107638239329
0.920516883847909,0.0230413652955886,-0.790611786661423,-2.3576015668279,-0.420679196402823,-0.0484636536374174,-1.02805777949969,0.371831074650047,0.139965656182109,-1.03018467251993
0.111437325589065,1.50547101199079,1.56088730742881,0.13470437477967,0.938948472928446,-1.67055337244373,-0.741471193047854,0.162857800471158,0.143818124239146,0.266704571624593
0.83765557563861,1.13344931036649,0.554586479841423,0.233948465648404,-0.886319527751751,1.43749188724239,-0.885143579405095,-0.819242663655941,0.883302275758508,-2.27239640992556
0.331861558854329,-1.13706317054674,1.15572659856821,1.03721920126468,0.28916968471825,-1.20009946703264,1.48040145640804,-2.38381553778595,0.843083411959574,1.78363407438911
-0.547894692824743,-1.07159555970671,-0.0571466112786255,-0.276181713237738,-2.00009518646651,1.44652118717633,0.490212718609808,-0.256492682432159,0.538997855091064,0.497521771304176
-0.224920994062061,-0.595277932848453,-0.272927604544217,-1.36604191698842,-0.464394448735343,0.0277088893217423,1.10937654174156,-1.42194810079972,0.383717539224854,-1.08424642110621
0.30643376350521,1.96287998760545,-0.0470058693196013,2.1039165857008,-0.91420724970687,0.372654513407846,-2.71646193002877,2.04949558250243,0.447911534664361,-1.63876768202756
1.04805179135583,1.44034589035219,0.265843630664781,1.45599945929778,-1.06699884814459,0.713346059744602,-0.705762629561517,-0.521726234412436,0.54912637572167,-0.846113634106797
0.59871821063681,0.341372316409583,1.14916308232232,0.0186019417385546,0.138819310984267,0.750604880466636,-0.977180242854367,-0.202591095683574,-0.526165652252215,0.663475900414953
1.56925368457998,0.802387708551611,2.59861092690442,-0.603622905071299,2.05501224912747,-0.637568709685421,-1.27160472242987,-2.84200189755353,-1.2184694322459,3.20384407914714
0.0755663582778499,-0.813775782127459,1.23162448381417,-0.384812064249837,1.74234164991281,-2.3606773686548,0.414788289675104,0.227671881915107,-1.28164863240712,1.70762023329477
1.32405369397525,1.28456502966364,-0.151494616972467,1.16687458009309,0.121691148564816,0.00968318033988602,-1.97762324592994,0.357159586432738,-1.35445126874331,-1.48808454946233
-1.23106074802647,-0.528555399286721,0.974117045654613,-0.554338965549997,0.737915378648757,-0.459578296172482,0.731314930936875,-0.416311647421983,0.000394215296504618,0.704263506234105
0.973673627395306,0.716677399046727,-0.367251668149558,0.736786371856739,0.995934870306339,-1.44222218509139,-1.41744039170172,2.45041444932564,-0.0160361064556705,1.37913402919829
0.53763146274486,-1.53254952856864,-0.316986787743675,0.640652942388267,-0.745664589143527,-0.245641938793051,1.24592833550135,-1.54269527785,1.59650849737363,2.23849239254269
1.15968356203023,-0.806283628774438,0.730165950147091,0.0131188972548248,-0.456733577066986,1.02163629376474,-1.79201469834371,-0.316649629148447,-1.64818043552046,1.32387763115046
0.744877896555012,0.270698401576828,1.29129781520425,0.350102894881169,1.21982189108608,-0.538148549862549,-0.426801356738052,-1.59534413502279,-0.749369623685678,1.31603070330448
1.24603652557473,0.820542456298702,-0.281006932768275,1.1080085511239,1.0464920784832,-0.371306520151841,-0.304706577332919,-1.31440940034969,-0.105306030616962,0.759179436094226
-0.375377275848576,2.35011821613572,-1.45666776703556,0.440506400885898,0.0632220961090906,-0.622697615464193,-0.577148097824194,1.54080601561959,1.04874054952037,-3.17873513506807
-0.0449059629849339,-1.19347275204695,0.450852910509929,0.429000472722968,1.00677381257521,-0.924359733534453,1.36347460285711,-2.24480191270978,-1.37796206159858,0.349312867689718
-0.0321370000839951,0.706411234482917,-1.54233997597257,0.673586219286427,-1.01280019090657,0.48850502047614,-0.19925383446279,2.02397012734411,1.14993417389152,-0.473289144151205
-0.587319173471285,-1.12646170377695,-0.200100479773464,-1.09706897392665,-0.673126669233714,1.18326687654553,1.41475296898278,-0.758393071809616,0.686526508350146,0.673046981553912
-0.788752743134073,0.288414370698868,0.683074604858907,1.62234725603195,0.18996983107851,0.730957067333019,0.524750349904286,0.0154666271494023,1.59416425737722,-0.348334864083473
-0.625121734566359,0.62514986441302,-0.707449595838208,-3.39809635817182,-0.196555502755666,-0.447127229794378,0.108820574178996,0.690597343494924,2.24155549947213,0.724804198945191
0.21637928120342,0.893228570674768,-0.63299355368597,-0.490479889839499,1.20941284641459,-1.29438115840372,-1.66709250394634,1.66287338923963,-0.25021919527727,-1.51337009310855
-0.933725407938164,0.750951805939483,1.41680629981845,0.486167680080486,1.44413903021748,-0.649377921883527,-0.411014726102178,-0.435721493171588,-0.31003541198156,0.737360814878053
-1.4462090976951,-0.610666230304661,0.564091351561701,-1.19191736083778,-1.13200756403941,0.723664097756556,1.5223315219481,0.580956888514145,1.52628104417206,1.8117699160275
0.0857784755638674,-0.36078039856767,-0.4668049594048,1.74138049361474,0.437651540296441,-0.938459395649783,0.520403895633635,0.632806596751396,0.268886891214877,0.60873263139967
1.28823227449329,0.340435647505099,-0.0694002239697257,1.56634393897873,0.311023053920382,1.01420197533967,-0.67053205478839,0.843570684978791,-0.0613945404072054,-0.0647203940536235
-0.357869994952291,0.129374647683376,0.321439036899621,0.63651703064999,1.14005065128111,-1.75213043867431,-0.802499446526833,1.27597546160289,-2.11320499730405,-0.191133851489788
0.466004499750316,0.672966862304205,-0.137419968745731,-0.732796738435974,-0.148372770197249,0.55124926854253,-0.534336559230293,-0.238251921559372,0.272634034847462,-0.382683891396195
-0.138555177357566,0.785544924919565,-0.155280711366412,1.55984381009172,-0.762839797871761,0.702538629244322,0.122587489785096,0.10316932820654,0.176657159595323,-0.912920248997082
0.835350452054044,-2.84026686615766,1.35312666037064,-0.700748444873498,1.30361628777355,-0.879493546572203,0.714824034923851,-1.82991153476362,-1.97484117728864,1.26762278531576
-0.322863606062912,-0.649821605970085,-0.243733214167836,-0.0948245736828533,-0.127009036674292,-0.409966914303837,0.71395028906271,-1.21546332616354,-0.1939079879807,0.682073719581539
-0.76946691582118,0.95589257027685,-1.93538230727723,0.0248672182429465,-1.68914216521327,1.51340461227561,-0.14803721991757,2.09193876537541,1.481513946689,-3.29705461726108
-1.10966477058294,2.18224342510269,1.20946737002508,-0.688422419899686,2.08449622904718,-1.43582698101377,0.983342138362287,-0.0573454902373811,0.418535547506988,-1.14286651665104
0.20661864046636,0.116192193924273,2.01809170932214,-0.11068040427659,0.800346732035152,-0.254973991497774,-0.393459919601401,-3.04295131085144,-1.08482109240837,1.18325013591895
0.0526658860218576,-0.54597225224264,-0.846512707559669,0.674151397346941,0.744295180436852,-1.4890163975343,0.274418042684685,-0.0424112054582573,-0.01456581915734,-1.19553231685736
-0.412445654392583,-1.04761595808503,0.0623675468744054,1.17387146830488,0.672925176290008,-1.12814685291719,0.80557089294313,-0.710582755397746,-1.15927896216363,-0.297999265995536
0.556809619627963,3.66161414097621,-1.21556353469856,-1.92830202590258,-0.520617134437153,-0.032182251112352,-3.32767167377537,2.12540122704601,0.68942999094411,-4.70595735491894
-0.0145873923193255,2.59961813159494,0.350256264616109,-0.741028242470473,-0.389238586243999,-0.362804637199631,-0.517153001287826,0.446219503860962,2.23137924305176,0.576256661290956
0.170391910092007,-0.462199129931273,-0.185169155277834,-0.499580270622844,-1.54021742239463,2.34026566330366,0.631383769894229,-1.37390101327551,1.72151913987713,0.322058133800259
0.130653885410433,-0.0277215253579337,-0.965891541666471,1.04739211628422,-1.07000786662656,0.867588169535986,-0.10917868906416,1.50590589002494,0.842115316212927,0.341936749987466
1.05821882643691,0.171003243473498,-0.0489583653760662,-1.27564026160985,-0.521148773749034,0.20196639391606,-1.36894858365384,-0.526181712272371,-0.134277363280738,1.1966809900214
-0.190603839781126,3.32130673320577,0.6695358230003,0.285863328916515,-0.352803186948441,1.25972079686583,-2.04192176243576,1.21393646385404,1.95140397795154,-2.08307950010235
-0.142488122557515,0.351038494527733,0.52644108417778,0.392581505359231,0.037700709145917,-0.00288795836520537,0.3833548600602,0.148727226134974,0.887001305168876,1.35280414856716
0.288244739162153,-0.246701592399016,-0.73041223247379,0.285320554214047,-0.488886697301479,-0.759880942935691,0.210077687325876,-0.176284967409578,-0.298178791999513,-2.01177770272101
0.170945571310374,-1.86472670169364,-0.970769594060102,-0.605145598791088,-1.56424338896459,0.118900000917076,2.82523101267402,-1.48111254844138,0.483779230785786,-0.419480705021602
-0.274077143701696,-0.0131850818670173,-1.27696142978381,-0.273223844417185,-1.7932688836562,2.01695771714217,-1.21605452854768,2.60029994184878,-0.978863813408437,-0.681410337832069
-1.11467905796919,0.182945856715903,-2.13314171805077,-2.1858239686737,-1.11203931704843,1.76441014944108,0.713936972479758,2.08785649563631,1.93353170880131,-1.59570047718364
0.670788247256672,0.103439559128259,0.0939721781099357,-0.223699707651746,1.62582947165833,-2.75692204411981,-1.07388821271434,0.567096022756513,-1.01242634151948,0.248246524868836
-1.28955036338644,-0.870263847300441,0.540353129995068,-0.619349546546986,0.624369558816887,-1.45586025604784,1.11574020711037,-0.428527425662627,-0.359031581921102,2.31951007069608
0.0631790430184137,0.668471884401374,-1.3426645378974,0.913499892523283,-1.26664743446599,0.87316108995859,0.523558656159686,-1.2165901330788,1.34352847416723,-3.03477148355425
0.455585555247294,0.0577130473523639,-0.641393558244174,0.520753210772439,0.250600576790406,1.13130916416448,-1.50729978115158,0.539849911289874,-0.504538273575437,-1.942353641232
-1.02860414344506,1.7208442493189,0.0310601444853594,-0.682581327265904,0.103680773873921,0.759614776255401,-0.483965081256418,0.927628676847724,1.00230549263857,-0.385782294455531
0.197644858874723,0.498081461821139,-0.760902723759043,-0.670777206630472,0.738235386377258,0.768197961992092,0.393864457096529,-0.16996867609155,-0.404755343621438,-2.14913516514095
-0.0498079341054534,2.31355290424808,0.819626402425918,-0.404115941874591,1.89910378613373,-0.978382026447362,-2.16927396109842,1.03641860212942,-0.552301405471936,-1.43444405504297
-1.2988000331135,0.999909943766254,0.206858706310374,-1.95933611447794,-1.19345780570877,0.645225980217125,2.1559823963911,-1.06052918590506,3.49747705211615,-1.76981961576313
-1.35472973873525,-1.04565334877953,-1.90557430743852,-0.914922025419175,-1.024779543406,0.676025026740373,1.49484172176285,0.980514361878712,0.373765655730304,-1.8746099924415
1.18480605866392,-1.20228331276685,0.0748382769643436,0.334907804712251,-1.10858171708182,0.400759287769782,0.172281590802058,-0.977573724580958,0.0180196533138119,-0.000989523975975964
1.12858279132933,-1.35766599394203,0.0719412094660001,-0.171056203103431,-0.352078504260621,0.67347243345681,0.352955031837765,-0.763495378362823,-1.37041395022154,1.05566798461299
0.364535356200929,-0.0234705599974373,0.532312801279657,1.69236369815423,-0.155181637657945,1.29861233171785,0.0257449035139046,-0.700177976973462,1.02094824119371,0.354023346508396
0.237284543084526,2.00696179537771,1.50647687015127,-1.05015542408689,0.550785130033257,-0.589995871160804,-1.05712967355237,-0.0612351473931868,0.862609219840869,-0.517337490766172
-0.222610008024495,2.02614031058854,1.47330766067641,-0.829906543630875,0.783692318207857,-0.640062063211918,0.778361265006413,-2.04035540098674,2.00530066613479,0.416439936871941
0.812780004810012,-0.470766449002645,-0.58730048959845,-0.914090138144819,0.099152568404494,1.09526699984379,-1.1947307405354,1.34331310173786,-2.28463177669452,0.738159614365801
1.31280906930233,0.50469307894368,-0.345688809766146,-1.64164336844949,-1.55356746853729,0.0715632773181852,-0.947430208858935,0.496340046292281,0.162248493067486,-1.12337744826953
0.889862805512797,2.79592894932565,-0.0343779063210236,-0.764662969510135,-1.01820651856699,0.0431756808848273,-2.64779096306649,1.86181231915469,0.586232770326058,-1.02662528084544
-0.0647078057016751,1.30825862883954,-1.62124384716188,1.12918182680378,-0.976140073434521,1.43228184939954,-1.69448565620366,1.79262474552254,0.335144747444876,-3.08167345456485
0.0894407320926084,-1.37453303926734,-1.81358243476215,-0.113831969803832,-0.0194989093469622,-0.174062632881845,0.550880967137919,1.44960161678088,-0.477854938388375,-1.58986591441404
0.469109093538203,1.97878900393353,1.49508821192557,-1.02714212378305,1.51395213934406,-1.87993043919397,-3.24013762410884,0.108173253074742,-2.26038988436825,0.613228618714731
0.91591282577062,0.921334155915924,-0.932072619263754,-0.934591126306858,0.339761823896191,-0.0807797064122276,-1.33126327284131,1.02119600658902,-0.266916116017801,-2.28671147021319
-0.741931135172674,0.0115692662221563,-1.62777347800156,0.5393723324545,-1.91097598213689,0.888746319117342,0.597008876651749,2.08975701759293,1.51857778352835,1.49995737785543
0.46001272677986,-0.136794951253001,0.347557525124289,-1.0559205742763,-0.256359616533903,-0.0351639235190552,-0.877216283073333,0.161927178411081,-1.05928418465024,-1.03105860540309
-0.129160083354119,0.885271492416019,-0.246334356607039,-0.356165091792147,0.151288511099268,-0.114143837582964,-0.14203524362842,0.874718428180005,0.545293246952281,1.0195761000375
0.491218143730821,-0.0888284363671098,0.0842312905660316,0.762715212331192,0.563362667638824,0.543460892995594,-0.308061415012306,-0.446479468533992,-1.81546158354208,0.830921544831828
-0.373462301110943,0.144467468578125,-0.0371763570459961,-1.02312013581601,0.106071262726461,-0.399669702868387,1.35522319450809,0.158216522852827,0.701298347581579,-0.248077126250951
-0.253996626785986,-0.057310645451718,0.549861203511206,-0.332546946251446,0.466600986055908,-0.0885225528748449,0.190163038476101,-0.174319705559409,0.271238436948597,3.41304174645466
-0.615898395891745,0.269323317357731,0.904786571048048,0.53761815487005,-0.86853963745108,1.83068315723431,1.16663696726947,-0.85502765499979,0.512362303780869,0.399532205390422
0.0645639022935508,-0.820315863285291,0.692339498415351,-0.0862368390472799,0.512901108558055,-0.510353139525596,1.34811701238696,-1.53288570695815,0.065899407734896,1.04323849619768
0.573456913118578,-0.933721457936301,0.4900880308874,0.508652472078564,0.98843763784726,-0.169409572785886,0.661531204432309,-0.677487850689417,-0.248695952715799,1.85518767504653
-0.113826074359283,0.373839160562722,1.11501879006268,2.81996023701614,0.0196202910013453,0.0456329949400586,0.413405274252192,-2.62433670656135,1.17712006650933,1.9831661649608
0.387383628235828,-1.01521034128378,0.321641893829469,-0.600142557376446,0.972852778918561,-0.334152305571949,0.0279421298189526,-2.04827949827757,-0.962950905668406,1.00159024656107
1.35215900633481,0.882257453546051,0.855888923145457,0.789919266250533,0.167528434778791,-1.62676423459476,-2.04216379824725,-1.18283959469337,-1.99695740141364,0.878976306847209
-1.35785962834248,0.542909924594867,0.312029707496987,-0.452677851891078,-1.24011847632894,0.841253171916304,1.78517603366568,-0.839358614651427,1.21686970187677,1.16594987433427
1.4691227595221,2.40159112585836,1.79159418743603,-0.247158913716644,1.30945222456655,-0.112968002083382,-2.9430943379185,-0.46605528864212,-1.29412149018434,-1.30212779880676
-0.756263316206556,1.90485860680078,0.282766425423744,0.00178904788915452,-0.0420882266446827,0.44712311539067,-0.18091185768663,0.136472136476298,1.28856931195595,1.12286642688565
1.47573772666196,0.868239776544118,-1.62216707986701,1.46090696944666,-1.03490584926838,1.61598739761129,-1.86392295606793,1.15294403032011,0.0358685357326361,-2.38971362687676
1.05717381836925,-1.28586194228996,-0.427536566108057,-0.0811242916268706,-0.725061874599564,-0.059263255926935,0.0340229742151801,-0.433772273905195,-1.62272496373543,-1.70651941290863
-0.10978375754534,0.0631931115626652,-0.719267732530529,-0.698659805225839,-0.0959755413634936,-0.0549291493790493,-0.0764433877332154,0.884481904361161,-0.576277888846582,-0.363593039958159
-0.526833300807905,1.69595081539328,-0.0846201844106841,-0.886632004186861,-0.705445334521779,0.747112702648265,-0.347481991584299,0.221579159465343,1.976643854808,-0.365370109953334
-0.707418716713344,0.817132044199076,-1.9586185020739,1.34046675690912,-1.1921980129356,1.98154186179321,0.35466880915415,1.45110366834064,2.09648766356561,-2.91873261162641
-0.200500778030869,-1.22359270266537,0.161879549791958,-1.46566022512366,0.522840089385613,-0.372632603473747,1.65488056425841,-1.72934586090963,0.679219029170257,0.835794752316771
-0.992625945120988,-0.660820647030444,-0.0321866312045663,0.290471437850467,0.476510526900163,-1.4091733182445,2.18492457544357,-1.09455301664438,1.77763067331546,-0.760246476900002
0.658606072721603,0.90024308045497,-0.550185612078103,1.03949797622456,-0.0428567903202813,-0.463420530183082,-0.537792686408318,0.334103909897154,-0.437002945710727,-0.0626720835075149
1.17109496013295,0.94295399042508,-0.255149826027056,-1.29665333581516,0.192885241892901,-0.701159998607561,-2.56694183621341,1.34118240823928,-2.05241108319122,-1.08078822472457
0.0594788495408944,0.354740522486107,-0.663568299972144,1.92010503703138,-0.652711999372793,-0.0107797198476372,-1.13567454865997,1.28506109852032,-0.354138670153216,-0.33680012808714
0.17590236288462,-2.28269374079444,-1.48581757221374,-1.17426072599933,-1.55978238756885,1.58670874907969,1.51140322366557,-0.486361522352549,0.603153816337517,0.155862348340881
0.380257778133599,0.00588463145807671,0.865224264693491,0.578247742672182,0.334403649416768,0.23400799485631,-0.215653215553551,-0.0950372352198986,0.0017838645769978,1.84552521216488
0.21709597866934,0.626815694467453,-0.162452833641157,2.94723990962058,0.698800668635391,-0.123386291146167,-0.189642475444112,0.280192769989454,0.543296959958737,1.44931852680797
-0.887083875373206,-0.195186351470635,0.179891508026374,-0.870917305784947,-0.420058639618215,0.359128732001928,0.58419821408042,1.06966030092743,0.604760293161343,0.0229932500647865
-0.152332437353124,1.77334834106763,-1.30641371740025,-0.242697307363078,-1.19230719678346,-0.458298788757123,-0.15638202116623,1.43230000867111,2.20851556192799,-1.82041273581224
-0.260530972090398,0.412789803993253,-0.311611772557184,0.40611034205045,-0.399107554736549,-0.316300266389138,-0.139182816635187,0.455385983821554,0.0208243150244508,-1.1131885405273
-0.975020310636008,0.397967580708317,1.7909853349802,-1.46281768772657,1.32302268396013,0.757297133995339,-0.878412462903904,-0.595310613946163,-1.34056583059951,1.35391126502038
0.0883666246548893,-1.63003988174616,0.329668539908344,0.917757487987006,-0.0148985120435079,-0.980045725501872,2.4480070164357,-2.35955648693523,0.768477997360028,2.06662571519764
0.0973573389679569,0.919806296141607,-0.185000371762222,-0.607453428530182,-0.477192372388207,0.795727130689904,-0.390523526294874,-0.586862574991601,0.991626223298532,-0.286274753361384
0.628779181917805,-0.289132348034248,-1.01462337304796,-1.1283114080706,-1.46694234633705,0.629429955293453,-1.22426706282596,2.43112183037126,0.493761196649831,-1.35332338046927
-0.0504061263952489,-1.68282501879679,0.265202852302349,-1.82848563562025,-0.573163038443801,2.10883904241794,1.35716745893548,-2.09993523441867,0.182874847501792,1.48836802588869
-0.349835028782912,1.83404556370313,0.259369945611965,0.965302381500479,0.175682200976472,-0.222659097113993,0.19078857899454,0.325369104228261,0.00215708994334771,-1.26137732110859
-1.18355471999523,2.02466418658594,0.836620321401626,1.24945300490414,0.0709596144842753,-0.88418682834705,0.934898383833305,-0.112930704544043,2.119104448695,-0.0445460548169544
-0.156323357576455,0.784709847121284,2.78977819422717,-1.23898328353397,1.42332075122965,-0.142403062090997,-0.42536796108179,-1.18763194727802,0.773651535575562,1.05583563561655
0.397942379867734,0.60697946360003,-0.24054593040498,1.23363736886566,0.181992685311217,0.623703036772838,-1.08993848860591,0.219085733886145,-1.71868076119383,-1.03657607434256
-1.42721020101495,-0.295538527629849,0.0410374002769095,-0.461334595002428,0.345750647700254,-0.859357004535455,1.84243465883835,-0.370803011133931,0.569936028042969,-0.193315256019896
-0.147896842113347,-0.755261024098937,-1.20074259088978,0.310101260019654,-0.60501278374374,1.12700497989649,0.559282865864819,0.558185302111156,-1.97580892373869,0.563600800807956
0.82520088528807,1.286706085919,-1.18645694922621,0.77428331611434,-0.660209492359566,-0.123737451349154,-1.55353616720073,1.32154422523767,0.145411818645765,-0.792700867741388
0.428864708790319,-0.82061529798066,0.032828619342454,-1.00824106397861,-0.231483433263434,1.71206186361476,-0.11229137580729,-0.898895453561613,-0.100172741231865,-1.07557326952532
0.267162246253135,0.591867643661677,1.08008038548426,0.755110814090644,0.875216134677315,-0.727879525402431,-0.984094869848229,0.00214617963363,-1.28107857191225,-1.24840522820147
-0.125321356445213,1.98614481183649,0.0873785739382423,0.482920899763907,-0.563773268419602,-0.0513586190122125,-2.20971095216499,0.691578225571386,0.838593546129024,-1.92483086201899
0.0817264358459343,0.145492614881153,2.04090699169405,-0.330008726113919,1.31074835186771,-1.89006600147062,-0.228891324631186,-1.57541139146136,-0.459682923011261,1.76145793727456
-0.775086196937592,0.0348627079188172,0.548413893816327,0.702201538293017,-0.452627737161866,1.06003427291854,-0.0534147129903333,0.51988870484781,-1.13362893388046,2.04406912587596
-0.302115872385438,1.4007701848397,-0.805906209336971,-0.378400295301136,-1.84886840716913,0.695628646309854,-1.06348262284282,1.08297057994058,2.53899142510929,-1.08192423817572
-0.61896581857467,-0.184790869408891,-0.484291923235393,0.97383922899611,-0.0850964463667623,1.80174919143535,1.75623132927665,-0.456204718455201,0.518337205302668,-1.13984183596008
-0.679140405679455,1.28506190579454,-1.63520865229767,1.02210616100203,-1.12742737424184,1.45579243859564,0.970524728146041,0.37132095015929,3.00056158175179,-2.67162294301057
-0.305927303962355,0.0232268489909076,0.112219339612404,-0.788077569128663,0.603809648018937,-0.985655844828786,-0.622327719609088,-0.0495730338803446,-0.0352437514063267,-0.76539717732441
0.330493636118354,-1.11617827921317,0.414585784192677,0.905372998912006,-0.877318229285053,1.0253321191347,0.578101625248777,-1.42897173677987,-0.192011346739672,1.23152292095698
-0.0530676341944505,0.592209427497987,-0.313988831166012,1.42614195692659,-0.261026164142786,-0.462395957388199,-0.95568817403221,0.230971631360772,0.00995760950973709,-0.767364599302553
-1.13650368749536,0.491336477065824,2.37963108187096,-0.212614501380044,0.216531795752772,-0.647043814504586,-0.368179689908344,-0.630639004675404,-0.466636804283284,0.631643676992578
0.129999288079594,-0.0404332200551876,0.473163034551834,-2.4394455520411,-0.69827409514056,0.927400727056904,-0.186230593269425,-0.336337381328723,0.243464080641364,1.76613224030462
0.370927926372303,-0.193733091139151,-0.349606656217325,2.37873028580577,-1.27739581747696,0.960135222218163,-1.20941342015763,-0.011479403054546,-0.557884995093167,-0.698484369412372
-0.809125049034105,-0.502940321503182,-0.0572598959368275,-0.263649224257221,0.666231519559953,-1.07491905239171,0.800817880280203,-0.326607251241087,0.0315475870877343,1.00256171258328
1.10346602415185,-2.00891648217044,0.641140818189199,-0.499146539662488,-0.312930188210723,-0.210656838154653,-0.352654508766024,-0.518783284089537,-1.77808854552935,1.6101403838747
0.287456298761078,-0.496492909509934,-1.19243408939148,-0.377194768520657,-0.861824060336895,1.35111117419872,-0.172733291606534,1.76584635126704,1.54116615328352,-0.91083857480208
0.936629934109373,0.378206965237742,-0.772017159754001,0.846117256304995,-1.60325443216468,2.31694734177459,-1.0233991825764,1.7461777643138,0.324811119843541,-1.14122831504515
0.649447460623343,-1.24251453119925,-0.557922828752497,1.35370110213275,-1.15048352485983,1.01649643893944,0.241002022947146,1.38248758661348,-0.278755690477155,1.66873470589866
-0.286286021491064,0.966910247276527,-2.58467055513484,1.80095132057839,-3.19221913338049,1.90102558034352,-0.646062043408196,3.61687477074655,1.59191982287516,-1.98219437253664
-0.046554893299019,0.0224617614228806,0.0676179822672214,-1.26142441030391,0.483913091320348,0.439560730406789,0.461530361659372,-0.638902084582336,-0.168096090993239,-1.34628735942261
0.540229604981703,-1.01645271718906,-0.451925997147755,1.60052294719698,-0.510341548350954,0.871470691804585,0.913910910951101,-1.34022218955894,-0.145011466734532,-0.0565254208102642
0.993172734717242,-0.313402475985384,-2.59332785031214,-0.274285671257596,-2.07651077143708,1.84544466614695,0.0179018893445635,0.74827610371793,1.40724096374469,-0.474355863952127
0.336534475621233,-2.10190441216062,-1.19245175044528,0.12868765777098,-0.383935001570139,0.114085171018253,1.82551758516625,-1.11673164104623,0.743870907377551,-0.434282316029812
-0.952337622075959,1.81513545619221,0.456546710368187,0.928354266479891,-1.2877910971154,1.65903070562077,0.453874571944153,0.347812916428441,2.70965979742918,-0.0293950495041301
-0.587130925183571,-1.19408208666742,-1.4430427235601,-2.37529808021972,-0.922871370995506,0.276246359889597,1.38918704402899,1.10725598555868,0.659594589899553,-0.429501547316584
1.09546050361843,-0.549240923706462,-0.208873830557421,0.708117870913319,-0.671986119360048,0.652425252749107,0.150717721154827,-0.325413197381106,1.00523785720102,-0.456155413374621
-0.717682987842707,-2.3172809356453,-1.53072538765865,-0.713910361056508,-1.6265094478432,0.334978535754064,0.626938078669857,2.1110719439483,-0.0124000300757783,0.428142253473668
0.146575359708555,-0.0392591444963825,0.0151003507102079,-2.03002226173384,0.316146908596245,0.0215371147132248,1.99214365795838,-1.56300470132456,1.74362907043573,0.315452892437652
-0.109022193740921,0.371830533934089,0.676889982027162,0.67860812599634,-0.365640928772128,-0.018803093747591,-0.0771953152608057,0.441408476383758,1.26922434821676,0.475817822419879
-0.327146101998087,-1.12720095738632,0.526321183911693,-0.34979528294952,0.724831917129807,0.101108440006894,2.81720313536306,-2.35688251481703,0.108419682610848,0.229578542230691
0.11137209172837,-0.0172158049019817,-1.21521396843304,-0.0443347112389039,-1.8343266716886,0.619155529037681,-1.29369647557919,2.59593105479551,-0.152810074338427,-2.23420091570313
-0.0298343125423718,-1.37673618202986,-1.20672433828522,-0.578213604290641,-1.13440662086265,2.07364341202816,0.63752396095416,1.93715495230403,0.972699995898197,-0.0269818702819274
0.157291207965104,-0.0824725255210244,-0.343841140483912,-0.620122111536881,-0.734730558636381,1.69116957813164,-0.810782146433252,0.821169335304244,-0.766310306199561,-0.45321114983821
-0.398485388969252,1.14827482094417,-1.95358298643922,-0.0608639922687676,-0.621704444654181,-0.245297293364648,-0.0313590434404465,1.64475546387498,0.630870836189175,-3.07588657179811
-1.16967548460957,0.481302813562716,1.16058482330261,-0.0104200691964881,-1.64341349209559,1.50570429704657,1.78931765944805,-1.461487275889,4.03127871674864,3.22904790514186
-0.40791897389086,-0.718560274056423,-0.864505964076519,-0.37325902887358,-0.210233163630318,-0.315887831679698,1.52297939883833,-0.252092917485958,1.1177206533594,0.701219310527515
0.734805970744257,0.303319307367082,-0.398242324886381,0.00376255673454396,-0.272992169208475,2.24784239799081,-1.13808736025071,0.2279186736363,-0.488694636154796,-2.90296448049597
0.866344051681177,2.4065387938908,0.378500865423126,0.74732975917295,0.687350806623445,-0.727421893384415,-2.19377254297424,0.674302251847763,0.252633387959032,-0.0100416439115381
-0.359411563384029,-0.676382645130806,0.287259841922247,-1.17231909744053,0.194461066431246,-1.52774898118886,1.07871409434735,-1.72858055015708,1.39867854794107,1.60703659469168
-0.493233648264623,1.9614270887549,2.01529743254693,0.396241385352903,1.72343947049007,-1.21434955486744,-0.598486156288698,-0.699038607705123,1.04580943638691,-1.96203643852453
1.75410517809343,2.02826915788309,-0.605808125847273,-1.02171758715585,-0.127745639949351,-0.783606179764059,-3.27376992249158,3.265086764045,-0.0285528176465607,-1.50098120863545
0.37075215902114,-0.829328337453272,-1.84131206362669,-0.164966990093953,-0.722406065813091,-0.283022177800734,-0.80547184057409,1.58087184078479,-0.838460471486116,-0.758387034131608
-0.485890920633746,-0.192924801749189,0.608188806865593,1.68561233341669,1.31943981598141,-2.10357634343761,-0.214367859138056,0.141871722658345,-2.2231102594812,0.245349832890198
-0.637429976833534,2.01693174445105,1.09914112048818,1.68899789680316,0.488678667779342,-1.35817682151896,-1.18396239393862,1.24892737104077,0.337778687703758,-0.372165478131901
1.10975756523288,-0.765181671425043,0.740709913963657,-1.46541989532027,-0.013151090668077,0.616315105651619,0.89836815127765,-2.32372535218482,-0.258019880020341,2.3246892163662
-0.939835428367879,0.709133161252993,0.167390998669401,0.798892447204899,1.1689563446832,0.284265425661362,0.346496765662003,0.243379301402558,1.416979096385,0.53925880798869
0.207816934226868,0.740805762930418,-0.499035636494825,-1.43190192015711,-0.0476571822334029,-0.608268760015446,-0.506912647830249,0.677816647374577,-0.60336050621775,-0.359326553697679
-1.37079033958098,2.87765483952581,0.634126101613112,-1.1939045919839,1.39747850770077,-0.744655518032571,-0.698624145834951,1.22527180652739,0.989651013859192,-2.90300397391824
0.779776797314529,-1.03279464446974,-0.0215423095470146,-0.0609532440909987,-0.161933874944405,1.76804680228386,-0.148090142342617,-1.28587756049932,-0.906411543391495,-0.682663880183995
0.71033390009374,-0.482010570940445,-0.39479795143649,0.343698640780361,0.973463757318354,-1.11611525671894,-0.192894199106321,0.148649350609998,0.0142256365920445,1.15109508103212
0.631963317499515,0.0916711035995388,1.08780089674448,-1.42158066312053,0.872807937613755,-2.0264158338405,-1.00137078979126,-1.68960936183034,-1.8645533078699,-1.55959002472226
0.576269242543905,-1.67173234921522,-0.244566915847712,0.21670282091791,-0.184729272644054,1.16293089077836,-0.00514150285748576,-0.840731230388582,-2.37160412764528,0.95745916508366
-1.25017846573528,1.55655007774126,-1.08516976125203,-0.414233413179582,0.657211826952274,-0.0788479453881297,-1.22373963520098,3.63190514359663,0.145159311353851,0.416041944345241
-0.391010403880233,-0.685477328112548,-1.38109325905506,1.34272963575437,-1.88468169559071,1.63434346524887,0.843064965691085,1.70711720921427,0.587679618843237,0.45169044541779
-0.63058545383817,0.678010484127763,2.72970248180329,1.14297005270288,1.65401116067232,-1.5703009825566,-0.0842257827779522,-1.09603801913213,0.404493524228764,2.10954887774233
-1.075367201925,0.781757351460431,1.34220435033874,0.559276625954449,0.239475820765604,0.895906318154644,0.715037857701342,0.261670143075668,1.42445863614861,-0.245769769002296
-0.462998466217055,0.479640690262984,-0.27269800284316,-0.663029473888043,0.129516956360134,-0.199811241270263,0.816926178242297,-0.32400030866268,1.86508652795312,-0.455794369192753
0.131091359486401,0.860631493326369,0.912712523760977,0.546642946430812,0.551050604208844,0.876803531352488,-0.374525607786392,-0.137095145358396,1.59877335369656,-0.339170317988918
0.427582256817141,-1.3953549213254,1.28938647722804,0.0770279010881643,1.82647842715921,-2.11569221709698,0.00884164441349544,-1.98250930025362,-3.44355109371143,0.164694074792562
0.0482369167086345,-0.837168450078415,0.205242257510906,-1.04922047510101,0.557116467267474,-0.94701183131948,0.860310575152404,-0.524911284854138,-0.401409793279458,1.42282603245259
0.835177206174206,-0.341989653318773,-0.0398063215404041,-0.358057144061633,-1.06285995807239,0.990972266340128,-0.498637032754361,0.586528196656398,-0.234791200194454,0.214542356330443
0.060832134064188,-2.73537541449686,-0.442758879457535,1.21219204772429,-0.614826750011015,-0.0389700002208121,2.47059955155375,-2.34163048211727,-0.160307713216558,1.69589403492969
-0.256239608543903,0.727028029423483,-0.444126146499389,-0.103529218658002,-1.66701851775391,1.40615086460824,-0.437637023516194,0.95041744233719,2.06501137690488,-0.697031311718404
-0.641807641980055,0.325833846291659,-0.643105860059418,-1.23829005726261,-0.627938524169175,-0.238585712237562,-1.02800629839773,2.21357959096393,0.406008715583066,-0.88575284368908
-0.305753047416926,-0.298316044434084,-1.36504900562478,0.526137207017011,-1.74439867126391,2.99429016760326,1.05369957048092,-0.37567205903357,1.62337125652278,-1.9062097861576
0.595565513660713,0.0125133864805659,1.32429486060588,-0.0520797330155369,1.48942999345848,-1.55042994195138,-0.00973820227831374,-1.19136848394764,-0.896071182609019,1.28275458482463
1.02336713353046,-0.636931896760073,0.593170320590132,0.0559175277658583,0.544449987427607,-0.269377150000373,-0.4907445029997,-0.509540659335955,-2.00339513523412,-0.442619408375319
0.790690901515593,1.54303021422867,-1.97073813344692,0.950751503756623,-1.64635653679429,-0.183579851597627,-1.48829497103829,2.1692384268471,0.95160041880697,-2.92260828139088
0.375853321301352,0.683985281740266,0.435020718318113,-0.69387502007296,0.9632312736912,-1.5886120822234,-1.52099748711795,0.890237055406701,-1.5337918922173,-0.58184272649278
0.507683908215625,-0.499345175750555,-1.22481227183448,0.250707496965501,-0.48643174919988,0.846332946926117,-0.00844358297787044,0.485049841708967,-0.505573352549746,0.00225476121906265
-0.983611215518825,0.603812626434894,1.3083844899956,-0.354690483606784,2.16508584592735,-0.0320404181223194,0.52696875194897,-2.03196977551734,-0.992258197303219,0.774652454848254
-0.39007217198668,-0.429475627473386,-0.849939527847829,-0.757411061595766,0.195678674367353,0.464973753939129,0.653568318426778,0.359661251348438,1.58396819159075,-0.329937932360503
0.750859009808024,2.68525497863166,1.0290992040764,-0.705101990560233,1.97608062296738,-1.27424166187878,-2.06500169268247,0.824365722291912,-0.327837095463789,-2.42055143366014
-1.76731811632834,-0.807805965393364,-0.640348211666719,0.321393727714155,-0.85860674333404,0.921273699976153,1.7930974868691,-0.018264068138687,0.949020900787982,0.00422992110634199
-0.0352347960242664,0.849738913859842,-2.08267811878235,-1.53363680349568,-1.07517925681515,1.05568746345399,-0.915272111298818,1.75605710493598,0.343091651857662,-2.21284845459766
-0.576981008617989,-1.11532076547449,-0.63013996763462,-1.62740720051921,-2.03397752089521,0.216592666603682,0.432992969011899,0.032656886462796,0.794481367169792,0.182318097909677
0.175599426170256,-0.297535712461996,0.526289286838205,0.867543728202915,-0.0110538344015973,-0.113018620818127,-0.459556310418276,0.171650603412737,-1.70747176957103,1.33912101492469
-0.813372313301138,0.0280026916312676,0.279179078234973,-1.01893836816152,-0.725042829231013,0.964751694448433,0.479965579165366,-0.0909779578695048,0.0980659052870964,-0.0303995171745369
-0.5164891868709,-0.65439426977057,0.41268323802674,-0.530440525389594,-1.33964042010952,-0.0876052451289631,0.0461027784496877,0.596616832731903,0.134456328199503,-0.341751784893513
-0.294969101782631,-0.716081339265466,0.627402740661798,-0.0534258456679567,1.37024872156999,-1.51715306348561,1.12722565521385,-0.96932607382866,-1.35351265247408,1.66020189287225
-0.851844372569504,-0.153153145621654,1.27548221220142,0.277539497976274,0.363712596525321,0.097291209545039,-0.636598028676344,-0.418219981673504,-1.04783345431876,0.887316732134595
-0.596760547077646,-1.13181938555069,-0.700892298699676,1.30988880398202,-1.05514881066684,0.662283538288658,1.56670380187413,0.829697075426405,0.536021762181417,-0.350731015616818
0.921143255932908,0.455319827173802,1.23811831701179,1.26065669981959,1.39370028683295,-0.842707866016975,-1.88157032427316,-1.38728558627618,-2.75543403774332,2.02582980746521
-0.666121804093122,0.771333800229116,-0.275858837002002,1.57046612008274,0.158041957722589,-1.66025015588375,-0.488596070790735,0.455218679246721,0.021744012163363,-0.827980442781327
0.677179266491713,0.415454504554336,0.0196997938593281,-0.533437637801419,0.768489086086053,-0.874667955441353,-1.04072525245541,0.180872207253804,-0.943617668093914,-0.966342100016232
0.963110286434011,-0.518057443192823,0.657334211300813,0.084223603932016,0.753654514516812,-0.886493472698444,0.311533097782367,-1.88120353500991,-1.12953385868102,-0.342836606222337
-1.53228071134616,-0.831231175188687,0.513028103316213,1.17904299790065,-0.433190760173331,1.44414198873892,1.77776945427446,0.493502279532339,0.188541546288717,0.732020909992194
-0.194387404350027,2.5530523140018,-0.53227904212205,1.82129629396619,-1.64626588980792,0.277491334819016,-1.1658391399087,1.38870432695041,1.88264496798798,-1.99473414613852
0.819208744001152,-1.53860129767767,-0.118742628669344,0.335219513917923,-0.407225194192292,2.20399903054231,1.28759485788383,-1.53186778070914,0.385830093618513,-0.249027946165366
-0.0182839819382374,-1.2114068697502,0.226266222640056,0.0785049938706754,1.41341204645601,-0.359694597704303,-0.141747083192338,-0.32683584319023,-0.547910717360273,1.4623208197605
-0.105017603911374,-0.469315253159922,-0.336231972029308,1.14963489938293,0.0914766545297963,-0.221510459009732,-0.00545661579687003,0.597592689591182,0.318119892365392,-1.21233719806767
0.227078587461113,-0.277692928472066,-0.776830108867712,0.778910991009191,0.0120022847540427,-0.375829491845484,-0.109585779975238,-0.0153860100649004,-0.86895144058919,-1.47952206618646
-1.00351195415808,-0.505537601332763,-0.0346326940744607,-0.314850842562176,-1.3955452006965,1.17197568847112,0.277231910129211,0.954220020123091,-0.480357810657587,1.41926963600437
-0.407586061652687,-1.25517712329446,-0.163579207233546,0.5099195760995,-0.523928975875375,-1.52269048025744,1.31744340350977,-1.39883666255425,0.102033964994105,2.27554316261655
1.83814079103462,0.838067461019652,1.31104086851632,-0.0109044278163357,1.14052248740167,-1.74083000404534,-1.70477537418312,-0.281380444329124,-2.20562710401898,-0.930902775886446
-0.036225142111077,1.37419028005722,-0.230463590486688,-0.251815979904006,0.0406803924012661,-0.782062755456212,-0.878010168253137,1.54284158440524,0.0933072163348022,0.289900509285684
-0.117246727434326,0.856630728429302,1.61204587273241,0.0963709306669468,0.972678568430179,-0.542579178634533,-0.12570929834951,-0.658789740105586,-0.273208227927383,0.11126681169536
-0.989686047731059,1.69032064726984,-0.528631566330074,-1.10545410703224,0.99488071908852,-0.445540113881418,-0.572176950244245,1.2987538331889,-0.202736602641892,0.0366521697569228
-0.134334035342476,-1.35816244731641,0.235086493152784,-1.30841007974885,-0.274655747743816,0.129630720187926,1.27322980264145,-1.15243672057618,0.3344263553228,0.932330276389056
0.300296385757034,-0.704221214342828,1.57336641618559,-0.619124003146806,1.97361980578465,-0.937052418298971,0.080647035607148,-2.09219135567111,-1.55539423540135,1.19292601045251
1.11072438561308,1.29725064354144,1.6558310991761,-0.58120789379619,-0.157110567223815,-0.694063967997636,-1.60594625730554,-1.27367351441857,-0.880412029320062,1.22314774257393
-1.16722604271803,-1.99654813127052,0.755964714416545,0.531947339332594,0.505547050793084,-0.783686103260761,3.38648503633076,-2.34067343937846,1.22043685766836,2.31630973661202
-0.859192852525639,1.46244055690506,-1.254737572036,1.20189378579355,-1.17206184728772,0.75975414738241,-0.492688410605639,2.76563619152867,0.95045224527006,-1.29007276352626
0.669370199335427,-0.202924399671382,0.168646737612909,-0.448351207837009,0.709678221138478,0.140771592570787,-0.00254403244294862,0.713314754410724,-0.580151597949799,2.2566922843793
-0.0119777282411287,1.01512121417802,1.0537975549735,-0.29445515286694,0.889876729992637,-1.34314017128312,-0.376145680023124,0.307312447833727,-0.951538979574063,-1.56099673573625
-0.23596700968039,-0.105244202667618,-0.0384021961127094,3.04371603096647,-0.615975746705506,-0.513893915156482,-0.204643703955166,0.856821857470514,-0.908571360931014,-0.127928367809064
-0.735602856492495,0.817373611029173,0.00159969254400996,-1.32440151515321,-0.255658478715997,0.685791992407405,0.502798201144273,0.0548808533788173,1.94256115143073,-0.916020234680056
0.191791403093458,0.17951227662319,0.728796345323019,0.718200200574222,0.492521504341238,-1.03271952364333,-0.754888140139779,-0.424047357223886,0.157568931982037,0.625283807822831
0.700965531817604,-0.369093210195939,-0.134669171185978,-3.0445073013579,0.615159582776139,-0.912473638745331,0.173001001285578,0.34103500637633,0.0303785655706819,-0.460354146332786
-0.0476765382961854,1.76046485917661,-0.234436896678496,-1.50351080319074,1.204548675077,-0.548224935057804,-1.00848249404291,1.36407532800569,0.0845406450985352,-1.26962552633849
0.269088128547761,0.217550975927153,0.215676968807072,1.66402716449232,0.667696818924496,-0.225482867958959,-1.75063624248562,0.277844130570598,-2.39212602940703,-1.25953894276789
-0.527845104362063,-1.94724242933937,0.58359557271829,1.96064644505289,-0.337045042428444,0.832742383797661,1.57163434893122,-1.62985534965778,-0.448948940782604,0.858347084470957
-0.403630821518302,-2.93427019280447,1.72671527499199,1.38212090922844,0.701405132958424,-1.45835176049856,2.08603613764644,-2.76335102975682,-2.31466723291354,3.81041116568984
0.0955444806447454,0.989869252262497,-1.45629334479349,2.0454646621323,-1.34457912731852,0.437023772756246,-1.15225327948994,2.36866493748721,0.966666736954666,-2.10111576427268
1.26639842064245,-0.790908990026521,-1.74202225133623,0.51109250632491,-1.33717447832149,1.54029899458424,-0.304581786267711,0.388749464600365,-0.821480129322736,-0.245997606142193
0.0128493118014835,-0.0770025603040903,-0.484428567844549,-0.865070654300793,-0.839610442550137,0.121372220047282,0.674267873563889,-0.329480545654857,1.7191051070054,1.20224503111786
-0.734801678357844,-1.1670772607552,-0.569866226995674,-0.991162122086491,-1.39418109615498,1.07691457643907,1.39250081276991,0.45393349391961,0.732104809003313,-0.235651964855204
0.214520738796325,-1.35105038323355,1.36432218787167,-1.78031380732956,0.83512664412808,0.0998022916027385,0.733008093385535,-2.3130663683692,-2.06555468450693,1.57318689584471
0.01995740992676,-2.40823286803673,-0.651857633602504,2.15894011352952,-0.930268611681882,0.995954864270057,0.873317825204829,-0.542034078572901,-0.28846401156441,1.6401444688884
0.476525662116451,-0.640004263049475,0.270123125992565,-0.498921591947695,-0.487341036954401,-0.316560607758171,-1.21933095984436,0.0254373531815332,-0.357137662182587,1.21178931318771
0.702379974379758,-1.17539510770347,-0.0527725892951252,-0.236602566415232,-0.267346639954781,1.26066309691828,-0.878543741751518,1.3692215053625,-2.71924644461675,3.06017370259045
-0.151297090077762,1.31759336570133,-1.97039498024252,-0.319519433541936,-1.94528295571165,1.65108413126835,-1.70067420495963,3.14412632206299,0.618360362455986,-3.05310885623642
1.33084162130214,-0.803813890760171,0.159483991482684,-0.712870502181424,0.0796128504798317,-0.154037935461255,-0.339410478466289,-0.131872585443572,-1.60799299644784,1.90719623058102
-0.468155228182334,-0.564749763952909,1.064086767249,0.349584498357275,0.432800657218321,-0.684271906014906,0.513614452481007,-2.56296107998078,-0.00288261282067142,1.43524443766526
0.74111621492941,-0.15065256332567,-0.8714079954975,0.220699288342585,-0.859789693906353,1.24556233104579,0.533342400579682,0.144872994525643,0.40988869332701,-0.559356860862191
-0.810876564194227,1.42475681633366,0.0275042525695891,0.331733177668355,0.251122825290895,0.902341235918343,-1.47322783031471,1.96426058912994,-0.244689775042672,-0.93158601556818
-0.359255142321629,0.335892549710236,-0.098916540626426,0.839263009082826,-0.863153680478637,0.617124468231982,0.562991283859404,0.603369695928533,2.1440993495695,0.0231651736573105
-0.0250170081924369,-0.666828264814478,-0.957831878772939,-2.57925834811451,-1.23090716008823,1.27519798516931,1.28764674175314,-0.709978894050264,0.806982651841986,0.478556367884986
0.0654865350559883,0.151850593126546,-0.103353965530294,-0.758682182552616,-0.300871969760207,0.0119375306612833,-2.96645929283333,2.10521782777065,-1.77902986105978,-0.568242506928316
0.415463509379743,-1.36528645738206,-1.3684311353019,-0.602351014134031,-0.530567750751009,1.21113364748,0.393419867123054,0.666858690561457,0.0731810156065934,1.04099553309499
-0.860874003575545,-0.015341315080752,-2.05639707229604,-1.68827613503123,-1.75775892750221,1.9032389476225,0.0349410544064384,1.97583392036398,0.911116419217733,-3.72279400991965
0.696269198654876,-1.8004160628944,-0.517262334225166,-0.0941900240279281,-0.352249857779263,0.0814480426773843,0.253800486285601,0.13648354027369,-0.524442333190063,-0.554710664481245
-0.00563490748939029,0.328449537615305,1.2010185397383,-0.272188831833419,0.420390519954336,-0.0495566763841031,-0.71168947315959,1.08340995621816,-0.393937175854884,1.4441724261524
0.438375850272288,-0.829281222877819,-0.78682315405158,1.73229111070991,-0.198453410889303,-1.62597361790973,-1.06856117717204,1.37288683627741,-2.77416371093163,0.389094391733866
0.526363101271134,-0.313187452582253,-0.325454897147703,1.342370014043,-0.558228897867976,0.552865393570713,-1.63228413767541,0.62985332971068,-1.77712897386368,-0.0534867533999688
0.298017324151261,-0.328402265268636,-0.417392319342347,-1.1093267379921,0.500684811283119,-1.25787743479841,-0.0462919877882327,0.00281740692531379,-0.54980135184982,-0.902587757685092
-0.631444112474636,-0.766527231343372,0.0377644364719509,1.67716719570718,-1.66087915813031,1.37411819478133,0.148738400626105,0.609926908576809,1.10958513790499,2.03164930483121
0.390891952192554,0.202199167489385,1.77481491945444,1.66242435883899,1.0634923233487,-0.690642992642643,-0.911870219241027,-1.93762286462468,-0.908549891847442,1.95552317980679
0.756036618650039,-0.536387081175505,-0.662560547338564,0.0476398178065228,-0.116312215368038,-0.188554057883901,0.132757561627088,-0.151826728306198,-0.107339277758411,-0.535214078469909
0.327056344117926,2.29669082903926,0.566238302414716,0.481667494114232,1.37177393180952,-1.76931341586988,-1.44025469265978,0.31880681562916,0.127900934398098,0.0720059314541334
-0.608180012432111,-0.172728010776821,0.742480049248081,0.00963296971680151,-0.230846415070317,1.00277289280959,0.324683882650466,0.327479975729031,0.664982852941092,0.839317707464009
-0.757930828240229,-2.33792039113178,-0.61756606319846,-1.8136346861261,-1.50766610847931,1.47480910326136,3.56985877191244,-2.06881450686342,1.06213205789939,0.0370241797709402
-1.00721042549508,-1.05126271694271,-0.804126442965612,0.847137026294421,0.0436385016175859,1.28467664018418,0.500436277432933,1.1318649779469,-1.65201224703547,-0.550718060241927
-0.39029612704651,1.13346537479032,-0.273392436435688,-0.0600586047731083,-0.429672769185518,-0.299582459634663,-0.980435521860383,0.63730165254575,0.198649548128619,0.636002347713343
0.423148880845939,-0.564261051055656,0.672986294440148,-0.532361361854077,0.179545578908933,0.141578199339297,0.991208709101014,-1.22360488637907,1.02422262936923,0.780008904609382
-0.754531916413358,-0.777158750685033,0.302014625994351,-0.601387067738885,0.6961731709027,0.0915622123484055,1.30353748548994,-2.14275935818301,0.494551807553671,1.98485827470588
-0.40679706586554,-0.0114131667166991,1.33942014952957,0.755781228314357,1.09300755945879,-0.364325925098426,-0.545230306099089,0.0130381385208114,-1.03150083252873,1.66439817742743
0.444188437391023,0.500572366309381,-0.473411182577686,1.17484224255326,0.918925991585644,-2.39176062986494,-0.901262424460285,-0.529825393876024,-0.180769298817555,-0.164870928855676
0.517296432709168,-0.587436635721082,1.47894239921763,0.737042293276982,0.981845335326194,-0.691254827899088,0.26105801979409,-1.98873293686824,-1.73307806661541,3.67429358094656
-0.461937045789412,-0.442956482413831,0.230458649767991,-0.0013389375447248,-0.377436257150031,-1.01822296745921,0.697682782384859,1.06441564037693,-0.994762708576333,-1.35571955584113
-0.727225162386185,-1.36318478348598,0.828335718547621,1.05337964461759,-0.313382898587671,0.164658934197995,1.98578030570525,-2.20991544657072,-0.534341889752133,1.56047793231556
-0.37007954529015,2.79025183354699,1.00124315020181,0.332166554052264,0.110295727945634,0.278082801891859,-1.98390202636038,0.631776463021864,0.918321557601377,-1.24834011244525
0.367136431730047,0.706657372136916,0.747181761762293,0.0758031640515179,0.10276372145883,-0.107549322808514,-0.985444148419058,0.224227701929177,1.11984644646068,-0.894088579047345
-1.29165362683679,-0.0196284872110887,-0.954897451407533,-0.417750531276652,-1.72748736243401,0.916080282864988,0.533758968023734,2.07464010612989,0.725907409986667,-0.37130140013852
0.940854782795948,-1.65681569240893,0.97476564782088,0.231300019148742,0.324322898145881,0.0518475029573561,0.088390171103626,-2.59997202405176,-0.74014777860464,1.23428070116879
-0.7696581200848,-0.629950527098073,-0.879700201129554,-0.158000934881801,0.219559639700679,0.258024878995256,-0.200991420997917,1.97996538595201,-0.256499998411643,0.249105321013052
-0.140624763360809,-0.862345250159402,1.75079340698877,1.00389414382911,0.572235671560637,-2.39764939632043,0.391532871833367,-2.23071401473427,-0.383773145238731,4.03492855813602
0.750255292427165,2.63097953819214,-1.31106310394386,0.559032208184384,-1.51867997831177,0.846950786426573,-2.24863510019374,2.71042412282794,2.19698836381315,-3.1168750323055
-0.413595452803469,-0.304682777444923,0.523525490147876,0.950020025788139,-0.807617177943499,2.09948438738144,1.01407373938962,-1.42639974351312,1.66127113533844,-0.23556715673054
-0.859353820772872,1.12238705861621,-0.139379526408772,1.28159562473614,0.998311685424966,-0.748330070775702,1.05296068314615,-0.0542254332734918,1.50716726950861,-3.63358751957689
0.326745198095249,-0.275434048059631,0.321175161341138,-0.235432382414309,0.186387192628133,-1.16166657060589,-0.504131772403713,-0.226706876215055,-0.824274342585457,-0.652700086387597
1.16273403776493,0.529905757154673,1.41466142748989,-1.32513584372473,1.36358425269676,-1.01004884105054,-1.40176441396216,-1.23222754575525,-1.98321227205979,2.16577942672756
-0.0124253107278629,-0.735678780960017,0.463729425969864,-0.252829678804323,0.997747123003893,-1.2267969640038,1.03901872382229,-0.761188022477421,-0.700150673949701,1.29669973214825
-0.213190184551866,-1.7323614470233,-1.7997793612621,-1.04845082618601,-2.32073503119434,0.987344086079465,1.15134668773567,0.430092470068671,0.697153039156812,-1.09916772901109
0.960358356098344,0.244834155638571,-1.53826105071221,-0.993409580988012,-1.51928599765458,3.0456689050095,-0.23718461921236,1.09088643675233,1.40505777811503,-1.36231166591232
-1.09874349795751,-0.689216139379889,0.176822421496111,-0.73207063293937,1.14195700671135,-0.76628327089803,2.01555642944544,-1.93578521179618,0.625340178503177,0.547826414991072
0.787329134654082,2.10843339073099,-1.22365172790628,-0.286219876459102,-0.427912531831309,2.39394190206325,-2.102797252217,1.73849375652128,0.798677875820349,-4.42483815942657
1.81133810085356,-1.62486942172544,0.760470416482303,-0.149017179578407,1.00080825490861,-0.92641305279728,-0.729760036931371,-1.82960123734756,-2.51386371685472,-0.165908904257119
0.26041240568282,0.854868198672096,0.58305162950891,1.37331751757143,0.733932458301837,-0.179524277268179,-0.0958458032591645,-0.795503645029806,-1.08505022277008,0.457983454759352
0.965264542926398,-0.499836880572469,0.749060049632928,-1.31540097117012,0.356379968299902,-1.28785007435058,-0.894366150055665,-1.67393140128972,-0.678441956480579,1.57065084550503
-0.306094869335683,-0.689358374620665,-0.986921812698174,2.98782616196586,-1.68115022029107,0.974515720735892,-0.190682428611174,1.78143859718202,-0.563429491782119,-1.97149620009804
0.653977789104298,-0.198887105998388,-1.29308089882801,-1.45058813796154,-0.214563394093033,-0.848272438567392,0.650609957119283,0.865197602288033,1.33047743957179,-1.72470166539085
-1.95091203221956,0.390074723550439,0.0204542333093813,1.23428647374231,0.396853810553482,-0.00887027576195363,0.238923727545011,0.90685184416885,-0.352709241454845,-1.49377866095307
0.764561455754153,-0.544480986588991,0.824418869960027,-0.0702798071910928,0.228967637009153,0.204960215667902,-1.92967734202464,0.703500982448256,-1.41010646802262,0.787070363240097
1.2089915097288,-1.80025743913622,-2.10823563420347,0.321782385120938,-0.292591332288733,-0.597367925079973,1.13112986333672,-0.213724994951124,-0.449881226153105,-1.04973049295127
-0.511918927895847,1.63194608719703,0.204884190372831,1.20896258304559,0.0253496551627201,-0.239435072898707,-1.33105016325618,0.957164291072532,0.333813821829653,-1.82103667751455
-1.07997439729356,-0.742212202038293,-0.207710950201947,-0.843244566082845,0.435261658018899,-0.43172221150679,0.0567639122963942,0.991094761447842,0.643618828897488,-1.11082669771814
0.189700258046959,-0.150404588133599,0.965708935265173,1.04486357385976,-0.398123875589134,0.31264049247657,0.145443119288935,-1.92435146703258,1.47307803575407,0.800944895971514
-0.192466482803868,0.998421912999354,-1.55574475107355,-0.749151529260205,-2.40360107466622,2.17495545015304,-1.04491009497876,2.59827569106373,1.0588781528064,-0.712812512826242
-0.157610442239271,1.91793508735056,-0.35994265767015,0.706685990234029,-1.24226384468159,1.89467679638428,-1.25567629878009,0.746132690681474,0.79896893445039,-1.75802751101629
0.187540159181288,-0.363628642790653,-0.631574132568683,-1.25425824486655,0.641778281363668,-2.27728597695823,-0.0435085713740364,-0.243241880662131,-0.711805526274898,-0.392447088381082
-0.231512537096319,0.920900481887562,-1.03606588253745,-0.286556285285168,-1.06081731541118,0.811573907930022,0.767214613130543,0.0666902634684147,2.69915907231002,-2.28448849857998
-0.115428239396805,2.00503228350121,-1.27526391997197,-1.29989025429055,-0.365718757621295,0.22779002825563,-0.981048775151998,2.71632051519645,2.78645207713796,-2.93764964407849
-0.0644086588815332,-0.868295605687913,-0.435143057907803,0.597265468775285,-0.619284525463486,-0.291580488889336,0.00804749711291376,0.0197192692867812,0.493735929375687,0.844044522457883
0.541996635612801,0.621249179348737,0.978531826702164,1.35008339424612,1.6880246367521,-0.227020459802973,-0.482594808219392,-0.0743117714849425,-0.0501221318253616,0.726184649792569
1.40926945827713,1.27934160686463,-0.586069187068518,0.907537808714739,-0.0296565354927032,1.64311957738264,-2.77153266492581,1.70380675184239,-2.01269562260129,-0.631693707235889
-0.964502382138492,0.223913874513194,0.488429050724235,1.55806286290859,0.832587591617342,-0.21764127081949,1.16095174182309,0.498566684970587,-0.483890642934927,0.225297751795951
0.117909004295903,-0.65036277335802,-1.27000415367965,-0.112402261831607,-1.46255185952331,1.43667308860545,1.32266906494288,0.197155467458984,1.76758404801272,1.46369041048146
0.432593778562035,-2.80418575632721,0.443768996844787,-0.302608911327966,0.194487673356127,-0.561374588008971,-0.0689662747020893,-0.766449837303985,-1.74568022008693,0.964075911576503
0.491915629418498,0.568750736770632,-2.2222014947939,0.16724176148819,-2.12899093659821,2.21400487835527,-1.45337950626905,3.1947357802795,-0.67326356839196,-0.55434313042103
0.628664301053563,-0.371057600618773,-0.066990836934221,-0.188890575901785,-0.0662891976106988,-0.50567052301899,0.331848346917867,-0.982603035080749,-0.748792402792895,0.654069672143102
-0.0647995794112829,0.160238319315163,-0.566309507360685,-1.05035606051393,-0.872353754121589,0.211307509137192,-1.0433990906843,1.0889156668916,-0.197334128970094,-0.76090996791933
0.575410854836522,1.84698352437105,0.733697640710959,0.405994255882372,-0.0455111890883278,-0.11599198409153,-2.75895731330964,-0.0472560716417917,-1.05830483880146,-0.583609396139187
0.457536865243305,-2.91164772996851,0.849953125006285,-0.0667043743611175,0.147638304257925,-0.925555915107918,2.24505817915473,-2.986688800441,-1.24968742322915,1.58684199018254
0.550643511806772,-0.685090795084752,0.107837737331723,0.600093286614751,0.200711766264615,-0.317282850174432,-0.302824726587399,-0.569650968204467,-2.21083091293048,2.11161000839466
0.705599123994312,-2.75455956086974,0.378825647677902,1.59057499873121,0.285999738454875,-1.08068910340658,1.17621043738797,-1.81690787535067,-1.08560768974232,1.52303118436438
-1.22497350088138,-0.00831494218458085,0.964220429891907,-1.01572955944679,0.489793075403943,1.50303359048845,0.676626060160789,0.326524687358453,-0.149887857223254,0.332765658286681
0.543420970302653,-0.888189637473932,-1.77650116338277,1.19793055273186,-0.423328406036801,-0.716079516661679,-0.378349192637509,0.953624230691805,-1.06599864066177,0.0433194048360573
0.120619724912078,0.285343747342523,0.533235003037946,-1.048038218901,-0.233195043803508,0.318001110137578,0.21982728319722,-1.62333133580419,0.734901760203866,0.0586668175860597
-0.727552246652333,-0.179573188485639,0.300867344878682,-0.445264902944514,-0.0419123218522854,0.456760220048661,-0.962527029657689,1.9760986087939,-1.00544977886695,0.448619893627456
-1.14422227534075,1.14181171563893,-1.40715628400604,-0.168268699951941,-0.848044378675449,0.423739624381061,0.0239645665794142,4.46631939552769,0.892951298924238,-1.68619096436032
0.586504266040209,-1.91497576463713,-0.060665383765075,-0.502738405420168,0.597762772680706,1.66863518162005,0.656449815843054,-1.54541669657366,-1.09401164968709,1.41085120888801
-0.37340009956066,1.35665958964649,0.0984242913928876,-1.30953559656996,-0.464091401212958,-0.716385470333442,-1.16902709975933,0.115110798401393,-0.185175778726957,0.613493258897898
-0.130796606746146,-0.848673664168763,-1.21962918240656,-0.997060654798543,-0.514014313001664,-1.12694753373012,1.06045335734635,-0.532286659360799,-0.50798278599339,-0.945615825180476
0.199931157723748,0.259868808951422,0.632440319819832,-2.28560358269568,1.29944854025417,-1.63592967279777,0.571558212616297,-0.772335954249371,0.0447251637849474,0.826841434883327
-1.86345122689428,-0.96134722656401,1.82389886562213,0.272922826967009,1.12638016828773,0.783202072715135,1.92655942424281,-2.33691341208315,-0.288240863387641,1.53224795732303
-0.0485950054170512,-0.172777100474548,0.211357880193653,-0.799366094173939,0.266491260853716,-0.0491083107006044,0.328810272279157,-0.965482349770031,0.401162642937977,0.436296660355716
1.05769528482072,0.0978797471940131,-0.619160015921071,1.32339550461962,1.1991173936393,-1.26457798517806,0.396924628880871,-0.0825017913564243,-0.6315011865387,-0.972770871838992
0.607387282562734,-0.4729814344268,-0.219190476827126,-0.621043930552982,-0.821249665121696,1.14854429648869,-0.104036560096282,0.314964998905562,-0.467595902736839,0.431712942256629
-1.9168845171698,-0.578479365982829,0.339433457681702,-0.535716419934037,-0.295807082597693,-0.514797077267835,1.62946497261899,0.00813789064310773,0.122471504328148,2.32272638795752
-0.568035012911921,-0.160334504553285,-0.102181816706294,0.490824466137077,-0.161733111097482,0.151023494271636,1.45717286273079,-1.31185095870237,1.43770002772228,-0.161614752344362
-0.803365031218257,-0.201251414749717,0.48256376975177,0.505187827393417,0.57921031584176,-1.71267617062026,-0.526447786991722,0.562405843572581,-1.7391819728536,0.120105202850387
0.711984866025656,-0.229903709580671,-1.67316203106945,-1.62834702603006,-1.41487087841539,1.95042190848138,-0.752596054158911,1.84755116171132,-0.176473724752928,-1.26923608848262
0.372865112368314,0.063293825457732,0.561262811940562,0.283136228164836,1.09411068539399,-1.65830627915476,-0.343730119404931,0.296040103084974,0.359092740671076,0.49341063817768
0.628310979703842,1.34384265425564,0.729314087011855,-0.193290630453201,-0.879879900626283,0.0279865367349969,-0.860583229966396,-0.257385908919762,0.456602670991695,0.770129918281942
-0.231084482190462,1.28906294115902,-0.910277908430275,-0.582672589937322,0.279076174647609,-0.30981326859731,-0.968943339880483,1.7924952771797,-0.201557113167586,-1.79736252706606
0.264506717699199,0.379183439680706,-0.466405804265549,-0.67768059122477,-1.07000038817811,1.02071660614391,-0.988405942209706,1.28564834609956,0.0570546065119545,-0.433564474067022
0.292435704846127,-0.278014237876752,0.145772414506035,0.247702561347272,0.349831269453657,0.941706720827792,0.485907793050033,-0.346014884335009,-0.60260026678271,0.54181771085981
0.616546836739683,0.676416284687225,-0.722549912775368,-1.11418617310081,-1.9970004925172,1.90989417943563,-0.843493735659856,0.11615951895581,0.783710256347795,0.167006001996214
-0.375745549445375,2.83900039947621,-0.70694621787854,-0.04871560571303,0.736278886674525,-0.333069106508798,-0.891661233131543,0.873055191277336,1.22381386501099,-2.02663905889174
-0.724550699263226,0.112487912460491,-1.40599687829963,1.18952992583722,-0.263668990771562,0.920985811249339,0.778167899121034,1.65757663594834,0.609742525427118,0.353818392045763
-0.492764321865158,-1.17019812143759,0.397377144378661,-1.12770928984487,-0.00462207965813199,1.212873838899,1.58129598171582,-1.88944158973292,1.31532379709828,1.25314448394497
0.0418214878001424,1.3470743978912,0.556065424493442,-0.475335955209226,0.693684103845559,-1.15452735736356,-1.39130854733884,2.51409929813455,-0.664874823953085,0.697435984078543
-0.842404717371966,0.577505673400257,1.97611096755204,-0.039736690749999,1.72956380722133,-0.933372062251943,0.481965341596305,-1.70920773665622,-1.78107164220346,0.999839278656063
0.362667144260692,-0.0730730837763738,-0.515585253408918,-0.879164278946352,0.107004730020713,-0.695645876360969,0.786287918550724,-0.461457554942575,-0.554877172712209,-1.14853049361588
-0.524568334982904,-0.515871990003401,-0.542005052321119,-0.976437975174887,-0.938142612526589,-0.246982520497094,-0.709050981793499,1.82227159917169,-1.5523276746221,0.41715408542846
-0.46309970594312,0.448419814057254,0.243487867242159,0.632554529401708,0.52252050991534,-0.349529480690951,-0.062533966229106,0.925373066842846,0.391933058806332,0.258598391048857
0.486341074784623,-1.96762843659478,-1.77256956675041,-0.369497599070641,-0.954742532753996,-0.348213667576215,0.276998662269462,1.46042414632542,-0.00741836480159563,-0.866013704907817
0.0129503680202734,1.08600447939261,-1.26362870748966,0.718613145256023,-1.83922163402304,2.8362289089526,-1.78888145157356,1.55334585099091,0.562217985502694,0.00695149730375776
0.297484068103642,-0.538097193163587,-1.09725147728187,-0.635484311522402,-1.08854158540933,0.232726544557411,0.872643184157735,1.03535684665134,0.0386450586954968,-1.95538197807995
0.325547169395346,0.93882835316165,-1.52664699280738,0.640468305979979,-1.30699023490532,0.546614754279839,-0.454322097871023,1.20332008093233,2.79420616507737,-1.5394114062864
1.26146416874348,0.619004262679718,-0.424953515308937,-0.620420529693739,-0.608371437016387,-0.596251912956248,-0.555993264270207,-1.42994854342215,0.178889910200801,-0.174341848988279
0.44364153940201,-1.43636157830397,2.36110550138453,0.796493784576422,1.2037182896244,-1.32450291640314,0.766689202538087,-2.12455416153173,-1.34923513015647,3.87400698125255
-0.52123885402324,0.839596834263107,1.64625092944182,-0.856183577493968,1.18564055828086,-1.33142059567098,-0.358936046960115,-0.796076895764274,-0.591314634425698,1.85163223300193
-0.279468039129191,-2.1002933306884,0.15322391279176,-0.491701686908555,-0.729755869705328,-0.144450037936835,1.27299471545693,-0.5731541194449,-0.12077240411526,1.88524540378632
0.42910871358676,2.08699226149104,-0.0848848522763885,-0.0938615699769109,-1.30075141023481,1.36082654770879,-1.28268813049183,1.19674760980152,0.904826865230435,-0.872238219408809
-0.513191219574497,0.569121069069031,-0.231961760491768,-0.0327619584919082,1.29112281185878,-0.720408947955711,0.185503186694091,0.06174375866072,-0.156589517454633,-1.12246853194698
0.809849252828887,-1.31217918016351,-0.529644169626732,-0.40045615559059,-0.195455956259376,-0.824223715142403,-0.0182759220505921,-0.464270402772248,-1.49633423490885,-0.185341153052267
0.258999476638862,-0.532968339041236,-0.597120104247178,2.09492184629744,-0.0665374898661987,0.349061410134659,0.371538746404997,-0.410926495365649,0.220972034410911,0.477563106245545
0.960837826891707,-0.321331269589749,-0.503739413588021,-0.18694612406098,0.148972878768198,0.00677207031880482,-0.696777345002922,-0.134441446239569,-0.980765492668207,0.100597931512052
-0.363832560655458,-0.401235477860608,-0.35176420150712,0.54265368431852,-0.487775050479798,-0.80314262988693,0.451705950298425,0.176719432626583,-0.184815372419008,-0.368545328223229
0.543793569764813,-1.16994720007907,0.581052544180081,-1.28753107617719,0.951673857087329,-0.329444903349949,-0.0616138276044987,-1.22949804603504,-1.50371172004846,1.48219479130218
0.740575869565564,0.43076454155899,-2.35830193148639,-0.166970676942948,-1.00850284516297,1.82331623482036,-1.60083767824417,1.55732275998861,-0.792475998411168,-1.83784486716809
0.961924884588825,-0.673305279743939,0.703013387737144,1.09085339881613,2.85789076599929,-2.21360251113968,-1.28245161988409,-1.08217749866244,-2.34077000760324,0.382537312736655
-0.0842905646345508,0.969029577824128,-0.150536397946849,0.302732012902043,-0.373915048155145,-0.292432355091089,-0.101760011401817,1.13548388724987,0.444792357669207,0.459419975294539
-0.507076916865506,0.608099636643986,0.0240571249307691,1.02979747780461,0.0419979944821845,-1.22642133680469,-0.781465770123251,0.838919295293728,-1.41655181837388,-1.77801770889347
-0.25276989440986,0.0780554062656889,-1.04599582805592,0.663339596682735,-1.42781338801965,1.08223758654727,-0.301415627990992,1.10023114553119,1.67433532367909,-2.08330202442627
0.263975659688443,-0.833778448716197,-0.450027865756212,-1.89818813453739,-0.9840043653974,1.26632969282244,-0.784812873961557,1.91397812366594,-0.833284653610178,-0.671029935103777
-0.237147010507801,0.249352229815377,-1.37220216398397,-0.0297419482306775,-0.191777211665135,-0.706642444067316,0.355302458568777,0.475816263919812,1.22725218001417,-0.0422181399742662
-0.988839045349479,-2.07188366572669,-0.460525835687351,-0.030522572003689,-0.554123535866326,-1.05859774976305,1.90913756645432,-0.669254944913405,-0.389295928616571,0.0656222287358636
-0.613441762855425,-0.287785315008218,0.143631857624659,-0.980858503861153,-1.36498526669541,1.04658898605226,0.827112999313312,-0.718842288431711,1.19862086444769,-0.776534588566415
0.0201161864011907,-0.955022653378127,0.226065976086084,0.0960128814973793,0.0935310262285755,-1.00785349155998,0.00338906301587198,-1.01350891718129,-2.81884943868077,1.56659209706824
-0.279486551796912,1.49468490665917,-2.36547144034013,1.19539087692006,-0.115359264013686,0.193433443677713,-1.68581689501106,4.62746337657939,0.385626781500649,-3.85008075046267
-1.26155752492425,-0.437388659049583,-1.25783310271527,-1.14021781468094,-1.47784764561518,-0.279066698308581,1.26766577079243,0.0730312489743182,2.27848600725246,-0.466588334596779
0.643662439002402,2.55872567579246,0.992078717233644,0.226263641138852,0.315597853022701,-0.711083353125897,-3.64620830945383,1.75779485484233,-1.87665388966632,-0.954102637588872
-0.11695366517628,0.313036281812213,1.68470403616273,0.733083036701259,0.286252193024752,-0.325495501278485,1.10713584212256,-1.51104312435245,-0.233220440782454,0.887372413687845
-0.694350711718155,0.577220618365127,-2.71681694885738,0.278091800732073,-1.85568096051616,0.650368939239842,-0.780884281920701,3.01514116904155,0.504530661317693,0.465051083076161
0.0785180377926778,1.75611988599403,0.687247777158164,0.90949903892024,0.414383467269404,-0.892692690426316,0.857605909992629,-2.09631199231974,2.06239803530831,0.461340978786262
0.376385057474431,-1.184586542992,1.20060399371238,-0.061824797454055,0.924934534736653,-1.04928392975013,0.180894709701324,-0.889742244752633,-0.302867424157768,0.923658356010975
0.61978408157959,-0.234668179902075,1.29451390952175,-0.732981514995711,1.09730979231153,-0.126582769190147,-1.31318298653384,-1.08917768458665,-2.3219291246125,-1.10509338752818
-0.434427546497077,0.124467080631984,1.53851828317244,0.569931417995854,1.02402605848979,-0.407923929580844,0.413246776331917,-0.0609887746144942,1.13679173446546,1.22463065766048
-0.343523783862543,-0.361618351487538,0.844452419953809,1.73214524013274,1.15827368674823,-1.83441767252568,0.651032824526673,-0.787598493201172,0.456029972400213,1.84835152268154
0.624155005592354,-0.272823647513207,1.50535309610099,0.230879455454742,1.31298981623922,-1.07369969299481,0.726447023666991,-2.17540955002629,-0.534521776165928,2.63029209302122
0.22353489360547,-0.625851309421412,0.0996154511937548,0.755405702823838,0.153059656787495,-0.0923985079779399,0.338112798721289,-1.58851214460656,-0.674419181769027,0.729395915998123
-0.65988366801719,-1.66149071474492,0.565833102704682,1.21141243551754,0.353243970034155,-0.355698349389404,2.16749594966642,-1.76599310387192,-1.54931785959446,2.26832201306022
0.0542514892698778,-0.0245912471339678,1.57717937187702,-1.30040728013358,-0.281728643985577,-0.166177453349073,0.418094923029317,-0.618112025740741,0.454210661992327,1.06169487134755
-0.71180009128233,0.762362362955485,0.332750432423083,-2.76254046917558,1.27062364115199,-1.66901148978476,-0.0111926406136488,0.457816022655079,0.434943124820374,0.735146387812708
0.121404766404257,-0.0670065154469797,-0.723031569533871,-1.16554815787597,-1.1327117179651,0.242186012092277,-0.502472123153784,1.01837291116234,-0.304119058369749,-1.44320864790064
0.698938674806847,1.35361102167209,-0.20924281425904,0.604957315822795,-0.86852368805195,-0.341453741204991,-1.61000496772059,0.706204663271743,-0.72189694138509,-0.824550325795144
0.511974613979117,0.561916236045906,0.56560862593025,-0.915002105514934,1.52177913392359,-1.27016330583809,-0.294070315525657,-1.0275624813695,0.36097177618558,-1.3422367996908
1.00154612728368,-0.196217730271384,0.445516906370137,-0.41805124547722,0.440962652026424,-0.667745618870406,-0.148357405638839,-1.41963433527345,-0.362175401460999,0.355652173811516
-1.06800906853661,0.00851242265004283,-0.0554088364795036,-0.823876973294205,0.296989300613233,-0.270635293674943,0.79923341561137,1.03388191445399,1.35563831851528,-1.60883975916392
1.16286848441921,-0.653013130197773,0.509482368822326,-0.635788091474522,-0.0759974526149911,-0.125349822224228,0.145749909611361,-0.52726731334225,-1.12760409093468,0.586182328974992
-0.3509266165342,-0.0287675566849568,0.579448288881675,1.96133872324767,-0.605807763946821,0.61471841603594,0.97401842745857,-0.64921807486701,1.03690927310419,0.493271863670064
-1.29266008474493,1.97265343593247,-0.753011553795123,-0.784811293333032,-0.868970559633552,0.00337578561807684,0.0373867659396023,1.65517370553085,0.889999083643211,-2.4554853725767
-0.662298505068034,0.356477715829424,-0.56553388158105,0.137413134233345,-0.589268711519094,0.0739987099968832,1.02614866801144,-0.563532068836938,1.51879971258071,-3.1021207011125
0.355790303619251,-0.0889853397391,-0.917436197791473,0.21686377480855,0.0652053757806104,0.359329330417825,0.41649319746156,-0.359297476860924,0.756115347350452,-1.88038898770519
-0.521469687855601,0.406340751888072,-0.554365797737442,-0.93066732005959,-0.434682830820161,-0.0832283573497468,0.702208791596619,0.180316146064633,1.06698471041648,-0.634762495161216
1.50992111239969,1.15247137373879,-1.75243880005902,-0.593397733958161,0.0570364163291886,-1.15377443719733,-2.18930758900456,0.612992604049149,-2.61161992458934,-2.75842913043865
-0.681012271419181,-0.104740248214241,-0.515093070914251,0.972707919382851,-0.09021435514754,-0.0393857080456541,0.607958219985941,1.35995238342662,0.206874616390977,0.514081605924782
-0.109944441090689,-0.332703501773688,0.21147342883855,-0.685466774547915,1.49003327828041,0.0198180390869525,-0.132344526441831,-0.0670234435912397,-1.27834211598416,0.0532954052989718
-0.429225454979201,-0.0425175551230176,-2.19130284688786,0.269865961221538,-0.316910104354217,1.24379135196196,0.124988567887659,2.82699629403696,-0.465233796202123,-2.31923619377078
0.160957542366253,0.393818262153641,0.156053856498332,0.0588082738340719,-0.878117940925369,0.680622504543405,1.08309881901166,0.0293359773220415,2.19452085297405,0.331125081458279
1.07946704257644,1.52674742024568,-0.73972478811991,-1.00238084817509,-0.375066801623483,0.589247778241279,-0.947171439720249,0.432221697327519,0.256783857255817,-2.67861623139003
0.640574144069251,-0.516786086380475,0.49333530502468,-0.834415659112123,-0.604300806479523,-0.1463199843302,-0.677582197844224,-0.561571282398595,-0.303687890820811,-0.0757860353158003
-1.02999491382133,3.04402305507434,0.488367972055378,0.246096087893147,0.0707309232440151,-1.67031182517838,-1.58612823375492,1.12208395689395,1.30883321384378,-1.51083858768302
0.225375693985451,-1.23181261533412,0.282662572518862,0.801400458180349,-1.2641304816891,0.809893597107316,0.90220833850904,-1.1880255785073,-0.202786579983215,0.320596883691139
-0.425531286855065,-0.256011417387766,0.189244863587949,-0.753587318549424,0.0725392507651839,0.0775625570774911,1.70433626664951,-2.14105777138973,-0.167630813451053,0.596556288123794
0.464650332420596,-0.796073943434342,1.19415188094386,-0.38642136771473,0.565739085466403,-0.649567205229869,1.81197866391508,-2.72759387834511,-0.57007889510654,1.4347250344455
-0.193443947788688,1.36665559847359,0.206776941608913,0.382555989968049,-0.105317224823195,0.764633631977576,-0.952851947308751,0.30322243639512,-0.514575400872017,-1.77407000934783
0.910791482372321,-0.552830170027093,-1.2892447764641,-0.912107004340923,-0.814131564835214,0.738518895682579,-1.01814155725247,1.19599878729761,-1.22050686142115,-1.43099048093474
0.345044271316854,-0.167929825593552,-0.300421881990491,0.174833370107229,-0.7681170974279,1.27264728402256,0.624323909845927,-1.56816322173,-0.417098149453136,-2.73434269301847
0.124233403898665,-2.20416060087964,-0.121238620066806,2.12648272528938,-0.269641327857122,0.328194179766245,0.573844879442688,0.430044018945641,-1.1043505339472,2.55842698860009
0.355432909659268,0.171322810632082,-2.04871477396648,0.2846452342394,-0.882458828733614,1.44530763955771,-0.103877758225139,1.24944152567487,-0.15775784276027,-1.99389016614548
-0.292350989908999,0.676860938631482,-0.673314465299971,0.492006585847318,-0.694033537704312,0.933116041886689,1.4209748579046,-0.567134676915385,2.94725595465351,-2.68903733376427
-0.116956066029608,-2.05432403504229,-1.21730983714343,-0.632800488255799,-1.82398731487108,1.10526624073266,2.40095568404655,-0.253284461792029,1.7704085097617,0.306636027188334
-0.327024465500759,0.0768552079872834,0.60704093517079,0.315678327346689,-0.65766658937282,2.13045510314432,0.710905844088039,-0.178909806427417,0.740790532472035,0.207240927967976
-0.524628111565067,-0.586517283849789,-0.722441042829624,0.579505896732077,-0.186831848261114,0.375043305263443,0.768542406714365,1.31354930452815,-0.301802428458402,-0.680805206673694
1.09914230105818,-0.815934284281776,0.0573977923374987,0.141901543934711,0.590526311253534,-0.802198049891594,-1.09865481388527,0.867498540584671,-2.19625261205623,1.33315891554574
-0.284608197690271,1.15649922364924,2.13615094119313,-0.70874345797611,1.95725681146935,-2.21431010855724,-1.32199666417012,-1.65559128188345,-2.72068673733846,2.5279310666139
-0.647978878483793,-2.34060896661109,0.85296537718529,-1.31408213238121,-0.349082041371614,0.889305253309117,2.13886074240217,-1.87736985418427,-0.344548015068908,1.52436397594586
0.355524137649878,0.403440840740962,-1.4349081417133,0.187577041053413,-1.2932945332091,1.36431112634496,-0.882608177559454,1.6111200396595,-0.161021737702329,-1.54841054132141
-1.22631288796156,0.531150276217834,0.486262108636658,-1.1774927155464,0.669220480321625,-0.643974392868198,0.512895213696415,-0.374906479676987,0.27036691673102,0.120148914209719
-1.00928790114739,0.656403631354453,0.425139978735118,-1.28804721620719,0.22932594287171,0.190905515507584,0.815863702290012,-0.164971858624723,0.640527438078701,0.692998966966483
0.520421070102063,1.35946725070921,-1.03601878386411,-0.793289314595652,-1.20656957712152,0.61130584335079,-1.8705253850324,0.501777045253985,-0.528978821360078,-0.0665274862811141
-0.741349487809726,1.6121073271587,0.517199519714108,-1.1802607517009,0.503565841680744,-1.17426731387276,-1.34777777528279,0.424958712787654,-0.629415214201852,-1.89409980670541
0.104492117588915,-0.196695986347801,1.36104408223147,-0.883353200154273,-0.286075402163101,-1.58345046272873,0.0566979589128265,-0.942691577297841,0.336981929734403,2.47966849963776
0.7745504130882,-1.54027248312552,0.118173252654413,0.324204138515291,-0.775637044034807,0.739270624080465,0.22758719021221,0.241176890556495,-0.808557881337103,-0.411944977105481
-1.27436053440058,-2.07061742990839,0.564888129467506,1.01372899205255,1.52204953105548,-0.81001687582179,1.95063276398639,-0.446919277489376,-0.436763693758599,0.868010473461399
-0.0192325416635537,-1.21445556303673,-1.90657431386717,1.32868590748882,-0.232016072193423,0.00915573080602118,0.423300424648771,1.60748309058194,-0.431173258164285,0.775612559304759
-0.248034054401517,-0.0495163942986478,-1.00379242961214,1.29846432122398,-1.2720478184105,0.943005250412684,0.181859511433342,-0.116774357447042,-0.34595203414344,-0.541015795529198
0.335760648739625,-0.541239788723758,-0.141312846790829,0.686934971013109,1.11995364943083,-0.184994331144739,0.196280608924152,0.44003428844222,-0.793695406990826,2.26058698104495
-0.220281281535071,-0.332561558670643,-1.51635626088902,-0.175226038487399,-1.18381325060884,1.06267021951477,-0.0245896269711138,0.946131420438222,-0.644098701884909,-1.40419592275723
-0.00336041901029974,-1.12785937227859,2.1317156611042,1.1151164930208,1.45242999728438,-1.57911466103783,0.236093086741193,-2.52099821472566,-1.26182371430455,1.75787193766531
0.132333508882731,-0.974360128651442,-0.774147949964104,1.37072302165585,-0.616369288991294,0.0723128789443145,1.55656435465862,-1.009478863964,0.573517965697553,-1.03548046768549
1.33154445306608,-1.07571019105919,0.56110529164147,0.94649680415365,-0.0847445342213067,0.190883350934928,-0.242056189232244,-0.466113705645699,-1.2094839775024,2.40926465710059
-1.38070435285032,-0.44177680832403,1.03881421925969,0.305030399405531,0.943926551066213,0.453443517763732,1.11296787028054,-0.692537011035045,-1.28481976379188,0.0693278499075837
0.303417245096828,1.59659413683006,1.40111324920691,0.0999379473587086,0.0180571398934882,0.443292247970835,-0.362706282399315,-0.793360491985473,1.37415760278077,0.278363872580437
0.08985518703774,0.978413375298976,-0.169159720635861,0.149292047594987,-0.537736221874927,1.11551915064876,-2.39171811562545,1.23366774893671,-1.25376345207101,1.34798302049138
-1.61453359744529,-2.36360309283948,-0.282398617627771,1.24916584559082,0.053576729286378,-1.51087298280979,2.30382711313999,0.31121017432691,-0.375489385318284,0.444114790681693
-0.538504178086134,-0.127276996879008,0.426702015649635,-1.00744279993882,-0.389974846267781,1.67320777035174,0.190928017804201,-0.41158632987516,0.206581000071992,0.0543197459069574
-0.485693594319929,-0.203670371801375,-0.196472297965514,1.34551409008814,0.601772602993393,-0.914585361666148,0.763427446342847,0.0380522251776213,-0.366316340372599,-1.91054384164522
0.659170410838159,-0.315844842799791,-1.40704957537608,-0.892479608011734,-1.30063123151832,1.95414992732337,-1.09930023451244,1.45470779161422,-0.14864457181778,-0.544455964349462
-0.26031430811167,-0.754386693409894,1.55810319985571,1.3569294438396,1.24616963504708,-2.0702569669758,1.37683082983398,-1.29071810666075,-0.0221873946704257,1.04111783620471
-1.09989700945286,1.21727866384165,-0.171681767017734,1.93010232172782,0.153589126945413,-0.975811750374074,0.142531425512513,1.37515362298081,1.1731236027776,-0.42318437231391
-1.56097758870156,-0.386595954137902,0.532468312786558,0.170808236586643,0.680951308697744,-0.338665604413114,3.31066167380749,-2.60204674513472,1.64405005389846,1.02373251827499
-0.285769026195405,-0.719774990184809,1.35643281328437,0.373018482905522,1.30411133554989,-1.95565606258982,-0.152482604471806,-0.00946066768084691,-1.10071363381545,1.99420332346614
1.32197379362476,1.93881114632928,-1.68340799782846,1.30737291861953,0.561756417405603,-0.448708510182876,-2.47629481534914,2.70228600286646,-1.11013973076555,-4.67571209263143
-0.394960131346434,1.57447804048836,-1.54033957857669,1.71118143356542,-0.450799168335999,0.312325178923453,0.10077468743464,0.908975108013579,2.46547414592231,-2.20361680206309
0.556776073176543,0.670399494233743,0.844894307090548,-0.217866641710068,-0.281433633857116,-0.00512969764874756,-0.750035542151154,0.195177065544134,-0.413860242902153,0.517677596512067
-0.870563475102387,-0.706646125836982,0.666223800259306,0.225744554627954,1.07588531105027,-0.298173060594316,1.1862223280601,-1.13137082885324,0.535684671127982,1.91771883740651
-0.810075879429878,1.99497067090595,-0.87915925510418,-1.84655548787911,-0.818891298007439,0.0760883886872585,-0.0341841193312107,1.84948515876142,2.65252273191506,-1.66027886364658
-1.35302540703811,1.55959958288062,0.773303129083148,-0.263572019536205,-0.34088971490189,-0.420288399511668,0.655938675466602,0.432936216859017,0.555831174262185,0.767308342293078
-0.346439207394457,0.510656923531107,0.563804882623566,1.44374097720735,0.381113067778682,-0.635512532315482,-0.77774580917867,0.723460913248601,-0.160555749138814,1.65830454846933
-0.570734987726966,1.31410525811721,1.11516063179538,-1.33869564632693,-0.897376439640974,1.49208043935996,-0.321458419929253,-0.709070695871896,0.706797264349633,1.40078535768513
1.43855800919449,-0.14335355081037,1.19386923114631,0.321445253329133,1.55486936160349,-1.67458055290191,-1.0421659306704,-0.46486047693707,-1.86384732311354,1.25392116254661
0.0620436760350903,1.47220793478984,0.157176146997025,1.60905966643228,0.106698800287524,-0.171410966757132,0.0393162030628004,0.180161225160391,0.72057738352698,0.356900577689518
0.338650089064923,-1.28205899366107,-0.367772185752713,1.30067819955077,1.23008611950358,-1.69132343615506,0.418962993980803,-0.751256780034915,-1.58351672336709,2.16855990307547
-0.556369167159844,1.12624853162377,-1.53890204968638,0.703991232760606,0.26154913728617,0.709180717084221,0.478464029145138,0.577424965293358,1.63314806387993,-1.85429606069668
-0.420508709800431,0.965777162862469,0.228185393953306,-0.395241958609761,0.410451760253276,-0.820843126547434,0.344426714806273,-0.101903424871609,1.23816302756107,0.32286511044278
0.373252500810439,0.043373344061392,-1.50356078717374,-2.02852336736757,-1.13804420722801,0.535226784049076,-0.264038074593011,0.841717681893641,0.70111374383782,-0.890412721639139
-1.23595736658024,-1.15946787487396,-1.61103557782791,-0.179856165859662,-0.829763563020965,0.950199551986433,2.71860788084635,0.0831179599683601,3.74151131992067,0.32355839711315
1.47635382118775,0.220359225451445,1.24829207000633,0.230121366309939,0.628139618645627,-0.928698650854778,-3.02809004195842,-0.82582611336662,-2.69984118945269,0.766596678301029
-0.182378261174172,1.80919453471633,0.627169727726495,0.237917865009163,0.295921092368012,-0.506196072182812,-1.33909018991604,0.332256918573543,0.465747506784957,-1.36653235182219
0.356354921133743,-0.275899223105789,1.70510677997433,-1.28038236537889,2.02758274751102,-1.4981715659905,1.0329528868537,-3.88180291166666,-1.67567135410959,1.17460403172215
-1.37111608356974,-1.23326116239578,0.872524875051383,-0.645578430544701,0.0562888942182836,-0.32664860702908,2.14562654439082,-3.47598525822337,0.592938117264743,2.15685123618499
-0.099259510795138,-0.15669954767975,2.13197950232663,-0.289737819685608,2.07947036518354,-0.916975032695616,0.347169116358382,-0.669594104071957,-2.71673776871934,2.75429868506042
-0.200225383526762,-2.7195698693138,2.02144626251548,0.570964651481205,1.56727023910984,-1.34820105125144,0.994873818518143,-2.15392938887811,-2.752973537631,3.66211229748965
0.144675022771107,3.9872236936865,-1.36575118478751,-1.13091777871187,-1.37250366744543,1.74587422928341,-1.5046426949304,2.86894240538891,1.19558133272516,-4.55419964843081
-0.160583581584321,-1.64849635316493,-1.7251317927008,1.2923117509471,-0.767752269875313,0.845191580070648,0.220905919631568,0.948192391418276,-1.22699877517116,0.159039455166725
-0.0582582286062593,0.945786484382127,0.0171420737202775,0.974714329463894,1.31064518623546,0.666778611969441,-0.832586500919523,0.980806616176504,-0.354554560937386,0.249212733863609
-0.900943802001773,-0.403265930834183,0.183360620532952,0.339295115603864,0.82513907327434,-0.303769785321995,1.13764584216846,-0.774981524848713,0.680158835199915,1.70062748626001
0.0749227384036863,-2.26329613642425,-1.53331998828677,0.0252507453365199,-1.35354261744705,2.7927981874908,1.26323599561716,-1.14791979131489,0.671195762132329,-0.874935939701998
-1.07416997848141,-0.330400838866114,1.60321670694167,-0.293652402154489,0.991093820820469,-2.07598843416554,1.97015906267137,-2.85024669517972,1.11183642412615,1.13539552931071
-0.446639682485727,-1.44441091164393,-0.646836834437807,-0.40841219725899,-0.28783936769002,-0.357731754075649,1.59575841728961,-1.1617962547636,-0.203576197777696,0.70002850141875
0.153096039159544,-1.23809580998317,1.26689823793801,-0.697746945333404,-0.211718787686914,0.238809449420347,0.531992021431308,-2.397835117655,-1.74114754716557,0.564413102935162
0.771846441188701,0.590854289257543,-1.31761746377353,0.554213400103119,0.442127272309149,-0.78154661395033,-2.02581777539194,2.32254524205709,-0.98605800853235,-1.41933744601826
-0.429689110239838,-2.78426514303377,0.145025548510436,0.641393388160018,0.626539735876353,-0.845576846586243,2.19699048156813,-0.408074194862363,-0.156944842954642,1.06818284854648
-0.804919822436231,-1.33542615854377,0.0286850846229269,1.02877090511518,-0.046129491938476,0.111781255870077,0.802086272113014,0.924543622393285,-0.849353230935874,1.4061392964971
-1.03578182666623,-2.95083615747309,1.08927943857697,-0.8044040870133,0.573964760673722,-0.573200268644683,2.8819530020469,-1.19022263766938,-0.0278741110976357,1.84847412265977
-0.705490306438657,-0.379194066479371,-0.516494402004306,-0.93424080263669,-0.692138994535426,0.620063053161888,1.58698786263479,0.635591800011913,1.30860563385513,-1.57983891977445
0.337334490036804,0.274793103387398,-0.842327929749313,0.71068800665227,0.0240875488523785,-0.583869843028452,-0.442335923078134,0.53641562971686,0.738997729310811,-0.424217718576947
-0.194760041767255,1.63494723433091,-0.759687243085421,-1.18494139558,-1.29181273825128,2.05815440409939,0.583965294658228,0.548224717529591,4.30299193465243,-2.17839734104436
0.232292626051082,-0.726410350827901,0.477982591952656,0.915943181622735,-0.238495454785671,0.139569328632052,-0.47147675376891,-0.411848378143995,0.155045297115783,1.45891314979063
-1.07913739215957,-0.537991070386285,-0.484154615873837,0.171931818234428,-0.00742214885504063,-0.51308837494624,1.4063126981514,-0.471352305903777,-0.321624715255031,0.0828296095569939
-0.0995044603121527,-0.662003583707353,1.17826001646337,0.785156978915177,-0.520679837370418,-0.379237684301438,0.440285288417341,-1.97759941954187,-0.311780752337223,0.149544558625436
1.3246830967038,-1.91956124855438,-0.478439423738312,0.0983873628895099,-0.286801129259263,1.71343122151009,-0.257488206594372,-2.12466269366356,-2.08184327458679,0.187026392837753
-0.145508898202025,1.2189346629723,-0.231362883193817,-2.17878125308651,-0.79158007253526,1.25629943826228,-0.618702177063728,1.65902152149573,0.436005302557071,-2.01858798937423
-0.178695168070512,0.730236992378753,1.06732232795245,0.528017715931306,-0.85095262020704,0.443941176092905,-0.496018877610492,-0.650814712742157,-0.0121441333085557,1.56926120023979
0.161041818489542,-0.58755883634442,0.140370935372945,-0.246736792756495,0.563221738227838,0.0137918710575488,-0.240427152736392,-0.736546113382217,-1.57070654121838,0.22206195862888
0.334488047567045,0.285605739423067,0.699237097062998,-1.77298378284804,0.513920021899509,-0.754241257162195,-0.813615478053316,0.940118046431255,-0.419345859763573,0.607625915572495
0.317298413180458,-2.63942522062195,0.434009499087499,-0.592737677503064,1.32652286602158,-1.09654316240998,1.07238389239499,-0.391492974763578,-1.6745231753026,1.26280343888137
-0.361672013894631,-1.12250151988364,0.516326589780856,2.5487244611266,-0.475245479756199,0.660406371134679,0.952648723782003,-1.40504732079522,0.0639397328015873,1.41076127842793
-0.291697057678762,-0.391252016895759,0.69098549428461,-1.41695612980945,0.628898643322578,-0.191613855582418,-0.76665947845684,1.14839954982123,-1.17965396806159,1.91065713933573
-0.0782602724563276,0.335614067957112,-0.349447522582771,-0.565129614344582,-1.21830140702304,0.690729932480802,-0.821146425342725,1.88055030782924,-0.215661864720005,-1.39846455091503
0.760671233716205,0.673492216471205,-0.641249344553329,-0.51502628419474,-0.487230931813726,-0.46250620134417,-0.40267180031637,0.272590276592634,0.334587904449834,-1.06562108881712
0.820978434600077,-0.601695300332166,-1.09082015212334,-0.0341043330541163,0.562615832440574,-0.979020136977832,-1.05138522355643,0.582050597047552,-1.73765647905462,0.249120914502563
-0.947197702004516,2.03657988412153,-2.56411456351879,-0.00965189485482873,-1.57073694460745,1.02213255236729,0.0188015332192181,2.5978010949978,2.93746491814039,-2.52412554920992
-0.114132681033233,0.655825746602337,-0.111113329543961,-0.470734359588441,0.121130076667846,0.362449945350194,-0.0405308594423195,1.66969553522069,-0.26231858748506,0.524480107556224
0.844689473755993,-1.52170106171734,-1.72105323387141,-1.33530070196704,0.494651348211024,0.250901603627643,-0.62940262623953,2.82201921749795,-0.487905388469914,0.0825152658141596
-0.602697530010287,-2.47467258407553,-1.09036597121765,-1.10894679224167,-2.40288441437767,2.28274995198841,2.39765389634294,-0.676838724019899,1.85375335413258,-0.763355117334685
1.11507963992659,2.38069715805659,1.4231590385059,-0.564813481549114,0.864943745977808,0.397053531370305,-2.2514153145546,0.271280635520591,-0.2438191183574,0.158769107727978
-0.838395076639126,1.28356513712461,-0.497378636019067,0.349294763238691,-1.01658757759079,0.0835742896842228,-0.226241079689573,0.976731169792712,1.83204516346352,0.79343345939947
-0.962241024543308,1.18306368252443,0.106105868796561,1.18939974103222,0.57683802405009,-0.486500489315327,-0.960600931226758,0.78334345992418,-0.39226514047525,-0.925765972238533
-0.302040195354088,-2.02272100955655,0.286894670628868,0.46325229859994,1.61864059591408,-0.90744919357384,-0.0831903235034686,-0.0288902743331149,-2.38606800649586,0.439603407169298
-0.270953745121267,1.53097072879242,0.977488715726735,0.86166958722298,-0.557505076661728,0.875984639408565,-1.70334736918407,0.41871045607668,0.0523765357973504,-0.480606241955785
0.940169736728566,-0.288868779612682,-0.393825687712804,-2.14504602903692,0.0686638905278373,0.583681773684669,0.304003509301075,-0.562707907652583,0.236201918250714,-1.92701595582317
-0.127833924742934,0.91060618841959,0.20157421299892,-1.59115566883432,-0.330549086425266,0.677334822870798,0.447993734841885,-0.859171954566124,0.571929579099062,-0.914699671394121
-0.363943183285872,1.92019367578923,-1.10002008900031,0.741895712781655,-0.29744778256674,-0.417058257199156,-2.22782505059164,3.50389938988948,-0.446216814380343,-3.72716195674045
-0.513889158801831,2.09546086312842,1.19175547593533,-0.204988785842356,0.502409418781078,-0.0444749467163507,0.387490923436423,0.935292581487179,0.74311881496178,-1.0130227530768
-0.143316530837723,-0.558479197301775,0.0132355730775877,0.687540934883312,-0.957725684840312,0.969123715592925,0.426439802280007,-0.469436692888371,1.42852805038715,0.111121647538021
0.288460154205576,-0.412160138688781,-0.68492475707601,-0.81777779766466,-0.423801761348955,-0.0250778771357202,-0.754606160612975,1.32054231419669,-0.324564188663186,0.422625794966852
0.322135695701622,-1.08398480655519,0.909100334331686,-0.549832833272611,0.924238333484992,-0.157318935245184,-0.421230554361509,-0.588174036884267,-1.63887157748511,1.5746386684269
0.558351674127744,0.622683613704782,1.24595462731027,0.775804534689802,-1.25652771014536,0.717124244546303,-1.17093735786814,-0.560356038332465,-0.867818830135416,-0.842020681322088
0.143930123993763,-0.181932984571306,0.434714912784561,1.37916879309199,1.63147724244483,-0.24964979002769,-0.127524415263718,-1.44878693948661,-1.03276645198895,-1.56564371429196
-1.017912430908,0.882087383587306,-1.60621923208337,-0.846012021464501,-0.942463891530942,0.970398414203654,0.402543997061763,1.24158096362872,1.8194335963326,-2.67828228861107
0.475287369804155,-1.09291054693502,-0.997989098410109,-0.954747472816039,0.394432020401505,-0.395847081806133,1.01789039168242,-0.180980106061118,-0.789948439789975,0.822475386594524
-0.329510360746019,1.02339059768495,-0.480508159337658,-0.905653682797539,-0.333623930811092,0.115520569108904,-0.151361373458948,1.82689587845239,1.74043685109724,0.252979149099814
-1.28379934599808,-0.325956823761763,0.573736319665979,2.37365103153634,0.552072000602403,-2.08687162883269,1.27427641556465,-0.296425974484593,0.79260772503199,1.52538908563787
-1.01112474222806,1.16543600988449,-1.74366415539107,-0.0365562925706236,-0.221157827204892,0.430135868411736,0.321526946571458,1.70804717786382,1.54254914449607,-2.53452912422036
0.796512442601742,0.742481450361856,0.557826813428134,0.146935214823783,2.06644890040418,-0.592117612297765,-2.29408572118721,1.86335068472869,-3.00087062453803,-1.23576888249492
-0.00127057613974701,-0.801724645335397,-1.45566266794046,0.177379406496623,-0.681498050281169,1.51915712935257,-1.14067609763021,2.7772824397159,-0.531677111053619,-0.962396747787702
0.414060757798862,-0.158250774853581,0.802689359029169,0.0362385183469364,-0.43886303832323,-1.13679747961432,-1.34942210616844,-0.724336934648077,-0.951330166334721,0.587594684963466
-1.4261928946978,1.13319437886814,-0.216048041838058,-1.1910950268184,0.220790846254428,0.297725084967972,1.54583052011071,-0.47538880798884,1.7525664519296,-1.30060583960951
0.419013459430808,-0.274084983007155,-1.05930886980647,-0.219845761683679,-1.83838181074566,0.182783512820677,-1.385313807366,2.56867871715967,-0.695342627792208,-0.0729019037018541
-0.778114764881867,-1.30985976990847,0.0774088503916866,1.05429805032658,-0.594045342700542,1.55030681458427,1.5947076162101,-1.0922280709393,-0.768659388600359,2.54912918928766
-0.140825558985804,-1.09525890538366,1.59171578021714,0.505780557700141,0.164812616637703,0.45186111928267,0.63122553732625,-1.39935830366704,-1.04666065402162,2.19861741226026
-0.412359930072453,-1.06372756212783,-0.0476448446048742,0.573587098541425,0.489171972208219,-0.136548980028957,0.111918924477578,1.34757963539953,-0.553717114761864,0.906066875097469
-1.78323159559527,-1.05676355812928,-0.692023781672634,1.48590109924532,-0.766485310717125,1.6106388989166,1.28167106511041,1.53434754198069,0.212636151631557,1.36626709288196
1.72952167186673,-0.420603481945309,-0.921026946542316,-0.437202975326253,-0.794638480925539,1.1967183301441,-1.80322695687289,-0.838355332953053,-1.18802571870874,-0.441381928811815
0.200774535312988,-0.240617476746717,0.00409022620916041,-0.206324843374926,-0.0668057554632872,-0.235253375772931,0.00755426767855774,0.353428129645324,-0.0363190080403171,-0.57397316298351
-0.407255928200745,-0.322160479073784,-0.798835461131532,0.147295157321151,-0.233398936953886,-0.370749333109946,1.34675798340373,-0.561267056752972,1.28797828688868,0.683656143051745
-0.0954416380812701,0.701654228495473,-0.638770957755847,0.21929953423156,0.0636114165676317,-1.18198653599604,-0.702114398355044,1.06119315699605,-0.767309608983455,0.319992432511733
-0.551317229373101,0.156626707479818,-0.595899167901419,-1.19171163860879,-0.69269480106219,0.437651641671105,-0.432298952841445,-0.25271581364611,-0.838379365814178,-1.55401055539753
-0.325378029309753,0.324363115709385,-1.19160958548949,0.433632538345785,-1.02389801776709,0.302697276609614,0.694257427759386,0.87681875844764,1.93029718118547,-1.99229819840879
1.14341832179207,2.14320688361184,0.366089125072094,0.776853097258479,0.378350577661308,-0.769229821549606,-2.78596973885825,1.26012665311638,-0.353955038065273,-0.0120582251231881
-0.00261480269928009,0.557626815691593,-1.53222939226093,1.96677147903283,-1.22710488893222,0.810659566638484,0.678722910856086,0.341608268492334,1.76911070208362,-2.68193580721386
0.125185035965079,0.875648227793437,0.119827409861128,0.191098419799142,0.241272562757371,0.837320820009035,0.108384960034692,-1.68812575807052,0.86365828514812,0.958893505090883
0.0643595746575873,-1.45357732032936,-0.417382585039883,-0.82156442801979,-0.694418326545458,0.563927746620536,0.594286129495571,0.0928215360334457,-0.139184794383923,-0.0498970674347575
0.895023618902834,-0.246312509513436,1.65142440804853,0.442874167792923,1.5431148971509,-0.304048313444873,0.0321394266537853,-0.88281079757972,-0.966480606752846,-0.138847404924514
0.349557288379337,0.522920419640036,-2.16121544267018,1.34833164354913,-0.81521636045814,0.86742381330626,-1.05787468511339,2.63159111106918,0.349019000511633,-2.88032692751961
0.749968308753795,-0.790344869430344,0.373738920254049,-0.353801641868194,1.97733299188836,-0.850721592031134,0.771269943975064,-1.32180021445831,-1.10860707220701,-0.755813430645575
-0.0400332101369621,-0.227218804237075,0.214921275364432,-0.452597667918167,0.169951919227971,-0.792456383752737,-0.202843233540846,-1.05053254369571,-1.28370373528918,0.174421338699959
-0.793023218419108,-0.777643595792361,-0.122481962200939,-0.491925777669247,0.530594917745516,0.15581862301807,1.91004603378758,0.316212931991475,0.723477053091131,0.111625624467015
-1.07663440180988,-1.6716573485008,1.52067697604522,1.87208095704407,0.941729410596845,-0.369831549364409,3.00617701487054,-2.20793518029895,1.85105744166235,2.5728650748667
1.36284130331647,2.1583985813793,-0.208093505498685,-1.02064580177586,0.0741289235828303,-0.170065856581546,-1.65682514916458,0.527745269794147,-0.299075752442841,-1.83236274474767
-0.475851648284617,-1.96925503737296,-0.691429018286149,0.912675707584867,-1.57124261041382,0.076900757711752,0.643872029763589,0.769905964445011,0.107930981264943,-0.139138409367577
0.027107725969043,-0.337482217661574,0.252611760680276,-1.22594282385659,-0.860870082505225,0.69033235950701,-0.543188516344466,0.419397851635042,0.0493451559944257,0.11697533501058
-1.02557817315467,-0.4759203653199,-1.35240514963103,-1.56356282119775,0.88876885204727,-1.25555135938191,-0.436164330355334,1.73743466680243,-0.359014211091748,1.4902869027342
0.146278399187399,0.461837983803218,0.148436351565937,0.722000792344304,-0.979437739054638,0.600588089446731,-0.0437566269096563,-1.01140882896579,0.830275364990898,-1.80426521145668
-0.34549794304954,-1.12794300417682,2.38159175425845,0.149792465824979,0.704731767807607,-0.19484538948614,2.82469675078607,-5.26977065196001,0.748690611494644,1.21631165752528
0.47027343680467,0.748614610902302,-1.2153442506657,-0.00321683992273971,-0.956455527983491,1.22189789082706,-0.154288045873214,1.45787164163025,3.20557660830768,-3.51304937242649
-0.44791820879155,0.430729979181299,-0.580065180472763,0.0135351852405824,0.280551191610758,-0.782386164724935,-0.0141570859692785,2.40084070707976,-0.477210156778775,-1.97456508068632
-0.894879154572577,-1.01536219519855,0.296768278399378,0.84007382766802,0.887941401092091,-0.335655333954018,-0.154616008849301,0.802175416037502,-1.87404890945316,-0.705568923578993
0.49981884885439,0.48941919802622,1.37562325933505,0.173136210286809,0.694860980931194,-0.600420749339742,-1.41861528968104,0.284380679302868,-0.949417952085383,-0.910987202240125
-0.355315243167115,0.778459719821763,-1.47870145562639,1.86205874615002,-1.4756625846389,1.80883640673921,0.607106448560754,1.3394048512693,1.51306293225231,-2.29726184648719
-1.11638520537814,1.2451958227479,0.661226532822054,-0.332524785278401,0.72097251366934,-0.490918023803074,0.567492908060108,-0.0728973930206953,1.50481072554772,0.217342958950511
-0.0144113323352808,-0.760798892414206,-0.517713474788261,-0.0596235316353113,-1.13401814480556,1.14755845198999,0.59563918809237,0.284385963859001,0.528316393205102,0.0312123988710048
0.513615198504016,0.385342980463458,-0.65629173679598,-0.863073596197126,-0.364688339579104,0.296641213888391,-1.30314857317117,1.44776454426684,-0.961763148696062,-1.13686073333412
0.193106383411125,-0.351864703434143,-0.830516952647713,1.04771484251478,1.21286549387933,-1.20679630537867,-0.804736149682301,0.550189998848639,-1.34195873811593,-2.58465260982673
-0.873091905908297,-0.557033266717327,0.40317436888447,0.353763640687965,1.21327350490839,0.429457405235653,1.92345819979907,-0.590846201185066,1.35534437347989,0.139950607453296
0.0124334610463179,0.919040904458526,1.51402910516104,-0.705866853901376,0.451506611048549,-1.50024762224903,0.144091676704914,-1.91582306728395,0.36529023669825,1.47061415905227
1.00221899000543,0.783099243936859,-2.37794074092207,-1.56527030908464,-0.483690164986122,1.64962531537847,-1.52795989370744,2.94806320036851,0.0498069161799239,-2.18687335372575
-0.172082876801617,0.404041219138304,0.852090092103217,-0.815952019260746,0.0382967983628655,-1.88176335358514,0.164298477067535,-2.22208823955242,0.994701272342135,1.28039111541629
-0.999233693012908,-0.719759877212289,-1.15486984893675,-1.09919624994522,-0.722077970328692,0.770734490531666,1.29656667472956,1.86823906545093,2.62036787336587,-0.985255105491257
-0.558184607221426,0.26123128303929,-0.73577740896573,-1.87757387156998,-0.104691957009987,-0.674253441998283,-0.0614953254115785,2.21742794311119,-0.803930746484668,0.0570989464895557
0.350394413843121,-1.70520871325293,-0.0164809592665058,-0.647452115914077,-0.31731915277351,0.0590348153194451,1.1491935245497,-0.629585048702348,-0.665558641525674,0.162594891423305
0.236675179956842,0.97886125261939,1.08926572164795,-0.749289677318843,0.127529459246677,0.929371443083282,-1.60386942487821,0.557817232684498,-0.157946175732598,0.738393602569103
0.150341477991586,-0.448730034040941,0.520888722331165,-1.54474140716024,0.122819202249415,-0.321833163733584,1.25993622491828,-2.28604745697352,0.546628224957105,1.57206348557098
-0.676095254663784,-0.0754147803850359,-2.52965369801921,-0.329418965955598,-1.99954930731206,1.35402760141728,-0.554424817079152,2.89763245875026,1.04697130298188,-2.96458874109429
0.760106283358058,-0.57494469797411,-1.23640212313922,0.533133723883582,-0.214837951577676,-1.26631447906553,0.244851251895433,0.23939018464816,0.122828068249422,-0.195716754398337
0.446165027388981,0.452610166430223,-1.27312967747209,0.637795639626403,-0.24690032131951,-1.17016325099334,0.249392146913817,0.208460128421823,0.825333386314961,-1.65335902861564
-0.0436858973440254,-0.356720058383805,-0.555919722565058,0.333788825970217,-0.669132974091141,0.677664481584065,0.692519033047347,-0.826651690704611,1.09598098423548,-0.495818806887107
-1.23690156269437,-1.04292241475837,0.691991388991113,-1.83155469981547,1.45462088894029,-2.5678176669071,0.377622628192985,0.11393050065485,-1.42036930920505,0.736042434878201
-0.28350851354882,0.706513575578503,-0.161056777185502,-0.989430957324539,-0.572003214016833,0.625194182698771,0.73516073985786,0.260488920848801,1.41304808934297,-0.0167873613357523
-1.2623645568609,1.76280128547638,1.40614680413689,0.124893541659433,0.396342350289053,0.782112691482047,-0.431726388855288,0.846263190191882,0.885604849315043,2.45332024620942
-0.502247440284315,-1.57539460133,0.248655377007055,-0.349933857890592,-0.733381638230272,0.968796241367734,1.87197220844173,-1.46740181014258,0.253252219125784,0.201144770997322
0.345228714813556,0.199862066824769,-0.594888845323804,-0.349757126786284,-1.03520106632229,0.105696111933417,-0.367302709509204,-0.0282035869128156,1.33278681907856,-1.9333766186662
-0.449785873218649,-0.453220744892707,-0.322840355511233,2.08610421835038,1.74076554415318,-1.56548682932204,0.702008546630951,1.69077659545529,0.0119417470374471,0.737409597422779
-0.767355414458873,-1.85564206078112,0.669489843940877,0.563606472161338,0.171367605686066,0.670099631375028,2.04387953876815,-1.84448214383334,0.683610294884571,0.895667388884521
0.269799912448223,0.128233992041499,-0.0874626889688477,-1.03501929194455,-0.882504774586933,0.770966685747122,-0.409988881504334,1.3904958618043,0.379210866928954,-0.0062005693591549
-0.345641682900869,0.932829597465475,-0.820062020617257,-0.579175829955544,-1.23502671791033,0.879050698930142,0.844307184588221,1.28157980501948,3.1198705879819,-0.231421268098802
0.887345664340214,0.053154151872703,-0.54654391335667,0.326588457242621,-0.223370220879466,0.0785655919760167,-1.30683755372652,-0.229958814441981,0.831684428806465,-2.54634609999622
0.511800984198756,0.763208763277892,2.20548756333671,-1.96096494523239,2.05999303020124,-0.744245845884047,-0.239988648451856,-0.403292662095023,-0.746844879719813,1.09715477011852
-0.43166247623044,0.97404278054021,-0.773914134156986,0.436677871057762,-0.883238540042822,0.885476274558857,1.11800427839255,0.336632922410202,2.63252300218303,-2.03507059890336
-0.0562002982194452,-0.224516470314496,-1.24947183326436,-0.646051736636846,0.300702390418174,0.0613786303622096,0.713623974929844,1.22820289488099,0.683261089708146,-1.25040887173483
-0.306062525242944,-1.30637753796643,-0.458161948281598,-1.23901575924793,0.621294753401363,-0.700078668726912,0.995115463388914,-1.23346023737157,-0.710437212138315,0.966510740615313
1.05553354779962,-0.498159186655447,0.485428349915345,0.184638197898068,-0.578293540727088,1.1079253007836,0.262584979104452,-1.50305735825814,-0.15160647870289,0.827356414648792
-0.770957116295698,-1.40492226633859,0.901030333395956,-0.684670120773829,0.11816993311037,-1.19273770718226,1.69728046935256,-1.3558280031913,1.09469860015969,0.552316513131971
0.550616718531792,-0.940618875189202,-2.11323899589412,-0.0597908964222588,-1.09068159113238,0.7025970141851,0.122772384426638,1.62696068466203,-0.319076478600711,-1.21715366252338
-1.05758203774315,-1.63529593766478,-0.6314404797167,-1.3017761408758,-0.317527489112865,0.746671450956204,1.73004902499555,0.162308479286977,0.923935904517104,1.24479497046382
0.0274044952877005,2.0757475157294,0.513619895883741,1.1181295842755,-0.0551691789829487,-0.266395810684142,-0.985200816518696,0.172066252875568,0.395426494934816,-1.67163504206856
-0.109762638249222,1.82949715463208,-0.317388488711819,0.26468675177088,-0.603442222518558,2.12892895063715,-0.597511050922922,0.962937971316338,1.4271584909179,-0.644592372537563
-0.908655119446641,1.58783649962961,-0.22753211332985,1.07191755653559,0.462440443360416,-0.565918227444992,0.433620486143166,1.54337394810225,0.997155890761209,-2.68985053454988
0.654096339579454,-2.00528281391477,1.400641813376,-0.254458293748342,0.234397045287873,0.735164350647284,0.0961479567303701,-1.62440676010628,-0.264447719604568,3.28484688956319
0.524874968704448,0.810492044102065,-0.297099726809232,0.870932406455393,1.06678603951074,-1.22159783795588,-1.60097448238767,1.50822669001326,-1.81440541942777,-1.85311081331029
-0.411973031479528,0.0902603454056247,1.89000966325781,0.395755718701276,1.74938319447677,-1.46529244744135,1.44854682989934,-2.46922871129276,0.386819315196126,1.88256243318998
-0.0754001132068749,1.24026849529105,0.501585151825301,0.723886592560412,0.653409037066112,-0.938026451806491,-2.04788713403888,2.5385075479835,0.0174164149440282,-0.871451290352826
0.292591190921008,1.15775943166304,1.69969476089282,-0.134206162332887,0.438657272339716,0.57497766023164,-1.59562832218447,-0.271024391895947,-0.398887081858313,0.517627851121781
0.289809440025952,-0.727695571045454,1.57260540734103,-0.0588940560000559,0.379984647934049,-0.604414807044128,-0.346955327056242,-2.32812045702723,-0.783888577869636,3.49734380177234
0.868664544173907,-1.18803519948832,-0.144278819662423,-0.144685230924967,-0.40002120489547,0.649223248702495,0.380640763199256,-0.426999353467368,-0.759173740372133,-0.30712597336153
-0.969529251276221,-0.388385088262042,-0.122210644290042,1.20734651009798,-0.272583277149253,0.17028274461778,0.565976646177537,0.342685339443889,-0.803427178148539,-0.192455005280583
0.806903012939293,-1.23549098362144,-0.586785314686014,0.644277094266921,-0.419008010142525,0.437020950467145,-0.0376149669074466,0.177196685426925,0.179708672842322,0.660876698869101
-0.23469635513685,0.577957916596576,0.355885630177997,-1.55701154817347,0.645025083547413,-0.840377330632234,-0.330568477760788,-0.282540259996779,-0.824248469606834,0.467360050272452
-0.735583008278679,-0.386289737913894,-0.184755049833972,-1.61983408974341,0.128237599445044,-0.0218478513883606,1.73335474791152,0.867950181013162,1.89859403522804,0.649075186743306
0.255602218170046,-3.08057565184379,0.897540340948115,-1.52530301457889,-0.100448682776415,-0.247706800324636,1.71961184404935,-2.59509337015471,-1.79753910264046,2.99176328643024
-0.46320032291712,1.1636544397678,-1.07328251001872,-1.2062501525131,-1.41799748990635,1.39194863179997,0.974565822212893,-0.556087784556384,2.2823933398831,-1.6801011032238
-0.130953297685021,0.966039500745745,-1.83486979115127,-0.606531873587197,-1.12685533588488,1.02891002538666,-0.80777936872912,1.89811601805156,0.61449588832409,-3.76706709338491
-0.924115321820302,1.53003530197084,-2.43136449736615,0.170385199578071,-2.40918963173439,2.66084317304085,0.00512267276756961,3.5317570626309,3.08698180704147,-5.24362730254955
-0.0605231225744433,-0.574690686343136,1.51443250832754,1.22786048137366,1.30472452933761,-0.792563194633548,-0.178628463649819,-0.322673619676692,-0.978550607929362,2.41391201656599
-0.662104945005785,-1.54188319195442,-1.52676399379315,0.323140660757693,-0.397672852563635,0.243172664412928,1.41165506979157,1.44938471206266,0.124472129462945,0.778602988966435
-1.24470134430427,-0.0826680261060638,1.13649776782326,0.120557811136855,0.0159170275805049,0.452607017520123,1.40801499852589,-0.774735606706512,0.531516036692847,2.50782695419844
-0.337513487377623,0.221471707722104,0.174733071626578,-0.198827588911112,1.82572318201802,-1.75153629630119,-0.269382712503945,1.24225125099061,-0.478960916238655,0.003678843263632
0.0830718161991668,1.88687728639641,0.353904105209235,-0.537031692381768,-0.494437244123562,1.84384820964517,-1.16252715654423,1.10124182868225,0.409853188020801,0.0724894687849054
0.95406125200198,0.0641838057059614,-0.767785015264046,0.405348350203271,-0.730236756833084,0.177582609892928,-2.36321202423505,1.62080115949204,-1.28135681084484,-1.47030967520663
0.86650779736915,-0.263609370099313,0.75267270752703,1.00468152155228,1.03946267060286,-0.938380788462454,-0.529947181400433,-0.212676364788889,-1.54909110414382,0.241771303618725
-0.453559276502099,0.945622055220454,0.436221888632075,0.563628447822267,-0.846098714672803,1.00995558461172,-0.11726070272377,0.870892269852532,1.15722002212125,-0.281668915855314
-0.398722983780978,0.140185074839578,1.90649240143887,1.88423250240315,-0.127238645861394,0.342238576740701,-1.35342951311262,0.00430332928740447,-1.25849563740072,1.30794146357964
0.248249205662475,-1.83131246875444,-0.807944106951942,0.270220051317496,-1.01241693067498,0.729104780947759,0.65136970069558,0.249669973454969,0.772724201536142,0.335088261160457
0.475675017590039,-1.33571183157032,1.90243370642121,-0.447187374158025,1.09800209395372,-1.17087571741676,1.07862748880931,-2.43336123726716,-0.787682129412859,1.2269478542446
-0.149044301750722,-1.49934422395417,-0.0211685775256957,-1.9901627111408,0.189235160364296,-1.08096235577021,0.177238175672953,1.05898842918006,-1.1163932373744,0.0848456096072369
1.8926282866333,-0.14266733816118,-0.30827634659908,1.36741839517188,0.602578671662727,-1.22062242374152,-0.227335508915983,-0.910533033853551,-1.27927171826584,0.474605331895293
0.257770776092595,-0.442842463701209,0.492638354017432,-0.193628167923218,-0.0127234650153373,-0.299414078138335,0.803847500296718,-1.74709310613758,0.332040346513285,1.07179700794106
-0.680744918976091,2.76673147193566,-1.20715110223042,-1.05314897046645,-1.29138288557823,0.898524799803529,-1.78414175295015,2.54535236573755,1.63137218930441,-4.08479143037827
0.988458818821488,2.51753403976698,-0.646130567274373,-0.153509955605817,-0.443029695628643,1.07461972339038,-0.988741776300711,0.737635284989608,1.47438028620636,-1.50234648112854
0.0324556233782564,0.782794537801329,0.940168509877641,-0.183393365140383,0.176578947742357,0.0598725427753682,-0.282184153577922,-0.897998218280286,0.275583584335225,-1.54430929355676
0.785540838532129,0.171693849701162,-0.0696668856924102,0.105521170913229,-0.232899715620681,0.80050851081551,0.464683839062406,-1.47044602842227,1.73925298606896,1.82536223426096
0.0118821384723612,-0.299088224924827,0.190645563070908,0.178662725646617,0.04911805868541,-0.0364891103048469,-1.4620674013371,0.603780533758888,-1.43678360972963,1.34674494945783
-0.40685685324338,-1.45832691691447,-0.686439777815261,1.27872397226237,0.131265617057643,-0.948725382042454,0.504613423933466,-0.15013519198049,-1.07944169419683,1.36785277072088
-0.35761840158577,-1.37803567811328,1.01659980584255,0.721516711815661,0.276487208925078,-0.686611632385988,0.787128125681126,0.12751642520142,-0.536759094806683,2.9717435007296
-1.14893294137553,-0.0723960583376081,-0.931251790428085,0.523792556333649,-1.01477328915626,0.37531191191838,0.567844302723447,0.464427883416292,1.33623622223737,-1.22065333511926
0.864024088840603,2.5716331313358,-0.548560666673748,-0.36519718085509,-0.25908675109074,0.86898618464353,-2.97702286472212,2.26300370477027,-0.669640587087375,-0.912216407833682
0.146911796189824,0.623646169541274,-1.91971104229956,-0.729419460836429,-0.86693373270522,-0.836858702300873,0.421753928815079,1.42384269429531,1.448467258972,-3.12276210946195
1.20514842330539,-1.00647234889652,-0.421643942739257,-2.47966938806581,0.528072211913977,-0.476421652346717,-1.89432290132736,-0.522614806842499,-2.73967142697561,-0.651390466328623
-0.852145014984903,1.24776618991423,-0.906620729839231,-0.20950159873342,-0.448947231550346,0.371311692360378,0.389563881029475,1.33334184724457,2.36958922311199,-1.61666233118281
-0.136870282699979,1.2544405058354,-1.1837238493552,-1.24969210443548,-1.29588278252225,1.47298246128085,-0.24106086646366,1.27145629633351,2.87930739972545,-4.16519251176981
0.482281051420975,-0.554754245404072,1.05321135250277,0.650888422139626,0.129646604019314,1.36056986730066,0.0173286355505069,-2.11512970375906,0.77270173728606,2.22935445291392
-0.0393042695078956,1.40219894133119,-0.549217130350124,0.489903069701107,0.0197522229071366,0.812414920025886,-1.32029809326907,0.154907949939802,-1.10280411568079,-1.69764948935408
-0.738703196462987,-0.388055191568505,0.281453776347194,-1.62352173458624,0.429666002306813,0.0427191645695232,1.78828656272274,-1.67525484877615,0.203892580506439,0.851076700302635
-0.09627591593002,-1.4777223139977,0.0920706805805904,-0.26560627743229,0.407985366959909,0.0881064897445428,0.202519628490467,-0.57301194271148,-1.27288208367767,1.6397876395458
-0.194766996580752,3.28997316899551,0.873680897885389,-0.370116575299051,0.936402272658733,0.131143529104889,-2.35434987660212,1.71176230908738,0.418710335575084,-0.88285379795631
1.53306837741303,1.8559307303496,-1.59116609153795,-1.09923863416667,-0.0331932420086157,-0.280035696319494,-2.79593519330214,1.97067423684638,-0.0675002498029665,-3.6037201777323
-0.148291634621469,0.469526826974989,0.870859159551489,0.521307012872575,1.52024811374361,-1.39020179480152,-0.432682214142559,-0.860566845809567,-0.729407081480739,-0.0596060347889868
-0.152767951770852,1.09776950349026,-0.58562023536157,1.24323297907427,0.240827912809679,0.0754642285077635,-0.125831864697604,0.112520525435691,0.758898975922333,-0.67434729913524
0.085760250921002,0.390139576092353,-0.224700444352575,-0.352361380122749,0.332772920220626,-0.508987800397539,0.517420697960307,0.652453043426583,0.874542668543613,1.09300029187185
-0.178152590772073,-0.0793636649682743,1.23552326623966,0.727943792313323,1.5334947809114,0.334584096186581,0.420089652232712,-2.01302652324175,-0.937682119738605,1.54520157933157
-1.64847734172688,-2.40526956618416,-0.0196363417844124,-0.747942178824128,-0.987742168406676,1.49821874149683,3.32721872865065,-1.84421294103,0.656384695304115,2.98399264182384
0.648973447160396,-1.0793857972894,0.37215670735527,-1.34028175912851,-1.34233393150194,0.658116295853018,0.497428534781316,-0.341484819816522,0.932364169623284,1.41013617666617
-0.273486767028705,0.396671373694032,-1.63115791431918,-1.45349446346545,-0.229367725946013,1.15715523822264,0.368722782588048,1.32598589128332,0.718187805733623,-2.43336585268076
0.24315526418928,0.0995882122849666,1.27665415039945,0.697222044549523,1.1722906379379,-0.530518622210786,-0.885215862075309,-0.739666370074349,-0.731838949941412,-0.235654648255332
0.138529740375637,1.70838373853544,1.93740978316845,0.150889233899872,1.75729900587727,-1.1563415948944,-1.62763409038089,-0.241086736386973,-0.995507185780785,-0.67668525987428
-0.421429416058071,-0.0144140367015804,-1.96778367411042,-0.142747843385201,-0.363619756668634,0.258017764441538,-0.344261505929182,1.22267746512561,-0.156262873171857,-1.01088564889088
0.968545725769701,0.670338890267686,-1.64761251643536,1.59830199123105,-0.901012132740642,0.942469130723537,-0.537916273502092,0.46084653607581,1.10557050237306,-0.9973297750348
0.179841601861611,-0.591259984733584,-0.856043281609455,-1.38031305166139,0.115317192426028,-1.06456216320033,1.10880379959738,-0.142754163249636,1.07696375584657,-0.118622143328076
-1.16166132370812,-0.921572029491205,2.47787153693761,0.163736252689153,2.45890956601234,-2.15999318207187,0.322212483145226,-2.15381537946025,-3.43703746111575,1.19639536411721
0.0375384726364387,2.38877536788652,0.209485479167349,-0.984887157627286,-0.223073666459401,-0.939059769706084,-1.13885980715006,0.0117103209891735,1.93486018470031,-2.52112470710964
0.141817422948668,-0.12727487498109,1.88205291719926,-0.934830071175939,0.576288597835732,-0.0270630028623912,0.642698747629431,-1.50903724455519,-0.682044952382161,0.638774418002532
-0.839188009296279,-0.599507189229407,0.806751950446495,-1.41203352544639,0.446527585991102,-0.0410677569400503,0.161720073441693,0.546370276437949,-0.124521451752459,-0.209916484840324
0.634458517234114,-0.0169396032722471,0.328947126186111,0.67844062343735,-0.409481688658886,0.0716206509917783,0.752483092327531,-1.40040672177295,0.50518990613601,0.597110656594905
-0.122145674044896,0.0427777224480902,-1.1723983854079,0.813920310454899,0.526898289728511,0.144311128055636,-0.627443788363707,1.41384413666009,-1.09348077112757,0.131917581925267
-0.615846660983879,1.15132649270761,-0.190028676639891,-1.39484696770467,0.270699041906025,-0.101450595735261,-0.341969385882869,1.26532722653269,-0.545353637370904,-0.978234431310237
-0.565578720652904,0.952128555225863,-1.02647034370975,-0.784456050927933,-0.552873470063021,1.68156440406025,1.44845009328404,-0.343489498757615,1.68600360827262,-1.66314330416333
-0.81119494716888,-0.319589499008433,-0.855395468167421,-0.0731169646700851,-0.86431004436153,-0.0574053662272825,1.40515250675582,0.410748799787319,-0.594436604329031,-1.13384773528944
-1.48568106253529,-1.64662153712555,0.038194007669454,-0.145792288220377,1.22920972655969,-0.631403026317795,2.82572838660461,-0.598972713616303,0.547171759154898,1.58462934258084
0.151188000068176,2.5478822947389,1.5893347345937,-0.204291836315331,-0.659056998282398,-0.186883704567231,-2.35076324774159,0.677820523164408,1.18614341054394,-0.424445554495059
0.17946981832236,-2.79690461075881,2.14888807949937,0.209465068822783,0.887128789024483,0.37529209812711,1.99246899771956,-3.75030890553438,-0.468600363616715,2.47322476868413
-0.117144385248123,2.13592462216664,0.597521233697039,0.00349554026269891,0.0466219407301909,0.575684802459759,-1.78745078717492,2.95459955034175,0.452616669488119,-1.40782150258654
0.179523235597994,-1.98015019265546,1.85715986605884,0.934689994196265,0.0143468542055331,-0.97630236730552,0.151561291213302,-0.444343730881065,-0.515718926160411,2.67196338996222
0.170944357864561,1.82194128222912,0.685810118131027,1.4981881772046,-0.50557537745571,1.57666288353651,-2.2864891329623,1.02691697627579,-0.122577506074256,-1.48853917716767
-0.707930634769875,0.580549028207394,-1.09826712954615,-0.265401177593663,-0.928323337478404,0.450678961179328,2.16029861961105,1.65975480658526,2.89730041574977,0.151062103171475
-0.217864656886039,-0.625879746502776,1.38639320605932,-0.665442234085877,0.578087672215068,-0.0310165066212084,-0.404846831621804,-0.369470520509071,-0.36980687393018,1.69998154446106
-0.223178529147407,-0.0147409675073045,0.794157070733023,1.31441241523308,-0.292259084122632,-0.302401521734485,0.400591948704459,-2.03903591582087,0.344616910676988,-0.292614731367427
-0.880729661171242,-0.786531433905007,0.918642253405614,-0.554224119004556,0.621163444781838,0.0902201917939622,2.05685938259031,-1.52380022462666,0.0999469930114426,3.43867095978031
0.822215177925131,1.82480454482955,0.978457876365155,0.373449209154569,-0.473857750672572,0.970954245530843,-1.30988369660161,1.30642014839368,1.28168305115528,1.08106593702744
0.80390916596975,-2.34291857165757,-0.200642158769122,0.705650465810011,-0.200851399748738,-0.35495754995855,0.867346998242363,0.0491430645473821,-1.77328420098476,0.317120995493792
1.30933890719112,-0.993288683578706,-0.912236394134079,2.16005923296722,-0.63427341811998,0.317727851614937,-0.53909298914164,0.327433857349939,-2.34498668687525,-0.256425577842165
-0.842673289427533,0.317877907988076,-0.00155594917505953,0.342552675521662,0.0678318164587989,1.1699793968589,0.455257184285988,-0.0295852886224622,1.39058377386898,0.794845376292875
0.529823878950122,-0.862149088663592,1.1956360902636,0.429344795461145,-0.0317731467174904,-0.746122779979243,0.391866358997688,-1.4475979082491,0.305606278807591,-0.0765725319990784
1.89977110612322,-1.1109433032423,-0.878504441676048,-1.26039406173126,0.0923418597730081,0.10876010355332,-2.09430062653535,0.765251253359242,-1.78929480716775,0.846269907529791
-0.237285364491744,-2.91254890463607,-1.17018957262581,0.0544021828241809,0.755912840023681,0.166823625814008,0.41891525087892,1.01121890498353,-2.17025498304796,2.1735942980807
0.298246149162832,-2.06839903682646,-1.40826395135922,1.46945518201456,-0.822948460135705,0.1000556312771,0.0737630929897249,0.16790304011219,-1.70507158279722,0.515438209100562
0.536161349498457,-2.44866934157859,-0.575133678613238,-2.13305948995612,-0.354700946144715,0.938270328695227,0.625730976066461,-0.0955273362066373,-0.979034174885529,-1.0186127867879
0.714593489059891,-1.35141245071202,-1.09270720739612,-0.857131082381675,1.07661759465165,0.209336877336204,0.182735417517271,1.03368505023467,-1.73286636093023,0.272889375188933
0.519711135030171,-0.102453779425414,-0.0916708985244348,0.454802074076421,-0.479327716213716,0.353004883314249,-0.79505053223276,0.885271848882757,0.518501126665944,0.214211015966764
-0.646889340234748,1.20585896828067,-1.30592530473148,0.908704549024572,-0.0978739843603271,0.100521543944157,-0.744870886575647,2.30387427650175,0.23155080257507,-2.98223779170094
-0.396940846976586,2.03015230746369,1.82573369009837,-0.626974393632154,0.888296775219256,-0.52536347827384,-2.03326063658338,0.0460410705398375,-0.253071242158262,0.774798090097406
0.437533793738999,-0.24536970627026,0.205983520432853,-0.216441556913997,0.349981291331509,-0.293919334286682,0.317608416236261,-1.21714692061888,0.0487488146837163,-0.17209418861401
0.109936346592865,-0.0710650228752763,-1.17261559920491,1.78004551177966,-1.56147542955662,1.32651637157962,0.0696313375248873,1.15007413367145,2.44489038289986,-0.815053545230854
-0.579241408568611,-1.93049197798658,0.595553825875795,0.00849577526060231,0.801537081318082,-1.32390699090561,2.19974409632162,-1.58811994972742,0.228258678380158,2.46510363552393
0.792424775941903,-0.129125246508631,0.0635686838156118,-0.620604325844042,0.0431136124111883,-0.325657498321599,-0.091130643963183,0.0705948981397123,-0.764074069487923,3.06417860511961
-0.340675997751361,-1.11233164230332,0.758137411953023,-1.14647599375597,-0.423091141433935,0.222150841957268,1.04698957287213,-0.888723360872276,0.304918386170539,2.80666043974838
0.830029555463516,-0.512377920246604,0.0979725804702981,-1.11024852729665,0.521276917378268,-1.33943142833949,-0.088876156037364,-0.99042387428003,0.294339757272489,-0.656476502328671
-1.98169794861712,0.0582217878279563,-1.00112873429231,-1.08820691834573,-1.18380957715692,2.16318249818518,0.328100311792134,1.64135349140639,2.20802263319749,-1.07319324077298
-0.681299608014288,-1.5884653077267,-0.601131160297554,0.717654611845049,0.593969334176251,-0.244696484791218,2.05498385321415,-0.10214746266659,0.606399185902265,-0.624145670851893
-0.474332916166263,1.5474673132588,0.394398846488917,-0.6444600978532,0.088767380789828,0.532039860468318,0.0580504617634423,0.173929947613819,1.12144771985271,-0.337800296966749
-0.0774983464281014,-0.995826655613264,0.878754031847408,-0.565384499277987,-0.326411930725083,0.45906889732278,-0.342519845335129,-1.73061117939679,-0.852082212096808,1.13363385461554
-0.469075957257684,-0.515290097581725,0.373108592550839,1.47401692404882,0.882861253999169,-0.432332292063163,0.815228159172253,-0.518724996791601,-1.20919210709067,-1.06345939323829
-0.923628093745999,-0.844286462182909,0.317949974159829,-1.43501645807743,0.0672219932795788,0.784160538833084,1.79864644098729,-0.342261127715562,2.19537681525797,0.465043285668655
0.0419653642555971,0.76288231461149,0.935070839326836,-0.660401176092198,0.280861583275476,0.446232233156891,-0.41109320842677,-1.28762085945979,0.227110137039619,-1.21742613785249
-0.623197951345669,-0.286255113067935,-0.365886164175703,1.15833642856513,-0.295171452858951,-0.0890944921579522,1.02546756488022,-1.60133407761515,0.255593934661616,0.731474664572761
0.871459102780975,0.00612265768806392,-0.658083132028427,0.31783909012729,-0.5495560641572,1.21269964861506,-1.50441371897191,2.11183453225517,-1.93747021024721,-0.383371549229582
-0.833690332141008,0.304288681815065,0.688752552067471,1.21997339779949,0.748780686415051,-1.1268603185418,0.776753884069397,-1.03425213035517,0.317564805213994,1.26770365034621
-0.119332268894985,0.996218316507149,-1.01639470592997,-1.04256668516488,-0.454327199375382,0.25263658811616,0.257395819440267,1.06216827331948,1.18527933449633,-2.4085213042002
0.0942518023625329,-1.67681745463281,0.724843004747315,0.744399078926947,0.367458694411527,0.348679725389297,0.334045633335514,-2.19324560542805,-1.34382785886768,0.637957766914829
0.0864947162281464,0.320186641098687,0.157088860219691,0.17465660983159,-0.689320470977237,0.636958202023091,-0.47873944302418,-0.838978413136514,-0.245454276990793,0.178287448847205
0.044295951475594,-0.596786187479994,-0.699669978504117,1.1511491487597,0.110684138226979,-0.0212183244314094,0.324594011859606,0.585086210577942,-1.18346534272806,0.68518993114427
0.749977245297742,-0.803323668252327,0.968320784702118,0.0672244724368376,0.451662586315525,0.140139461701593,0.659545061433061,-0.962169605850982,-0.00154254551221466,2.16880746077007
0.906176337034899,2.07886158932025,-1.92053858466248,1.08920137593939,-2.3768006927155,1.85978625217692,-1.56541336511528,0.736802438035489,1.38238175820189,-1.89430919801672
0.153684110839837,1.69623593329377,0.094992332639344,-0.263881421748449,-0.99832261339654,1.36369690089107,-2.48219765896568,2.19654071731907,-0.908058302622921,-1.29846509546076
0.0407101864179808,-1.85276501473774,-0.663204477721568,-1.98541135457164,-0.41687438604079,-0.407160284665482,1.10066489405321,-1.08920851380641,-0.280747455504039,-2.11923026109735
-0.629217362472645,0.651215055743589,0.713097311423263,-1.41866114066149,0.247515869404894,0.166997836136095,-0.606266588936532,-0.165391953854073,-0.609163085117638,0.385493428946323
0.34170538804828,-0.948914505465081,-0.570047897439935,0.142597442360594,-0.763279004537373,1.29160514208291,0.373104152818585,-0.440438040476363,1.7658476326178,0.17427958748477
0.48594430789266,-1.10603074764535,-0.252226577817048,0.53542519765054,-0.151889473395664,0.496619428699543,0.495314208841523,-0.364948159679942,0.0737750100688231,0.136500864854598
0.216468709911502,0.315307395802438,1.37131505129079,1.99049285619363,0.922103697980096,-1.71910829103293,-0.708716216234712,-2.6007217072301,-0.969735650644708,0.408732796784788
-1.16541382284241,-0.614525082607241,-0.137000824375189,-1.36446639797783,0.814894020718982,-1.37914230031742,1.46505853656789,-0.411171237776869,0.365170050512279,-0.381001518079417
-0.60144007627626,0.454924257208046,1.2380227875589,-0.457582258469497,-0.322216609622222,1.44314253350035,-0.27200293003676,0.997671533853599,0.76138029545283,1.21989998617817
-0.672216739938006,-0.75541154383078,-0.89532705756029,-0.078660462700631,-1.43001661093931,0.765485784339779,0.225116224868875,0.949143809050436,0.548422060591585,0.958257144637365
-2.04191497324971,0.488114930940294,1.42603984782863,0.273434005053383,-0.00413442642638284,-0.53608405354277,1.62655320757271,-0.884966796552437,1.13046567949222,2.02845770642037
-0.336139160119456,0.587739086231326,-0.579178506729434,0.760767990681797,-0.570315424017778,1.18539275073846,0.163280151435717,0.289931586296537,0.846575317558133,-0.194560495360353
0.847757797390054,0.636593902207503,0.739817348768855,0.143305226106738,0.547905894195921,1.28772122840624,-1.61630835505396,0.332584943822361,-1.09020358042505,0.321905885266872
-0.357639798330401,0.582447223728946,0.410259308547317,-0.098843716295077,-0.0596150235328455,1.35185014863942,-0.0702792726009303,-0.589267231861706,-0.50078716975228,1.17435944678195
0.3907494826313,-0.331394145152243,-1.20960746658563,-0.627562029072425,-1.13476306878586,1.19028921698605,-0.323865183778913,1.50580698065449,0.406601541976365,-0.579538955375613
1.16850745596086,-0.836811282749247,0.145608486872131,-0.302460158709487,-0.131149441180649,1.70100828287404,0.187840890769904,-1.80847634390531,-0.191146927872308,0.754034779720758
0.714867834244091,-0.636147216824234,0.301346463337929,-0.889830101753015,0.710574775956462,-1.27178544280738,-0.0173850825564587,-1.0499797600799,-1.1815863357717,-0.687856463987989
0.423069955074726,-0.337616292916792,1.39898951065127,-0.808477113419115,0.88978741741296,-0.537818014668063,0.573833101738581,-2.05474299412171,-0.515932601566777,0.642494475381542
0.611135818701318,0.0706176377890024,0.353506506762956,-0.130209972740357,-0.116336629715604,0.141971084913091,-0.409391702248031,-0.0158982252994638,-0.137436914613561,0.414045146839629
-1.23565667528582,2.07606648695998,-0.291162652983107,-0.927360347054294,-0.736002050592002,1.06881558626672,-0.824517159396268,2.08917020205118,2.14870398169305,-1.56557785300321
0.8211584910564,-0.360915493742492,-0.0716983585134257,0.466627289782679,1.63326119746951,-1.29103807314182,0.627852638900946,-0.569074855550763,-0.183348207756953,0.570687771559717
0.3658095807833,0.596194910430088,-0.802398718508313,-0.268994044826333,-0.91332283345972,0.501871274568303,-1.97395220539134,1.77591421426224,-0.2676824681016,-1.33351112932942
0.0532288364619588,-0.483222574825891,0.626187526391745,-0.976274427417945,0.252560919913448,-0.213875941576539,-0.527872677863614,-0.225952430322584,-0.785518709271465,0.0133235049859128
0.0929498788092222,-0.171505765479302,1.45758195488354,0.150932264948878,0.179547387755311,0.36234362434249,-0.119206235589107,-0.949131514654344,-1.48663332336994,2.99292078877054
0.576304231170652,-3.02695099909808,-0.487123090488091,-1.13395844237193,-0.588688879526012,0.940867820615833,1.97228877538485,-2.8366420091061,-0.20134858319283,1.24400259355504
0.119774583424771,-1.37821174884255,0.259262936484938,-0.385411362582578,0.0987650478932559,-1.15445929102617,0.896909185081716,-2.93324760926904,-0.764507033178407,2.1070562725924
0.21091721634191,-1.47771139325944,1.03907171063583,-0.227458798956283,1.90185633720986,-1.44765622451417,1.04999342324655,-1.65705482405579,-1.61087543889027,1.4845348522857
-0.142601930444687,-0.548439263680954,-0.234834174117493,-2.11218498370471,0.0855960098457731,0.049048012921354,0.0397391801554925,0.43911124814709,0.117526455708351,-0.227932216290674
0.283684687756266,1.01822801917333,-0.232691956185986,-0.358311510988399,-1.1599879238501,1.25879969356508,-1.08312862352371,0.0984654010830159,0.544650686242335,0.326954869675157
-0.910704073833295,-1.79588652883125,-0.144495457418403,-1.39308723831504,-0.786075097699002,0.676493963952265,1.47266503693106,-1.25658652846677,1.12242300695097,0.444872290560351
0.254982403324674,-1.49785587514501,0.713184727359056,-0.680788258508764,-0.213508083600258,-0.933263999527094,1.21320968543597,-1.62076085702562,-0.535453033127707,2.34658369004803
0.864694086211056,0.300832168536476,1.57386258009936,0.294741398976753,0.745492188463229,-0.941541692955398,-0.732387303424756,-2.40327401739562,-1.30333240587126,1.60752189258699
0.855566633186277,-2.66751010363808,0.271067395741579,-1.03121839393991,0.895343339500345,-0.473414825237068,1.53255896974447,-2.07738467956805,-0.54347912428514,1.85575962217261
0.678491020061661,-0.640916607805878,-1.0309295488503,2.89787845520889,-1.38257271075009,1.06182987336907,0.132762101578823,-0.65287270499785,0.640616111809718,0.465869439680534
0.0707413311039285,0.811904489152881,0.0984276439114255,-0.0427213137367515,1.47940933491897,-1.36213281437989,-0.813929670275762,-0.317491799827159,-1.37158405802408,-0.846742767700043
1.28950596598478,-1.02756264457789,-0.606340954293552,-0.633581145656763,-1.06413451895715,1.45144641707724,-0.108668562404678,-0.449990975233842,-0.2217180572568,-2.4570930283945
-0.242182973064569,-1.55063334543686,-0.894942027598892,-0.833620493027071,0.0106180172286665,1.15702996621838,0.586391876841389,1.25938471331575,-0.643696541709128,0.242371886811251
-0.922176006333836,-0.715167022358767,0.492216921187823,0.231638014082891,0.913320036013468,0.759384364017138,1.75775706195978,-1.4370809809452,0.366657327655947,0.84433815225035
1.02991488300624,-0.766983093706766,-1.22389688149262,-0.366901086609377,-1.27982570799532,0.674284880141696,-0.585989614210809,0.275233527880904,-0.867581937044011,0.185027564644451
0.340799919646596,0.14563182437604,-0.268454847493372,0.810161100314653,-0.130406343664125,0.298421655075866,-1.87804346053554,0.460891453005199,-2.76017076822657,-1.24653448991568
0.538461413972652,-1.03226090656681,-0.595356769530792,0.779224179767146,-1.97816461697591,0.78212541739984,-0.054580087993879,0.334529890069746,-0.820098591580233,0.937477113321152
1.14010460724514,-0.102644418137263,0.389825115966957,0.176370587878372,-0.221844733381886,-0.664572094364242,-0.263103799719968,-1.20922429187427,0.460548386912322,1.87133543440493
-1.47625892919593,0.304840533829333,-1.5033258378315,0.205569589326151,-0.257662518574506,1.61663453459431,1.21734517716272,1.31043398407247,0.204301100180529,-2.70162068514002
-0.218874094771993,-0.161432125699173,-0.479636556070856,0.201133784174072,-1.15143384312325,-0.523737423623893,0.356350520547207,0.358714713321767,2.0290058770131,-0.233809745761086
-0.877620274135403,1.21765733812819,0.51076949535399,1.15065199264719,0.518988035162927,-0.665281246844327,-0.853039472486485,0.860954670681917,0.296394209510108,1.13357018134242
-0.0679010635137674,-1.98605658680739,0.46772725469093,0.768845601830794,0.397300463274857,-0.574280011639242,0.756105245759935,-0.760302542592913,-1.76854318725504,3.4385533929766
-0.0102320571089647,-0.587068490649,-1.49117731999574,0.705253184335361,-0.679904423253266,1.46234571913148,0.572645861913486,1.96517221933815,0.187784899547478,-1.06404720644587
-0.865910644295369,-1.00557030627439,1.10370102944342,-0.246788357046532,1.2817123844201,-1.09475227274836,1.46689372144856,-1.29860959388573,-0.981366272446196,1.08645069216426
-0.488097582035115,0.93953929175723,-1.20424458517486,0.480323554995328,0.0413755879358695,0.860252384466071,-1.04003072509139,1.32781667583989,0.00344274943828873,-1.79547743649306
-1.38172982156522,-0.15905604132568,0.769615361344206,-0.0917668042711892,0.868583801726267,-1.81031254747068,1.70836284655623,-0.0473507477777488,-0.588888425202795,-0.147691016292977
0.484578772519508,2.43271206256984,1.0020606080329,1.64712578132339,-0.139286194941445,-1.19086181928217,-1.6537664899566,0.924113664088583,2.17267219875207,-0.519432058250558
0.70029220962936,-0.365674327288604,-1.03757962189957,-0.102864473965773,-0.310813977516305,-0.00980901582003939,-2.55749363421542,0.770671854562873,-2.18930043572398,-0.652963686156542
0.366065589312665,2.7037636092191,-0.538046852565136,-0.00476715039060378,-1.43340400311498,2.05307628131616,-3.22460757794541,1.45029312234722,0.642623434939499,-3.07728270673141
0.132512143749163,2.61065262038879,-0.997283361779716,-1.34318930113801,-1.01685787825555,0.659849261617312,-1.33856923105765,2.63953913646922,1.04047850009282,-2.93662671457497
-0.260424143034911,0.554200912857732,-1.44153670871938,1.47582522566291,-0.381019315743872,0.18291021018971,0.338833444751046,1.50922664219923,2.81129058271056,-1.39040500251377
-0.450467512724003,2.77497841204103,-0.215287745574243,-0.191955127116815,0.0442031620215706,0.015517539827317,-1.80047015176926,0.882412585815462,0.843632728246677,0.0872847748816215
0.21824130898998,-0.581500267169955,0.412817530910698,1.55794276949063,0.568702610017737,-1.01774591228396,-0.42382734702575,-0.23376597107763,-1.57030190955751,0.287979073298259
0.403869821120638,-2.29359469406061,-0.070458060034988,1.5043364616204,-0.897978360555248,0.308473651657264,0.937135062516123,-0.063587013086001,-0.975230407437592,0.216546464183551
0.94767151091994,0.038382617297115,-0.679864906953838,1.75869539764097,-0.76273853332166,0.0423752678906737,-1.19173889115622,1.71651965261511,-0.0362835728741844,0.319930138196195
0.668198644299103,0.49072235192208,1.09477845807425,-0.630579886396082,0.685128888776788,0.228073329879144,-0.516646522442637,-0.578932661363808,-0.438387017773754,1.29156727677339
-0.793018883904529,1.69117676476897,0.719597269830728,0.839991334591407,-0.912618847609243,0.881389875221606,-0.433088952738734,0.427211710256161,2.67519504923963,-0.0488660886430385
-1.3539007962032,-0.268592919614024,0.986173349914919,0.493277942277497,-0.118939344239762,-0.0454150593919072,1.47337157893403,-1.95042422868148,-0.0325109028323243,1.83190098144088
-1.810069955514,0.193400082969589,-0.181309031719186,1.48231408883142,-0.732417555048596,0.999133143979006,1.68549357899208,-0.0994394689298423,1.99643513911608,1.4586624053411
0.136939522895059,-1.1541062358572,2.03157627577308,1.34744834777239,1.73495100680841,-1.3372103114737,1.05812057719963,-3.37251316188053,-1.59190097249562,3.56567147094457
0.308666829943118,2.56096040646262,-0.482162512268015,1.62325499593905,-0.904836563386565,0.922995783453476,-0.767709515389065,0.498241885687624,1.73950888649749,-0.851112967197306
-0.0535545612492004,1.15360394617916,1.98129314568709,0.738853655327531,1.47819142826971,-0.903965791220032,-1.19415089412245,-0.905118929134966,-0.939014570799772,-0.471625741040233
-0.339984166513469,1.02320000229208,0.335517593366028,-0.309556860455476,-0.627389929820691,1.33657057826226,-0.418818072490558,0.492135063326411,0.303401162449544,2.31223550057809
0.357161821155209,-0.801933492340436,-0.779738282358193,0.184637581708344,-0.992162220294055,1.21173492496021,0.0243893613287063,0.203533077601577,-0.366935597043218,-1.1233103878208
-0.194720942585486,0.672018815318052,-2.1892097548786,-0.742458868302984,-0.936430033106242,1.10613496892918,1.15750542150648,2.66974637327161,1.41627895996774,-1.50115773790271
0.199457363187235,-1.04632202011652,-0.822779535820889,-0.829243110082835,-0.487919413040483,0.453961561060854,1.10909261797915,-1.19145319248642,-0.931210584677301,1.56618654867892
-1.11761041229687,-1.78868956975004,0.260930067340612,-0.314126131125426,0.934432507782001,-0.0851939442725922,0.953474790176535,-0.601948323042456,-0.985056227587271,2.4454149268433
0.886258596794303,-0.187608164772902,-0.583356569094992,-1.03106320470767,0.526749699692428,-0.461932711848961,-1.07636885701202,1.08068879378216,-1.06637383617483,-0.597344489256038
0.326969838452874,-0.337153718186853,-0.249161599311692,-0.247248823154705,-0.0270950132105887,0.217334851458471,-0.559595822095506,0.74785304582245,0.337777427158283,1.02542782901004
-0.818481189826656,-0.744903947472642,-0.481442524414273,2.38500577967221,-0.225908990353984,0.124881161850965,1.84387975035905,-0.808546807243073,-0.168196139575233,-0.16466161442522
0.672176356508872,1.95543657346367,0.765731396468383,-1.25265696921121,0.00810743179789787,-0.663084392094922,-2.19869196355027,0.0578761607030558,-0.515261953335535,1.0879574116821
0.788071118328204,-2.32044283086689,0.306266476396432,-1.10324805717444,0.635389994296207,-1.00370853053075,-0.272944444409996,-1.27180738051881,-1.77237523279351,3.71641567185883
1.07774646437936,-1.62197871808747,-0.0307327755252633,1.67170616490329,0.00492858994204323,-0.184033237119937,0.240548341187497,-1.92605871375394,-1.336224720643,0.273021818744406
-0.78283959770444,-1.73397262357446,0.420589280748233,1.28516666301208,0.869059299478947,-1.14148042237212,0.494027013053827,-0.56308467800994,-1.83424317567845,1.45416224849225
0.35949110686569,0.741063824506646,0.933839757697674,-0.81724137962165,0.301867348893795,0.0737913850704718,-1.37937927615136,0.928521567259142,-1.61393037528515,0.852237530681302
0.233051400827623,0.00785377379645188,1.26672446449449,-1.04901204557687,-0.605006033190954,-1.03538550561971,-0.179466920052323,-2.26709255785675,-0.563932636083553,1.01480512871184
0.465319403826997,-2.16672219953853,2.0352426439769,0.9100281637326,-0.55537823399506,0.626510436015055,0.597923438774554,-2.0682042320731,-0.875518523570705,2.1600487785252
-0.760061754808893,-0.0417445444862262,2.5196758879106,2.27586853226242,0.543761585740479,0.237127540828629,0.842834922001607,-2.38377165950746,0.669550029929158,2.42150854135972
-1.59394153161432,-0.880336241581004,-0.770869797029426,0.0822707044440155,0.811689231380001,-0.397429460215866,0.157455245201778,2.61834661289758,-1.05142108965545,0.0467091974776649
0.300539996811154,1.96519503684981,1.23110571895376,-0.396235992682897,0.331607010492456,0.103878908724057,-2.57075066322276,2.60157611830439,-0.196734420196871,1.03643858171641
0.499554454407258,-1.19460977803997,-1.08407289353108,0.767975683539281,-0.289348594958408,0.981426915451418,0.436559721416033,0.304252926740222,-0.992147655757928,-0.257503085408071
0.470318980499398,2.87124681835122,0.993212819946912,1.80394449742536,0.375925658685029,0.0583420200386725,-1.30662264326755,1.24582263014203,1.3646459951195,-0.302523203191892
0.845225688326778,-0.064438758898378,-1.67690911772089,-0.59983303739784,-0.902658046690212,1.69471526460026,-1.32376392930888,1.4423182820093,-1.31486217645961,-1.73852734750718
0.522547330044003,0.283465629903124,-1.79806338396251,-0.260807276007186,-1.21733176948816,0.51514252522291,-0.583914120559028,0.819332079688075,0.776702259912978,-0.786262738834042
1.60450878311652,0.660920261460033,-1.0675942846585,3.35572898521709,-1.7063650217744,1.22079717672999,-1.58389634921727,2.15457133494046,0.343898261365908,-0.176868360784236
-0.268496673244306,-0.553555168134146,1.37707240312813,0.267729473946201,0.355705431638746,-0.882548432164788,-0.060291181696422,-1.21402311150676,-1.62672582968508,1.78223618982055
-0.247757130636747,1.83796480529507,0.746765584238053,0.200803702857791,-0.0295304214282002,0.322050235999675,-0.815127431726576,0.423495291334591,0.856663880092722,1.20641811299243
-0.0476552025200725,2.03325477634734,0.243003493588582,-0.293281615090733,0.866841559310104,-1.40119140650293,-0.431086741083972,0.974345277991546,1.99422500131875,-1.11860322032679
-0.0993168671719134,-0.676771306516582,-1.08115617372072,0.474344252876603,0.676739218767954,-0.287448554543573,0.758278173268504,-0.472990427072542,-1.00883493232027,-0.0132089081549083
0.0112561543979234,-0.598021545856932,0.630910377892222,0.421420027217312,0.722092128097809,-1.59972875390346,0.806988864900653,-1.6187537955491,-0.955117620382431,0.0145814567398152
0.112370601252144,0.996673139511715,0.510222403125475,0.873290741129266,-1.1033050598648,0.524203218830232,-1.01301126216628,0.280945473017606,0.362300773712201,0.646570782860827
1.44095406997029,2.09623262569757,0.35913519647733,-0.289511793949095,1.00519649711292,-1.5758520963357,-2.45555842598165,0.0188929421141605,-1.53899396634015,-1.30664099773031
0.438262791021018,-1.16410494463416,0.598907462038512,-2.11348307955887,1.1083857327286,-0.271973934059839,-0.181138309491866,-1.0104687368321,-2.34335668120649,2.13346050857355
-0.017144609201555,1.36759374065369,0.264318806874581,0.623575174723229,-0.410380435099146,-0.0747768222491012,0.0570687111120129,0.377849230426817,1.72023576052575,0.766074871642587
0.20020160404193,-0.491481366127065,-0.564378077601212,0.389324863727822,-0.609357261329153,0.728915421503498,0.335984725316565,0.918471961667664,0.741148275669835,0.503659717713033
0.241852196143952,-0.792720414687254,-0.818569650845001,-2.57490366138014,0.468747433596438,-1.04114824459954,0.187897404207241,-0.366268768789115,-1.38829349765955,-1.18691411740015
-0.406296238422955,1.3254821055531,0.392903683980116,0.563365115954156,0.046815212344963,-0.0124772437239372,-0.246674371812564,-0.804496481128959,0.620845468823224,-1.20768266485792
0.500096020103459,0.727888633181488,-0.25569984482958,0.596513833191205,0.45603209649814,0.0673478417014566,-0.886818795284684,0.677830878953605,-2.17586057552217,-2.14116541723212
0.277879868747119,2.54800957168049,0.736364063531877,-0.863749126056713,-0.473923727148456,1.82407953165526,-1.463098329637,-0.099589003742106,2.30106660181588,0.2115963845882
-0.240217209454629,1.3154867132645,-0.227460991519709,-0.823468450748809,0.574648306078592,-0.567302318354946,-1.06927932649431,1.68346759911721,-0.824538668195321,-0.347758038650275
1.35008711989021,1.71248665639706,-1.00591062933529,-0.0509553216621342,0.106939535955523,-0.801932090712723,-0.431904825039219,1.25946794124355,1.79364383584418,-2.90304835705946
0.126906038408304,0.11517113973525,-1.17882828033896,0.0847146143506552,-1.10843758517347,1.93884351290603,-0.141868758494983,0.437608871470257,1.63295843844731,-0.379802063377957
0.50229259178321,-2.17771393474835,1.26589114345486,-1.34454263690044,1.57272714935176,-2.04587958348681,1.56380945555685,-3.01615040690727,-1.24390735507858,1.84862539221599
-0.246818825105761,1.54632546190744,0.406807775839491,-0.16098328959198,0.383246883083434,-1.34196288216984,0.0565281091007908,-0.822449392087396,1.11190890105901,-0.410163584559134
-0.27093382711399,-1.84530688692411,0.52062466171642,-1.71870111459406,-0.84456466067563,0.114196227271329,1.74789609362691,-1.71352083689554,-0.188289800445641,2.75935065080235
-0.51889307068007,0.749787817979264,-0.628000436000599,-1.46831021775896,-0.989933529365444,1.60684228019647,-0.356559152159426,0.385998974566162,1.19967009547038,-0.4370610994925
-1.14494720501657,0.189270757853831,-0.679526128889163,-0.786355986083125,-1.25174809492661,0.396996470041212,1.74992829783249,-0.274913469132775,3.00288345990486,-1.23596985380851
0.348213825074909,0.191953597597094,1.27195669232674,-0.458781785725947,0.0173661596888879,0.0143625785090112,-1.54417747957804,-0.165077669471765,-1.23041153149173,1.42986189968272
0.811572371961817,-0.286671293624812,-0.305286389104107,0.269938436161634,0.239289429789814,1.09404206364203,-1.56189646864962,0.402954449479896,-2.200406238331,-1.18521770549778
-1.0537370276644,0.473047099103166,-0.629440276590977,0.161397479441804,-0.391411136497651,-1.02730941151662,1.37345736113806,-0.0964550660041323,2.39187155386057,-0.837264522843537
0.127452126379505,-0.954205919013961,-0.9616660995532,1.94467404890968,-0.468029506882096,-0.592944441810385,2.88383192323786,-1.44338638877961,1.37175440675513,1.03954312837755
-0.988911270673467,0.00674465142082025,-0.457703579847727,-0.445469151658094,-1.0525111586168,1.22131635278511,1.41158853693518,0.679001231655859,1.80894669530499,-0.29449623471512
-0.261456653834148,-1.16553167471614,-1.06403759874433,-0.819418587484196,-1.35346188050886,0.758036274781884,0.218786488718862,2.31402180965078,1.15127825702131,0.0191053897308252
-0.902050285849573,0.916217056857026,0.907816586551983,0.119948193392165,0.825859157055806,-1.19853183725808,-0.732240135040363,-0.644713916732804,0.222851756652306,0.450752104602589
0.223206126500859,0.243586861073444,-2.29710762055783,-1.10357358680729,-1.46134628500307,1.97261302979167,-0.935828261678795,2.26957978343792,-0.434402952663882,-1.33858263127375
1.08787119259544,0.936409054828057,0.704909088276608,1.04586678884646,-0.520299330300853,0.606071453389011,-1.50469126691818,-0.552204163265012,-0.188046364603012,0.479427249837487
0.4476616893323,0.165971015167108,-0.518546344242881,-0.56636231504054,-0.936805071028806,1.59422034086449,0.0336999380816739,-0.0926927507850239,-0.240921581160687,-1.71609851857719
0.408390017369903,1.58135611578665,1.26616857078825,1.06587744938296,1.88344968889118,-1.4912383511422,-0.842327055632457,0.586576733376479,-0.373492105797281,-0.461969231600198
1.23038872306511,-0.0476602673060957,-1.31322723151688,-1.79812566601042,-0.900427610050163,0.198710005359832,-0.249416057095157,-0.421538901304403,-0.704103679316262,-1.93731612036447
0.373820118438578,-2.00300796425245,-0.143679395246998,0.444542217185945,0.336000669411987,-0.063199269617866,0.164461591501897,1.10685234709856,-1.63119510140707,1.67303051563538
-0.573919760678289,-0.866020301648691,0.151020525128346,0.0862592193249488,-0.0314996764263398,-0.917433590213596,-0.0188653631914207,0.737076863949811,-0.81818909195351,0.0574140254357444
0.583822824333924,0.0793017258187536,-0.24795109840607,-0.900374207874334,0.191237345812288,-0.164659175107978,-0.0261217322403146,-0.0420316007111995,-0.897858257684946,1.15142554382598
-0.250466300539141,-1.07188137207327,0.676852350596103,1.88504397566436,0.128055639926403,0.21579648342457,2.05438352937439,-1.88266766051355,0.797801274662675,0.955418144902593
1.02125033539575,-2.96966990821231,0.919484046301503,0.326804819351626,-0.0095187760160723,0.899426058700866,1.47985419819162,-2.34555138017002,-2.8001889565134,0.928180832678672
-1.12111407464603,0.924404706842069,0.514814013563784,-0.348597461519152,0.376886525231086,-0.276612808233562,-0.644855585056718,1.3058633967048,-0.155459472776526,0.473581657159159
1.04346266557787,-0.524830080263503,-1.9304864679134,-0.547531107541061,-0.522886070793989,-0.117178712463502,-0.379329679830119,-0.0677160653747235,-0.936157418199086,-1.60714691842617
-0.508845266087093,1.85886893625109,1.46082870431272,0.277958092054067,1.69518246959456,-1.30863159997356,0.84995776079983,-1.31121409013162,0.957119712391871,-0.755036272130997
0.366729601748368,0.0871607337057766,-2.17224910103802,-0.972940463137825,-2.21157744405541,1.9854231052551,-1.26749354828185,2.82761943786499,1.4934063191222,0.436816548161448
-0.214453958981152,0.216760298791219,1.26367363853099,-0.226082710374312,1.38600603776845,-0.949420313260272,-0.483016574182701,0.334758489824638,-1.92903831263919,0.0260307474082138
0.972277854921202,1.27153953695178,0.456293694487582,-1.21982191880168,-0.113092071316374,-0.350339561484894,-0.755338919419016,-0.278561502810554,0.183903231639328,-2.21969066910308
0.903555181361932,-0.528443821786543,-2.41138451279187,-1.24234194059459,-1.60333977144487,1.77282470072442,0.275611762783223,1.30626464792088,0.877689699672529,-4.37662931469663
0.324754714914006,-0.538590226672544,0.522416819074002,0.428317438100081,0.47709587684366,-0.3829456761409,-0.0683036449775465,-0.641931644463799,-1.50752690888302,2.43247787026315
-0.506837512025754,-0.324817295244315,-0.282977364324445,0.856660957099803,0.0236896970744209,0.318209802405695,0.455563836743213,0.602071351323051,-1.4323148086337,0.717479222457733
0.482881982805921,-1.41616328269966,0.0526852274570827,0.304469167953457,-0.397834284048639,0.310384036683938,-0.397693047697702,-0.818347825047476,-2.40281475916342,1.843143892301
0.327815651992489,-0.747329525723097,-0.795355154286735,-0.198747460979848,-1.07626314074627,0.784973139139338,-0.777835820376509,2.11167992763451,-1.09080250156636,0.896464898042571
-0.162995365978037,-0.336395419921813,0.148736704640659,0.624265032173369,0.0782217615198968,0.626970999352112,0.333072905276346,-0.433801011482665,0.654371090679728,-0.738808156805484
-0.572186407309517,0.16880041519778,-0.57083678577082,0.914966993802926,-0.523534438455929,1.51284485830904,1.38930005599518,-1.13873266446099,1.28126688895582,0.290932344923753
-0.608772317865544,-1.17694959406651,1.00087745787269,0.700060388624047,1.75046514499301,-3.65653049719743,1.59108978070339,-0.687021646429318,-1.07781961983231,1.63950984316451
0.13953519881694,3.6630914850679,0.737725933359446,-1.18968200795409,0.768040771183136,-0.0440304974337211,-2.25574708070049,0.420844425384405,0.407833622509012,-0.861179888026837
-0.673862591709157,1.81706235024572,1.12372908135377,1.16262033430528,0.277745725414006,-0.821424656971593,-0.253178450181687,0.829660709796213,0.725539191509408,0.735525408900575
-0.577861820830498,0.959454510027431,1.21551112524802,-0.473555855506899,1.3594703101037,-2.02355886675012,0.677668502678322,-2.19141820783075,0.140886617651101,-1.547268139456
-1.38284534857115,0.365635333598305,0.786893849133835,0.63581561664766,1.09201345170829,-0.922508580443834,1.24908442274555,-0.803429439949577,1.39384040977351,1.29341977375868
-0.434118089060601,2.49597389140131,-1.12203239260389,1.08085890546219,-0.389972946771554,1.07574585758201,-0.972716432988838,1.59079084061717,1.16359196019009,-0.928436146813333
-0.233168511671029,0.558841474129742,0.122713378164494,-1.05197752713359,-0.719182722155026,0.532313436455358,1.39487995191685,-2.34815336318047,1.40863363763952,-0.421354067660982
-0.154408692301239,2.34759421561962,-0.101511118178123,0.748339311982584,1.02358477460438,-1.24199883442839,-2.31292016292407,2.22910924504381,0.259271993919521,-1.43891945696513
0.552279478551831,-0.556471188004543,2.00381016530821,-1.68873456978849,0.115102401250935,0.868308406342607,-0.236736977275279,-1.34921539002278,-1.69166329884271,2.25320076503115
1.52240038558852,0.142409583629617,0.18025215250047,0.278273779290971,-0.369989590553496,0.549527535604763,-1.49734063812772,1.38870432616967,-1.39514107679609,1.1296441915692
-0.633421259798841,-0.929380914395783,-1.17861774466384,1.64787288296802,-0.889631673713957,0.355672251632013,2.65962464818034,-0.113872611170889,1.15497934018019,0.095101891224378
-0.635883036610117,0.159709692369085,-1.82928597618823,0.501105940796746,-0.677804456355032,0.281915593909928,0.153869152400688,3.10915300526019,0.292218587309611,-1.74331864202711
0.0842822199790216,0.109154533987933,-0.627406131962126,0.875446635785201,-0.105444554044606,0.365281486570301,0.714545498615733,0.276910423255885,0.74603896204275,-0.358252234933363
0.230650747170779,1.81745810463897,-0.77050702862368,0.695034001505794,-0.337887839036375,0.573566075782677,-1.95904076830624,1.86556800409344,0.46638184763081,2.32571869534944
0.443662904232182,-0.0612048849803919,0.0361632905123821,-0.940869467267027,0.40343479372878,-0.026264933489535,0.25470965854967,0.030727024270281,-0.363206390755836,-1.8886856882357
-0.792021200184519,0.246323292240718,-0.272861156701752,0.766083996694948,0.015303557402801,0.510946766872061,1.02251037834826,-0.498444104956592,0.320326090927614,-0.130944102123463
-0.748878157755892,0.0628062865969242,-0.5057250793935,0.689603517998638,-0.785944883723459,1.28622755389093,0.557063714327177,0.673922443090463,1.53093722571428,-1.57419103217238
-1.0325319906802,0.147273849452497,0.894188856820009,0.0784397273712464,1.11769211083697,-1.20615489590776,2.05000605873725,0.44317848726569,1.49604601281433,-1.7947262296569
-0.440520267790791,-0.261755269404584,0.695476985966334,0.55253709643698,-0.15920855635291,0.0546976037163588,1.4587390204426,-1.68405076370664,1.50224123906415,0.436142824114178
-0.711238799908299,2.17801379576675,-0.368760100536645,0.882137771920478,0.213537736061046,-0.288271347083124,-1.23007452479928,2.53332900085518,0.704212853021747,-1.67703524683504
0.3171509944426,1.05366373040994,-1.40895215228371,0.321071296834169,-0.239450312668174,-0.134370009120921,-0.135121188593258,0.804952394746673,1.2929874731097,-1.91408804786025
-0.529263505823621,1.0584456318511,1.32518302206213,-1.69746328414761,1.12503752901216,-0.320694487135045,0.0465170721640529,-1.42814637042851,0.417407069287753,0.732659093574396
-0.088540062918471,-0.69319240631088,0.259029235305615,-0.966262312058787,0.221757273896639,0.263369026406571,0.401206911516712,0.00854373917292067,0.174673842864922,2.5111953774011
-0.00247111077615498,0.471690311200229,2.41173294184787,-0.425176768034392,0.936198649499567,-0.288016789158467,-0.138832288790753,-0.0490473387343765,-0.327255495295423,0.00592037092071484
-1.48622745044715,-1.68247175587361,0.331442975594108,0.898351493517108,0.387116465652299,0.488012873806853,2.15939320351516,-1.76783639478882,0.838556765075566,1.10254825760733
-0.405680555468735,-3.74733962163575,0.182744230761178,1.34790252146228,0.976852193316536,-1.30628085463819,1.87110284696108,-1.66894101762401,-2.06278461075846,5.25425950278132
0.239784345247373,0.682950499164529,-0.230347010728015,1.30887197960783,0.563046339405901,0.948395017886096,-0.679311863663061,-0.776920441568552,0.118568636593575,-0.493858897530721
0.4595913154815,-1.67298926472451,0.563484880675245,-1.75796667743992,-0.118718404381874,0.568416207790463,0.480877829341995,-0.805206683614405,-1.14611121056837,1.70499391104266
1.44342652573702,-0.377596967737724,0.162006174099272,2.27844956339505,-1.26937114934486,1.78919005474865,-1.56356548283833,-0.0616841561219514,-0.155257753634861,1.28937383775896
0.413023414324964,-0.840130461969867,-0.342236212844959,0.240025118620815,-0.326677181501254,0.545994550149689,-0.560420890426218,-0.222251561184319,-0.941601646432544,0.559646061688801
0.000326303405398286,-0.241903184570082,2.09574945272253,-1.50141104983648,1.74541865300735,-1.06711685663571,0.602230442679012,-2.45966953417472,-0.421464521407828,0.152069278066858
0.513240490384192,-0.848831657297004,2.40410727081538,0.598584791158802,1.10901857208605,-0.954847793745166,0.0846423712330095,-3.02093447149379,-1.40499232349061,2.65867330017063
0.03520316571476,1.74537464587385,-0.744177964150292,-0.994599558937578,0.32799884719886,-0.6189964724383,-1.42725404700013,1.51954729538418,0.57230825888279,-2.41650251882931
-0.351810728345601,-1.89243111278965,0.712406018113098,-1.39038262130721,1.04715489119032,-0.282535130415345,2.82462988382013,-3.36677171758798,-1.4278126850322,1.31479486289916
0.490461250831933,0.0275311800600823,0.619492245759354,0.157409375399455,0.981487211808397,-1.22409182098902,-0.38197546507191,0.642709277854241,-2.12459856988442,0.362891693141427
1.21300405481796,0.187362449418948,-0.165333989506805,1.27195812548164,-1.49760906880942,2.31495619203963,-0.446796472723605,0.224203181749271,-0.172633519781775,0.422173110826441
-0.626163212348545,1.45015903555342,-0.500194517347664,0.299836097079936,0.077187358845259,-0.260786677821713,1.56114563755324,-0.898298299665906,3.39179786562052,-1.74699089063279
-0.235487944987349,0.820093379996803,-0.77818311153512,-0.977220401801834,-1.07883550979047,1.32103044088087,0.999973591228325,-0.56071906230183,0.894705515476325,-0.74136666089927
-0.736189303575727,0.179229572215297,1.72308941429455,-0.0796255419822412,1.2421431031859,-0.449521359213485,-0.474097629073789,-1.41813826224142,-0.670188704473358,2.59004961793891
-0.137125732050263,0.262205888540898,0.456864206749042,1.27471610611927,0.717691265679048,0.579143140616936,-0.634784150673568,0.675311396774753,-0.186001828111817,-0.432489740796411
0.116631571737586,0.549168991363535,0.712574142863243,0.552289297965227,-0.665349470783896,0.18392175295001,-0.9648664766726,0.497770570975718,0.174698893009996,-0.0180089860939904
-0.453030693651313,-1.11279607881314,-0.134878808823876,0.375221801597083,0.822229206024428,-1.40996361326428,0.448846449321601,-0.61668030017555,-1.32785503004819,1.01189152287483
0.418779312891221,0.892358945257942,-0.789113595728731,-0.247866505461819,-1.05417124120465,1.08075891788481,-0.810143235348231,1.2432478924984,0.0726864192502604,-2.12401452477469
0.907390493022663,-1.20426931393723,0.619824747949256,1.59051046731289,-0.356550175630741,-0.255869427524802,0.448327924799983,-1.32863402730407,-0.80957232281907,-0.0442855626709307
0.776161736868503,0.904083773277361,-1.48691751469426,-0.718528780667578,-1.47431555795764,0.215431975528144,-0.470655300276351,0.535386399689219,1.61763634083182,-1.64003655080783
0.646987550773897,0.766765002539148,-1.3794370603345,0.0241352239874819,-0.880300854782091,0.577483359122139,-0.961475407267205,2.00349033641379,-0.340088972617546,-0.983774226741669
0.391948702136941,-2.03300070571082,-1.09364595584864,-0.181345969931375,-2.23755133093985,2.45390295897911,0.750563963865058,-0.83528973616032,0.192332926974004,-0.334321986811531
0.68583788317476,-0.628665347051459,1.22205408084421,0.560483339457678,-0.100787794547996,-0.642226931401318,0.800236794891857,-3.47506580285436,0.191399738131665,2.36665027154452
0.266546530887144,1.33263183964134,-0.950383826146781,-0.260529442172847,-0.70360100243855,0.587393197936315,-1.65637686287221,1.61926470469203,-0.430581630482551,-2.55884803362398
0.195483480078115,-0.899466663366889,0.450252495035301,-0.0758977616146583,0.459134980744124,-0.614774131609323,0.503816730050646,-1.56059883417798,-0.605218555295154,0.598971146237526
0.559994676818869,-0.378589915333376,-2.1717677948693,-1.66615200306437,-0.530151003379239,-0.491675817123496,-1.00816371732129,1.25901057154626,-1.40709326072569,-2.39315533545575
-0.363584830574451,0.394166135125012,-1.56428020319135,0.131625841688078,0.0715002138115266,0.148580033080754,0.220237875119431,1.86268825512751,0.287892129634691,-1.5696886815849
1.00302686693601,-3.02771873789758,0.330546572338121,-0.26152855652163,-1.02148556552757,-0.700917826491185,0.534370393581031,-2.10298443538484,-0.71187098730309,2.10813660822519
-0.538876960062499,2.52940083548466,-0.852551359048029,-0.46361629930943,-0.102559793436817,0.355464683174431,-0.417033487890962,1.2233567754958,2.43828402799154,-1.6758022163495
0.4970812773593,-1.61589658651893,-0.47189183589535,0.690380762739223,-1.30144821806139,1.08212552145112,0.0247774797624141,0.249824045896619,-0.210861256885299,0.0885204734615541
-0.594671584908348,-0.751508338184311,0.736990890333703,0.364728303615936,1.02130389858445,-1.5482050225296,-0.230219206182695,-0.285608389210343,-2.54951399374395,1.42507877048053
-0.897350724597977,1.00190036948969,0.423629892926459,0.328589836056974,0.206014771843412,0.206141257616684,-0.727753254097903,0.707767923479813,-1.35197033719583,-0.649126047792339
-0.872524622063785,1.48756188776235,-0.597509313031965,-0.00325301737677139,-0.231408631052243,0.341144665587556,-0.914663148556491,1.4048483722305,0.399713869838511,0.0521334520105749
-0.618141195029706,0.44395342738948,-1.94149884888619,-0.00728810497219072,-1.73363572664446,1.09216663696105,0.186013522082652,2.11122398599597,1.17971670286388,-0.359251112559813
0.676037178218281,-0.769851651029251,-0.107260615302097,0.706991396977803,0.00128457546361969,-0.75187743667186,-0.139811753674153,0.30599743240884,-0.931089665920603,0.0232035994257429
0.794337951599451,-0.987381458002094,-0.629662772395019,-2.31279627316392,-0.39851538766792,0.52478534063137,-0.74815026269798,0.576087657475775,-1.39435263501083,1.12628404762618
-0.732016807526164,-2.18747092149625,-0.405068872677749,-0.0830317661015528,0.0175114577988277,0.305229545137814,1.83404727238978,-0.429054568332752,0.248029443900727,0.975145974747805
-1.41380255520458,0.422491368985868,0.309443862333984,0.884901743133527,0.666225190284091,-0.917722759868024,1.27189734583853,-0.326517768599777,2.39828701986456,-0.284527516878005
0.156173075068303,0.921863394868704,0.61309410172758,-0.0214154507638907,-0.184012300560136,-0.957209658831297,0.0200109890956365,0.30763253718074,0.883623012739631,0.222609897907442
0.0949376558403264,-1.17233573987383,0.345656797173136,-1.36797941687164,0.580132655131243,0.383696986170217,0.918761846384192,-1.9281015556397,-0.74459577487224,-0.162285774326183
-0.315415598043466,0.611735252401556,-0.525771661699719,-1.05635742279003,-0.431082508694697,1.25784375387775,1.06692080119023,-0.0549674315819667,2.52868317592475,-1.96877662428137
-0.253804289232688,2.22594665686852,-2.10461531054793,-0.192233797118508,-1.62266454179838,1.40171667152069,-0.647139613803001,1.52076442107065,2.48334020466705,-0.135927767733403
-0.270699136020047,0.0324549286421196,0.219553588024168,-0.368469986249687,-0.44722078023357,0.0484066462328143,-0.79143871394785,0.0409669079614279,0.395322457635231,0.17851433021419
0.13594991422022,-1.26250825607653,-1.27541281873685,0.374909387618112,-0.86118124552437,0.748862861774499,-0.253651288374666,0.906744231607634,-0.97954204362359,-0.819796320235566
-0.40937845819251,-0.88546460969298,-0.271719662819972,0.806061822252843,1.86759923139259,-1.76228162231541,1.30012737420995,0.400595031155864,-0.682308060815689,-0.843484785794866
-0.861446617442739,0.491585938513984,-0.236458736932943,0.0998206534838514,-0.465777493105157,-0.336570203097306,0.0822299495507889,0.217201200581232,1.79117930071718,0.742016322897419
0.507875415035106,-2.8818824861265,-0.00474739891226199,-0.70008200417665,0.927315751483168,-0.793746339363387,0.829442951434955,-0.645985108343573,-2.51813261306229,1.21469030665099
0.17740768162022,0.657726046314542,1.29715003405915,-1.5565915112108,0.0709273380127269,-0.304622954955309,-0.240336470058555,-1.42873864933232,0.611154533406235,0.996750300093013
-0.198807661163339,-0.374500682947113,1.02935541059659,0.0273746751037079,0.718893536942716,-0.185005250764886,-0.0347752923731597,-1.16983695431394,-0.899761274830449,1.80505312081366
0.190448898976312,-1.53061162770735,0.907262118756113,-0.725116003843668,1.10157910006067,-1.54866379238893,1.20382349274355,-1.94751657991112,-1.4306488960748,1.26520940312077
0.241520378013082,0.483811529345872,-0.159538122257194,1.53193509949759,0.067301892777382,1.08098248554775,0.345217588618749,-0.476643023492524,-0.349915439587173,-0.3113936891095
-1.3697549783287,-0.668485407729494,-0.65799848092406,-0.84552815353022,0.900097621069942,-1.11421973036218,0.99554346040267,0.770763511143491,-0.494076100203773,-0.417409592246976
-0.661297654109968,0.336867376056022,0.36032133564395,-0.269837325468635,-0.0261545503531244,-0.309285548087259,0.09772551051563,-1.14409811283377,0.730512102350809,0.157617739351093
-0.996720997126115,0.29835446498797,0.874863720374642,1.55295989925456,0.530437049110425,0.530453255490387,0.460781725141389,-1.25822429048395,1.07742633870752,0.656292330599325
-0.470417395822343,-1.08054150894212,0.580332058122196,-1.0795064500517,1.19870107578277,-1.13595679476124,1.74472775531529,-1.09773388268053,-0.963003683667983,2.09512467927837
-0.593907798310993,-1.72233666099254,-1.25113444470496,-1.50532013070926,-0.0884787575030045,-0.553250377748375,0.991675175194281,0.74350227084707,-0.749712782520336,1.33095970382814
0.338941789311894,-2.67132490169126,-1.49390846882217,-0.790151026008325,-1.83550864630505,0.535368700859329,2.16440116698853,-0.612584795243902,1.06798687315361,-1.70592910407618
-0.325617417441722,-1.073011245536,-0.207064524034577,1.78908632150152,0.342254440514472,0.157776211172179,1.00367929852238,-0.41175261827422,0.000329550634702125,-0.263226347133379
-0.375547076670368,0.311383611763876,1.73980791662232,0.0188288801970311,2.28743126816917,0.354713879516744,1.50368309501902,-2.38168735559037,0.95455418518568,0.659082280435758
-0.142046773200393,-0.587897967368634,-0.00836831797964465,-0.00367639094605882,0.243974725716256,1.52753968497547,-0.297258854828912,0.475485197785912,-0.455644637132946,0.513805298835648
-0.845785824860026,1.06283181076153,-0.982778690512594,0.502743991053818,-0.0554749200839843,0.0208051122841034,0.182973026153049,1.36612966701307,0.97568660172857,-2.4752296583033
0.276021390972059,0.287747544417232,1.24097752534361,0.350085423257279,1.6548467305429,-1.57278696130408,-0.0527136128388001,-0.647749558539211,-0.739678257195324,0.84256873723651
0.616697199214045,0.87454653574905,0.619030863739896,-0.441758630152047,-1.16803904593881,0.913164056880418,-1.35061636247049,-0.183635903838032,1.35606383006102,0.431720016532571
0.334428124383655,-0.661303238911777,0.506312828478568,-0.150418824699932,0.59862349543642,-0.749998102683156,0.750693658671491,-0.622738920814842,-0.437096815666046,1.54392826187008
0.547232999764836,-1.89671487823703,-1.11395703686178,1.34070077007418,-2.13242371065741,1.32754800007237,0.625787871956591,-0.370267443004004,0.95721783089244,-0.963776338783389
0.787082233872873,-0.435205092615413,1.5523490596331,0.468173607666649,1.36096933038781,-0.450400990501938,-0.298725492712025,-1.25081172831292,-2.77719367675839,1.53071920400495
1.18735831745551,3.29877258189593,-0.353899372359331,0.889941280851627,0.420239364718302,-1.64910890101947,-2.4571019207351,0.702021448036294,-0.185219676001066,-1.56530733434051
-0.096887985337523,-0.348307180135279,0.380802929278507,-0.833476244502413,1.38893521892579,-0.692424303387046,1.00213472141907,-1.10136461851432,-1.34674676503006,3.14912273078882
1.85166041261183,-0.45373576161044,-1.11005760756928,1.19195029065342,0.531310915707073,0.218493908732961,-0.561000606369413,-0.373392318209792,-1.64882099955319,-0.644748559122148
0.618099875223389,1.21879265457898,-0.314318021492736,1.07580988144796,-0.788541127898047,0.108032425489178,-0.309394356457951,0.320550727523233,1.50048532708439,-0.888260709445495
0.479099471195912,-0.962431596229754,-0.597887015113804,-0.177771470352942,1.00511835909414,-0.340281812402024,-0.132924877143782,0.0565333588206518,-1.15464660429348,0.99614849852964
0.663424582381528,1.54390744240417,-1.40063802485972,0.850798996287049,-1.55583105838841,1.8025048272763,-1.530628300005,2.6966537912424,0.93053184183347,-0.937194971941885
-0.321136877664307,-0.852561824582313,1.59407448551551,-0.63031050058749,1.10921293191692,-0.597356538924136,0.965385829672444,-1.50311704090184,-0.819289643796812,1.79049234705447
0.0222961911789169,-2.6203495408785,-0.447636016817715,-0.61495692150728,-0.619922517997254,0.883437028538996,1.81558293217714,-1.83864357284532,1.00967870769266,2.09525674834175
-1.11850345762991,-0.401811399328306,-0.827774386801675,1.12618608710321,-1.11411558193178,1.61782991305806,0.930565238026571,0.102231422698868,2.27515993589916,-0.675416275299742
-0.608620319503116,-0.896931836034905,1.5646576382547,0.518085298629634,0.393993807500749,-0.0549508682606679,1.30298464684734,-2.4195321770955,0.42189614693358,2.57306144532832
0.155568235562661,-1.0634118847922,0.988378601578544,0.842556419402299,0.200647084721115,0.0215597712370764,2.06062703914744,-0.559340658103993,1.02023525518542,2.74858549356679
-1.14546872436096,-0.107593608625364,1.35896144337509,-0.947944243636056,0.684128718906229,-0.679066482060264,1.22904453091162,-1.82641961658026,0.0276923156159479,2.66372735294221
-0.387655655956463,0.0893887356042491,-0.478156429371437,0.790227553698524,-0.187082867475718,0.964802071039095,0.775183013973929,0.641642972361402,0.608996820346855,0.00949791978175389
0.51831674970103,-1.41322073392284,0.588472304866918,-1.15694589180746,0.877359158916148,-0.114183663512542,0.0675278033975113,-0.917909241903534,-1.4238339991296,2.57580582429452
-0.13056784771982,-0.392758411468684,-1.72524539577189,1.24593992993672,-1.27641968694344,0.591238366493208,-0.831784669186433,2.29884498917384,-1.37298848917333,0.526371121547623
-0.644319598196694,-0.428011488925372,0.38670062283532,-1.53030056056344,0.533031913226202,-0.173098461538382,0.500962451498472,0.409100899324579,-1.1413462116531,1.33912727486077
-1.03060685903332,1.99941066134077,-1.12517777814883,-0.409428530540151,0.0351068248835336,0.458462346785343,-0.21442305235894,2.34081329299621,2.50162043563295,-3.00581146696997
-0.121220540010112,-1.12080810856508,2.2645558975842,0.0748645155410881,0.655384270671832,0.456430615390074,0.811016133164692,-2.85359531907919,-0.0535154239420519,3.05443167900797
0.596962124202056,0.782447544053338,0.837093631382698,0.558538889654528,0.88881970288603,-0.930507714925192,-1.80293363250843,0.81727567789053,-2.08012678973765,-0.97508628945459
-0.0102694770728008,-0.61630894632086,-0.295508628737971,0.237777686262195,0.697748465587595,-0.409372026457756,-0.400255260748906,0.214949012937543,-0.530621222638481,-0.111955246526721
0.277355494348878,-1.19520752313025,0.756089748768697,-0.0171161358448327,0.290535140047892,0.269394262021496,-0.296589517313949,-0.358071789280135,-1.74138257510145,1.74638676766368
-0.374617538661355,1.42584997714524,-1.72955788565806,0.439210774648074,-0.168575102890135,0.401772542346612,-0.171851711029813,2.67050777850844,1.83976255089717,-2.02478647437787
-0.0674706850105148,1.93646564057329,-0.592629792733953,0.634481885593044,-1.49754766527459,1.64992434131092,-0.573023934954022,0.978615063446927,2.93560583888662,-1.82368771226564
-0.126916602605913,-0.138490815843408,0.367555247231457,-0.857979230827298,0.939820022561045,-1.34241525000772,-0.038695947080203,-0.612588401381998,-0.645490782622242,1.78421245659251
-0.0653597356219264,-0.575293370987034,1.07852711688421,0.874335425673269,1.36047669076133,-0.59824440861348,1.28366398255379,-1.85132346291125,-1.45730555479184,-0.716998464154086
0.78865928625817,-0.904124910244558,0.914441462874785,0.381101097195568,0.281678401082731,-0.603375776397939,-0.0686506963468648,-1.67097476759959,-0.30329110037362,0.303850400756335
0.628556825916962,-0.361583404907457,-0.956750627972039,-1.76558349716116,-0.0841070616163884,0.0123859003237132,-0.557858077735597,0.604905590004433,-1.17353268432479,0.336996239324953
-0.250370898695008,0.465721060025159,-1.19514197874151,-0.0665197825088146,0.0211851480992427,-1.51084001475368,-0.363476971837708,2.52892648992912,0.306448630452086,-2.01662814600146
1.03400488271829,0.302653124633648,-2.4779064203887,-0.854724409593664,-3.54102915460372,2.46978977846807,-1.50461568255242,2.67862206812226,2.26408690340039,-1.49604484628245
-0.450757692063857,-0.699445984561535,0.235077126358726,0.0711617005991791,-1.28706562363056,1.43850662287422,1.35018099151157,-1.3234074788554,-0.179019366638771,0.534422065800154
-1.15667521309444,0.637506081232342,0.233984414986045,0.28378424874989,0.864964349634476,-0.629335119386641,0.374086290805855,1.50912229367592,0.466601309952298,-1.11170867564974
-0.188384480187207,0.271178370292037,-0.23630946041501,1.4867030609947,-1.10484147987941,0.64650852306784,-0.922234958107689,1.47944596559935,-0.601695877371262,-0.635588563060194
0.333623789380791,-0.775163853965208,-0.71412347319003,0.140591750597599,-0.551632936088486,0.760110794491194,-0.640981572934732,0.558399252255034,-1.51728206743432,-0.325152979141023
-1.91193049827097,-0.294260064571963,0.153120002579025,0.236467405495298,-1.03301264340973,2.14690293349956,1.68729304834956,-0.210643812796676,2.45027895926208,1.03030176057261
0.0465199231381585,-0.192741010308418,-1.53897677811216,0.456810047712209,-1.04047118240626,1.52259796840408,-0.381389768729304,2.06238238329837,-0.670805766089107,-2.94166595242744
0.268111932397816,0.550782360736201,-0.15947788356273,1.27076097041608,-1.34856188195469,0.684176215917152,-0.127495654708784,-0.252906497511061,1.81641844449942,-0.0382516907955836
-0.8884644034224,0.885137271538398,1.58965274811281,1.09064313835858,-1.35921540069793,0.994245132631515,-0.33549068244549,-1.33872104525318,0.951901528037841,3.0150261292137
0.00102797843651205,-1.5402803436155,-1.19662386414904,-0.640880132884378,-0.717509953444323,1.82385127928101,1.03887160134807,-1.17828217323702,0.986216760838779,-1.03542184340673
-0.784020661020452,0.589125714012259,-0.0696437320936847,-0.509799525054656,-0.818010735128447,-0.307429178208677,0.304883822586301,1.70770454709002,2.19243111560312,-0.624455353251306
0.111803348246793,0.19742189774636,0.921070909456649,0.469874603523925,0.759952226413983,-0.934687183200132,0.741026698522716,-2.25339879232453,0.849190277926967,-0.845467940702389
-1.0675585417845,-0.0178880218805589,0.154298784359964,-0.37790572775505,0.472572428539023,0.717589149441346,0.445091664769226,-0.543629884388169,-0.81128495932509,-1.16698094984373
-0.49842962520466,-0.999115582431694,-0.583642185463404,-0.464710000582776,-0.319180470252429,-0.14227029803109,0.884201984944166,0.613986085569712,-0.315490484225177,-0.745936179015562
0.78064498757582,-0.912834058988379,0.142917851766268,1.23963429624563,-0.835621275733785,0.258038108486287,-0.372623279588311,-1.17186774803028,-1.57194078857727,0.968264082113586
0.329323010914902,0.566942843587752,-0.202734421012986,1.65129544162771,0.688400196969884,0.319145991413921,-0.355061562946418,-0.485078944780491,1.21310905016015,-0.382924494245181
-0.379704304821903,1.59661207959442,0.578714508796283,-0.411730795227422,1.10164312017016,0.336325076238653,-1.07593015830714,0.29978286021804,-0.54398349357423,-0.302143173072209
-0.43441179978114,0.926329805920857,-0.676555990741999,0.809915140686072,-1.00892585952127,1.96447958366874,-0.518588757858583,1.53448640212145,0.644873130918401,-2.11402303049042
0.821811986292519,2.56219560135868,1.15616016953474,0.875335379908396,1.03862530972707,-1.55282982514685,-1.33040749043426,-1.33430187370505,0.168135652217639,-2.50603357128394
0.582106444240542,-1.50680755768626,0.747455463291075,1.02896754489877,0.925823175249113,-0.74544609639931,0.407519376975158,-1.40284591432485,-0.79762852851557,0.864509900161756
0.184681086873012,-0.310610494010629,0.345876100409901,1.03511159369227,-0.157031901644547,-0.403687716210007,0.077846347766634,-0.36559645074981,-0.43342435097505,-2.19079828045978
1.57447804430136,0.0801680020565078,-0.493903313067273,0.437832356745664,-0.453017889477205,0.72818178155611,-0.558890823239178,-0.093818719183542,-1.00932778180705,-1.20388705603688
-0.707059783446127,-0.316768036982978,-0.602530825836092,0.350296730444383,-0.13399346703098,0.856825175822023,1.78156208001297,0.216252562363183,2.08049431300277,-1.01027613523118
0.255107705481852,-0.232526579397486,0.252162817482444,0.523423875712568,-0.137663860121207,0.701793628302129,0.035775828110051,-0.607980260568684,0.20967486941846,1.33571368551645
-0.731779995277058,-0.0637298142685188,-1.46340393200633,1.39355979606391,0.0251058859406245,0.937987104546476,-0.78230728932441,3.17577402482595,-0.209886842486694,-1.5040471101863
-0.234713096823741,-0.267749722510292,-0.558158504909929,0.00716800327748662,-0.143854716880903,-0.184009691227053,1.31919029681234,-1.64624319322844,0.256479133354278,-0.0656730530107795
-0.207868453853053,1.6288647304515,0.299288501921521,-0.198392006148549,-0.464419418144982,0.221668074705958,-1.43888339155358,2.03707668291892,0.49202225453071,-1.16857351157633
-1.41051750759068,1.32687186840256,-0.378026699270925,0.961562427077288,-0.785420937937917,0.894852030038541,0.0634937422335492,2.75523869449957,2.35952443253373,-1.17534243234134
0.493244605465667,0.136334068626703,-0.923943567091296,-0.0116327940412516,-0.449671855445925,-1.05571364587805,-0.3981886212725,0.986947033334379,-0.254581212632288,-0.990544339478045
-0.860318050645938,-0.650644627072538,1.16750885354427,-0.262113072512079,0.739230410906969,-1.80932910801703,1.1747684051312,-1.16856804061234,0.954156795957453,0.603393780654394
0.0465025173902082,2.21442188309464,0.536393918292551,1.77478132074264,1.14476778547862,-1.01981732182116,-1.42385160399878,1.48182583029765,1.63096460846426,-2.41281846933057
0.2843882478365,-1.02955219656055,-0.808614246533886,1.17821799351781,-0.362000630827996,0.623513541192386,0.175743120903873,0.265700991634928,-0.686962512558818,-0.126327655479319
-0.105578690645688,-1.11568474125538,0.701750908320866,-1.18333003629734,0.101103132826283,0.88637614928405,0.443599525715434,-0.680435199999063,0.932749869942156,0.345069728645187
0.744652648055358,2.47613234634487,0.707786455441889,-0.90063111570928,0.256513414152068,-0.133167928322217,-2.38391907402554,0.742946663216816,0.0522904238745289,-1.63740136823835
-1.17728232598778,-0.748040549761445,-0.187755189143403,-0.00674908161100231,0.396230822170972,-1.32055382388521,1.58282868782448,0.301208900378106,1.15823280864885,-0.256090016324471
1.29219221325069,-0.979803523315361,-0.832596419877672,0.37410696697884,-1.9995924485684,1.57160649839627,-2.0012903738536,1.12237682205919,-0.957691444030441,2.23931908726044
-0.0310957511273093,-0.951909886226787,1.89688856348056,-0.00249571205810092,1.72024085026921,-2.18640565653167,1.85265332537136,-2.71855986794563,-0.815208694348151,0.535750755766103
-0.0305279540040723,-0.0608919995961429,0.672905102746843,1.18422137089621,-0.00178179196872299,-0.109590251682573,-0.553337977967458,-0.302864656032052,-1.5231972832635,0.289755761231717
-0.598296057705379,-0.271978143742456,-0.272661211854009,-0.34577287359032,0.879242016897275,-0.898082719698414,2.03529742137856,-0.111959974573531,0.429518141488146,-0.325901523943404
0.321444668127646,-0.317282548105262,1.46624046933388,0.465110661281829,0.40753852733304,0.90998317945716,0.835694436718955,-1.89956430018649,0.68508424134049,2.83291995250132
0.239342623350762,1.74894826164456,0.128140134538183,-0.0835192490472522,0.599325016704165,0.0204827606690978,-1.29989278694531,0.269725911520892,-1.1339513682823,-0.717586923774159
-0.420330293261568,-0.334903774857839,0.574414427442134,-0.0373565132772875,0.722611433289543,-2.22575994571058,-0.51135193821923,-0.0230767441669218,-0.167122279200509,0.862952867760935
-1.53374453403976,-2.3523990108122,-0.907630392315728,1.28229117569139,-0.663876483617028,0.663962709035127,2.96938309012639,-1.71953217742229,0.667251135856485,1.12944278482796
-0.688001270437367,0.99804658763707,0.2118922704258,0.999978406018094,0.354396673534969,0.178407669948906,0.641192002402155,-0.250510036917759,1.10019129377504,0.0261814871127623
0.563424693536644,2.00259688500068,-0.865436593066983,-1.03078604647228,-0.599075889799721,0.602888887882585,-1.98881303137622,1.34998158079919,0.453316742541762,-2.64682605549756
-0.28512111217473,0.115702878880943,1.30882518639699,0.272517325511519,0.566320200413116,-0.00187922364149583,0.910571330414792,-0.973816872293486,0.497990318680962,0.252185609346952
0.42210781743783,-0.609137468998341,-0.287999405503833,-1.76240724809345,0.432225757519128,-0.727054327892992,-0.196450593883203,-0.081153083262242,-0.638163680347651,0.344236338001364
1.55263547764237,-1.6326109630532,1.86952535367914,-0.544391806892305,2.2378313327805,-2.29029465210518,-1.56545015223046,-2.76066173762831,-4.81852423926212,2.61067989966174
0.161643744316309,0.728271199661407,0.0532994134771994,-0.0272290255048392,-1.40732635050494,-0.827084814210883,-0.633074101272398,0.569894205765962,1.40347090195407,0.0210860188909825
-0.0467897867398115,2.01053889776832,0.806354025911879,0.787455420419619,-0.196755927816077,0.0686333677087957,-0.0292408374480136,0.49226986269979,2.15809597100983,-1.51217013340707
1.00765086534797,2.17619162806535,2.06315334781431,-3.0234714374291,0.670611489823718,0.471821442944446,-2.38311465780572,0.595259594385143,0.0606646849541207,0.837456059985273
-1.47435705968827,-0.485336604577993,0.397527276412554,1.07373377932417,0.345377473349994,-1.09414891562483,2.52693052134706,-0.653752335549518,0.417722150617406,0.147311661059722
0.911858582756288,-0.877810599012186,-0.816932924848421,-0.228781165412432,-0.0830754943492813,0.426456784180256,0.682803106268141,-0.119821469111177,-0.340571385476121,-0.643135310111196
0.823080751464143,0.951654300671608,-1.33081366236369,1.00258967253261,-0.262000647674228,-0.291949218035782,-0.662373133553184,1.80553918442906,0.497474452615604,-2.0170992215047
0.403742331799054,-0.282053621886815,-0.400980104513207,0.968157511309272,-0.340200431606604,-0.562349681284574,-0.390295745107434,-1.42891025074355,0.978078414513803,-0.529520889574137
0.605445457944008,0.764191616414725,1.79506319934396,0.748250104697797,1.55808955995513,-1.31547815816262,-1.02940955982151,-0.39788803838279,-0.122366429203132,1.2143235091288
-0.393810751652138,-0.527492227317467,0.135495734664205,1.40686732308035,-0.86210364630591,0.817372186739128,0.402577785107646,-1.44657101236183,0.198093881092678,-1.92652361514098
-0.565369050169451,0.730946802420125,0.404753672678305,-0.229489020717768,-0.307787679321063,0.362240634590529,-0.751927860708382,2.23205560220662,0.664983228041438,-0.497855141786937
0.15395855692191,0.444686269447148,-0.608872399059809,-0.0448221457787633,-0.557503245574081,1.32426744811642,0.70618148833352,1.47128579464574,0.965785241745924,-2.06033569768543
-0.428537275645279,-0.330260262717807,0.501235792445739,-0.255577615462689,0.62089544216664,0.214074097896277,0.308292872430883,0.333288354793437,-0.401453685338831,0.832997293120519
-0.808715434380655,-0.536089595318669,0.28011905045339,-0.20610829026067,-0.0278512439844681,0.316761649491219,2.12530242234044,-1.45364549650925,0.787079334316992,0.713451729503229
0.50781734694587,-1.37336005601117,-0.0658228286701886,-0.344214370555979,0.588316175623685,-0.375697258262812,0.696703941928032,0.234242488349255,-2.22351963246934,0.757724081738688
-0.714030772094982,2.01342390391874,0.658693783869996,0.0374118958668223,0.943892011688577,0.15111941403507,-0.569763293844992,-0.678004239921812,0.215683795714428,-1.7472459429577
-0.660759947308362,0.519127712129345,-1.1546093975969,-1.46653744161414,-0.859935028318077,1.31326788889591,0.518156907060485,0.23943684634892,1.84330349868289,-0.901426125361054
-0.908926570399387,0.0683248536634681,-0.190568648146938,-0.160690341033896,0.319624485506097,-0.130577607694898,0.621607872589171,-0.488295158740805,1.04836038383012,-0.0924605310110083
0.160301027291962,0.395569971958604,-1.15468950648293,-0.225862317256266,0.253840878001985,-1.31943101760817,0.357242093194744,-0.859462451160009,1.84362006077645,-0.152752175473796
0.164424209058485,0.253036602858874,0.249254963939395,0.0464028044731373,-1.69016625380604,1.63511048771996,-1.12372462556854,0.898554884958954,0.183439603711962,0.82087144578014
1.01960573647645,1.10368897095324,-0.569570747523966,0.0421300973867849,0.0141763085522517,-0.802331819862803,-0.794769372569893,-0.65230276006841,0.686961009366467,-1.76944068185552
-0.03356529610533,0.725039875197222,-1.141416073301,0.412050349395765,-0.401212028424913,0.181589210735495,-0.676242389259313,2.02602734336962,1.1231808813671,-2.80854483783363
-0.699240520397981,-0.210178567532523,0.58462033333937,-0.992370116335445,-0.856517091175608,1.01307613795917,1.45334478539168,-0.0290501470584266,1.24810869403047,-0.395251721370516
0.285259503993963,-0.389928183811563,0.0866259625177252,0.464570394170456,0.243377694386413,0.489851157593343,1.03319912670622,-1.79749040681232,1.20508409858507,0.520674763332019
-0.964947698930296,-0.414096676660033,0.235866928108964,1.87107315878578,0.0787078293310717,-1.31927930924819,0.789287400713218,1.37316191094173,1.3953274122609,0.385989559301514
-0.721066140374851,0.303450908740615,1.33201434862907,-0.111808702230236,0.792072226156854,-0.892637094837216,0.101253232466269,-1.25702725390041,-0.815845191275547,-0.188741794412576
0.233937293743838,-0.0129275377393884,-0.650270035738413,-0.79817617595531,-0.328895108114975,0.899800365766329,1.6182432687235,-0.703345406909033,0.987906893303682,-1.13984269016949
0.257173914375642,1.17038570681492,-0.599694960392526,0.741936755078139,-0.318407682949519,0.38117670188069,-0.186696406450838,0.177463398320456,1.19503484842421,-1.92935510630204
-0.758674231130376,-0.487253008604079,1.42658270032779,-0.241488653626213,1.08814991289101,-0.407940418374797,1.31599836545409,-0.98527164835219,-1.12276979159776,2.47737744134746
-0.0827643257592399,0.527616817268135,-2.50511681880052,-1.03027000045296,-2.8031365469522,2.75933733998715,0.14845901502064,1.45585233912091,0.997892717331442,-1.15546658416244
-0.39826559331433,-1.81545271532471,1.59130084840844,1.34646554684943,0.039627506167774,0.186038904356881,1.16534957350908,-1.53775473629181,-0.92008962476224,1.00196828516384
0.154226546897537,0.437500445459524,0.741222013901082,0.94794824892268,0.782609067264876,-0.664434200170902,-1.9867395657295,0.221310676396553,-3.23937053682071,0.464442626657787
1.06384711509772,-0.990772152269751,1.9290827578982,-0.31315410396195,1.70443588531687,-2.07461409394359,-0.949585621962098,-0.911787969986836,-3.75439485554612,1.10566102416506
-0.534559904735123,-0.445965903696008,-0.926849019802459,-0.881998142401933,-0.439746963361905,0.689426444925421,1.34085436983195,0.852619183517652,1.05979481981263,-0.465923788031704
0.68119970029283,1.83691600889369,-0.544649478402475,-0.0186932583742038,-2.64631333748578,1.70557178164905,-1.55675469860897,2.26859874206918,1.73830626940716,-0.439855287347036
-0.28529186528292,0.624090131514692,1.68418832663796,0.338131666311197,0.334471150512477,-0.393617965833551,0.45328601757426,-0.772023962021685,0.798602825222635,0.0211456741150857
0.6689313119586,-0.336528873602872,0.0678746537811954,-0.313923373767576,0.886106894158688,-0.316720692451417,-0.46746518467385,-1.13228478569284,-1.33106372711329,0.682327472640781
-0.0458987382349949,0.678704290639461,-0.259394656888746,0.451512554610064,0.256981599023297,0.511010613218679,0.934387466022378,-0.0290870051346196,1.76885428237008,0.0517559314164042
-1.38576712603461,0.901638935745078,0.523989864536033,1.45729099680458,-0.389193281592543,0.26187924350708,0.932443970206218,1.31775413284928,0.387238034641831,-0.355438832994533
-0.00871653681381184,0.20451865154095,0.402624037574698,-0.523564526698126,0.452635928634825,-1.13140553627021,0.112458721854499,-0.768614682087681,1.45359491387241,0.0368673537673152
-0.453371751745244,-1.46232776294276,0.157940001555908,-1.46139073039281,0.945404044496495,-0.825539486517184,2.54074661864073,-2.54377466998196,0.262253744404189,2.06953512647035
-0.251583946420375,-0.538683048126474,0.70190480220808,-1.03555893458676,0.9901896239683,-0.359788481080889,0.901414389846259,-1.8691130452487,-0.361786709661216,-0.633804338987387
-0.1365257437036,-0.136665218499504,1.26784767478847,-0.734801577362568,0.666072915465932,-0.3425809614911,0.58235426999882,-2.31574926697017,0.321844985542651,2.28178389536793
-0.473272118510668,1.0680076749292,-0.66314062527427,-0.862617212918893,0.830944621173263,-0.675383387162859,-1.72727544169637,2.16213544309159,-0.773851140314623,-0.842735986124403
0.275905425810494,2.25190840920422,-0.0482944464773349,-0.936381629176544,-0.112146372346719,1.02362901386595,-1.9019354185585,1.24050636963639,-0.320124106032717,-2.85314669917567
0.0457950587117282,-0.247608864518482,0.012508884853942,0.850933637717621,-0.195403821066705,-0.280616337787235,-1.02874453017991,1.07402818708478,-1.377969692476,-1.27171155572404
0.704746255949231,-0.67492038428975,0.414299288668201,-1.32796084893829,0.289990518877467,-1.20408265349321,-1.35520742761584,0.431741685811547,-1.45540483193459,1.09665938657121
0.060125788572187,0.735346170412733,0.0480324450697443,0.0591282740122516,-0.618692599454904,0.561410764228151,0.137260515641748,-0.422197017924764,0.0202079843573825,0.433876375620925
0.621375475332929,-1.09114268426165,0.327891838990812,0.0633932476363034,-0.550945317713108,0.784830947452435,-0.656489391850555,-0.552368842987027,-0.810261094896336,1.90308506499243
-1.4774351383726,3.10300566904789,1.75603563097125,0.549165251522413,2.17891882821697,-1.10426959705284,-0.77704433207434,1.12769595646559,1.23741286333312,0.129060748322576
-0.0238400101177463,1.24956049119716,-0.285000365303896,-0.096525307746576,-0.0681210982117378,0.0044422144829304,0.322545564470425,0.836697121009443,2.79661201831796,-1.10116336550833
-0.0673213362771947,-1.62147470695993,-0.639116487480047,-0.447914099119341,0.281164164565971,-0.0336752169165304,1.25838241765061,-0.13868750083882,-1.17391925227761,0.441682572107721
-0.0764771109580938,-0.50087573952575,-1.36683610725549,-1.56154645792352,-0.0349809243926705,0.210408650800999,0.864640976670935,0.429903447672198,1.28991219775477,-0.73243931649714
-0.268226172663542,-1.61591368736339,2.05587639586644,0.484896365772763,0.885678547073475,-1.37201271848489,1.18702742789051,-3.51213642165342,-0.692510762797293,2.84923561777037
0.0179137258054047,0.689967991312244,-0.860593707008508,0.0599830957394405,-1.62427612403799,1.37017163494731,-0.113864686679984,1.85797876673369,2.27570185520033,-1.63623822478944
0.2797730455297,2.25138762723289,-0.0349038056918788,-0.368845072551404,0.564483052163885,1.14491848988053,-2.25572748463605,0.83379448563659,-0.404582091255928,-0.246364104687066
0.190108375428091,0.166137088634996,0.376173741261907,-0.60704896955469,-0.0514422365586507,0.116391610605762,0.642112490989342,0.0689138661201654,0.509979227512487,-1.15764295713124
-0.697329340905612,0.406318662821366,1.53360095028963,0.361291919579628,0.234997822156102,0.741264162354469,-0.260213418306924,-1.12214288657761,-0.237237371123336,1.54835618394811
-0.107379357010963,-1.02489908288344,-0.696604965067899,-1.02233789861909,-0.850747680332511,0.435820688408364,0.424269966387504,1.44839867411392,0.279401955730563,1.1341270530462
-0.24318993347272,-0.777171348738022,0.956382982715972,-1.558526163512,-1.11167553935784,0.843083665476327,-1.0284627271033,1.20243669492546,-1.57671300812989,1.32310450965624
0.434276419563561,0.392583388953092,-0.325842537633518,-0.32425259331407,0.128087316425131,0.879285109532166,-0.305535097505024,-0.612589947155041,0.245640655530381,-1.26546493451512
-0.443784722290722,-0.74536649676656,-1.84215515390542,-0.467074641560605,-1.09188286517753,0.679798000010701,0.624371748571037,1.13511117960133,0.80356403192958,-0.46692795535035
-0.767801263028672,-2.44263447645088,-0.221497830452261,0.379255617201181,-0.610663170803683,1.12573568124179,1.08644876369024,-1.67648937171245,-0.223825167592685,2.06713306815003
0.167303769455814,-1.13775570905617,-0.117147630135213,0.726399360610262,0.022377111196846,-0.134350426233156,1.74999808814336,-0.764141761761642,0.936914656239055,-1.36140058020482
0.0584886702512849,1.03639907243549,0.122472998300593,-1.86132243094999,-0.513291544112322,0.86260271091937,-0.743625896121221,0.938587783881617,-0.0841491111095182,-1.08810426769469
0.530201588297275,-0.400794000818112,0.797787048061144,1.70489164788372,0.481210010825163,-0.404402999158917,-0.784576837197379,0.414756040862593,-0.7223204325871,0.669562195947033
0.878845582993896,2.43712311491269,1.8851825247556,-0.554371292283228,-0.0485097313254525,-0.767579669919645,-2.57403352143297,-0.0805986190611273,-0.261094248916158,0.795859688858863
-1.0232406421842,1.20327093584268,0.481576717206962,1.14206007294643,1.3699514770276,-1.41081609785863,-0.201351129768358,0.0344978303796553,-0.144052974269198,-0.760325818390671
-1.20406789612939,-1.0391732521166,0.719290212381675,1.05225572054683,0.316503075607994,-0.765823212070187,3.37833971266818,-1.30831068146471,0.430891660339132,0.0127069138716355
0.96092297727797,-0.484108568665246,1.47861197373138,-1.74881569862371,0.772611438474027,-1.03618082140613,-0.133593103229732,-1.22775782075277,-1.38639779058451,1.84106765766892
1.27881301985119,1.26232578965437,0.893426249084771,-0.954884347524544,0.370344557902578,-1.39969767083014,-0.767719482951855,-0.280906749690023,0.676124325382082,2.68912066144757
-0.318941265735357,1.34370074567745,0.0822120233781758,1.7070809319678,-0.159071593707302,0.0699919677805943,0.0889857066441292,-0.0901738386541272,0.781957396725696,-0.567553482318421
-0.721180704733735,-0.111517315084474,-0.471976031671258,1.16350487759599,-0.778538515582051,0.689386725161568,-0.191893919175484,-0.204357183740021,-0.327744618903988,0.760699475481194
-0.0865595348676224,0.467666495752507,-0.0242287607555966,-0.14442938260685,-0.143248434868354,-1.14272519026868,0.348995169724097,0.301704528957269,0.782001413674668,1.17382495454423
0.8256227036896,1.75556447181261,0.139587968810256,-0.161037309443535,-0.378209490645171,-0.259888161225747,-2.59349822371524,2.38513931791292,-1.37954255743818,-1.02417000282759
-0.887830212125599,-0.0736488160510096,-1.36260843919565,-0.072571540313349,-0.218182308777454,1.29484208953593,0.874806104895402,-0.870523744167686,1.02001325627722,-0.490731532586925
0.176356009846223,0.17600966268898,2.06888013892151,0.0926760667050532,0.586660942971656,-0.427430124569675,-1.21089815834721,0.421536966384362,-1.29055811563815,2.4264719461311
-0.0566890196768712,-4.58706180164582,1.06432739511864,0.351102208709905,0.113496841897787,-0.720693428941115,2.008756752488,-1.28625736603102,-2.33149560529674,2.60751561077739
1.02858256831001,-0.137375643895867,1.17108366937991,-0.209896445243183,0.289274128185809,0.386241969897466,-1.2054949620321,-1.33085661993346,-0.996539760450047,0.212019626334623
-0.314952831224947,0.751675841814854,0.576001935599682,-0.775223116632647,-0.740182170387286,1.63783983841988,-0.528773221881925,1.42242165951908,0.0254658960689148,-1.64653618291271
1.12910736902453,0.463057680881867,-0.214710562266797,-0.166218514107157,-0.535070645317939,0.230120947617568,-0.907436647009754,0.440288917575885,-0.472577305571806,-1.59843525770879
-0.673444220183283,0.18002684209212,-0.260956791084309,0.99958079923206,0.362573059214188,0.101399251977136,1.22896858548411,-0.3429430404073,1.21354791791608,-0.521382826585747
-0.404611430912476,1.09404115506862,-0.528175273095613,1.2720033779225,-1.46377874608771,1.19849599163719,-1.00452600910866,0.886301188652924,1.13579866435225,-1.75738295057366
-0.324077370468832,0.0551509672340073,-0.420827205331136,1.35256311380264,-0.407205856545848,0.062213962081182,1.03000264509282,0.640914723927723,2.02315318909414,0.439371760754235
0.656907918446539,-1.15429393155491,1.77874941722166,0.790587227429414,0.208725201121595,0.566743683525634,0.639013869726145,-2.42385690914934,-1.09352574121146,0.703496061995315
1.2193235058793,-2.02305554974537,-0.377604641925668,0.280868986435014,-0.333631969143694,-1.43260610272138,-0.475698255935256,-0.824290189204514,-1.9508490986096,1.69519683811961
-0.972426497157285,1.83057271348044,0.0366036790945151,1.13818251068676,-0.0696925800656665,0.688263467081843,-0.543707341781555,2.4417703093218,2.01642422251602,0.0324486118069209
-0.216260143273224,-1.20183171315844,1.0083873202062,2.39894627652891,1.14037244326562,-0.0277512149342371,1.10786782773852,-1.48727166042198,-1.61959791040428,2.36031600696813
-0.73865646724589,-1.74900024961722,0.305746126427282,-0.844692077417046,-0.647780187300085,-1.08011112160552,1.44510337778449,-0.533461047842582,0.254950709308359,0.538439831355651
-0.778708070065286,1.50660077314264,-1.28241780644587,0.456149589015121,-0.11511805145034,1.36917806303103,-0.620156249907255,1.94890246240343,1.134744002957,-2.50119034883525
-1.36253676514519,0.74080925576902,-0.813398527743771,-0.358406529628077,0.809631205448927,-0.247447042662082,1.42471174922516,0.379260830202014,1.12075678922628,-1.01084157584397
0.211689232864804,0.679295522317852,0.716974771430628,-1.881322644613,-0.349989991730881,0.309032358035906,-0.953954143997941,-0.855649691782256,-0.131381595203047,-2.54445264324439
-0.44975133927679,-0.833877986440274,-2.07493120688623,-0.277745371633938,-0.319899984737037,0.798318134253831,1.3966432895345,0.00393005291236545,0.133563903808606,-2.07273584974052
0.348901823719223,-1.34116714678576,-0.254025625163909,1.00205454583862,-0.393559313152098,-0.0802258817718428,1.70052757476202,-1.73431383250766,-0.737767945371836,1.93026184820083
1.09265687519627,-0.904925521946313,-0.560063847624564,1.06402069013723,-1.07904663651538,0.53372115555929,-1.38290568176409,0.0155972811477285,-1.43981963904872,-0.837616732879985
0.237263721034239,0.00358235293606054,-0.451868982529128,-1.19980126888116,0.222481073855974,0.0612688345236353,-0.261992220101373,-0.634412190208234,0.473695221436023,-0.471102260163813
-0.732095370235766,-0.961919805224852,0.266260035472081,-0.375367195928186,-0.609560441612932,1.13572967304298,1.94429519659182,0.195530679390143,1.87851880512414,-0.717733239115665
0.709847876269882,-1.26874190267167,-0.0953571161018428,-1.56694315275361,-1.18890012981598,0.272184038577507,0.657588399840189,-1.08568326322696,0.340688242305219,0.608617503273569
-0.0126041322474102,1.97565513802354,1.19952690081463,0.308191713284613,1.48207495768208,-1.11498504493196,-0.438185142449653,-1.66923477448473,-1.72345069769876,-0.404785233354132
0.569457063497699,0.0329047355081953,-1.1455592650095,-0.8314694811293,-0.079800482330954,-0.410274585424753,-2.91111714558582,2.39559344009831,-2.14923529772206,0.0384699134381876
0.0553562777310357,0.618319603813381,-0.593309913408939,1.86434158500186,-0.357768935557969,-0.110958016751754,-1.3088327618712,2.41248881305339,-0.677725708190465,-1.39303505561502
0.270787134924763,1.2760143329673,0.571956699702434,0.906935566830578,1.1910006453366,0.295581419234654,-1.10698097720863,0.588329847094417,-0.521191421304968,-1.25171956607522
0.5366653491913,2.48820232438154,0.69044792091224,1.456671738919,-0.0356484982331871,-0.879880586015544,-2.23977174099496,1.27767158484493,0.402657688408237,-1.68830592823694
-1.12731863381111,-0.00902153152146778,-0.194109243786193,0.418762934703614,0.581621882698819,-1.31672446845021,2.65280316257199,-1.37231964586216,2.01901747307218,-1.4865239383286
-0.204314385234194,-2.35105973821246,0.348368792375123,0.761212207450261,1.16704439087539,0.155709983309665,1.90375671513103,-1.76885048627718,-1.50365797899691,3.65238909405461
0.165565866005141,-1.36826818013957,-1.08860050099293,0.0694535458315596,0.326925152494747,-0.70340746934249,0.73756537130203,0.59932022650259,-1.69969381496802,0.281891984781743
-0.987916880545242,-1.25718136701164,-0.472976322060637,0.234834390367586,-0.763216358942696,-0.110483364552442,1.86154152786936,-0.304967065969481,1.627769753739,-0.721113980858701
